时间秒	晶中温度K	设定电流	电压差V	κ	时间常数
1685	1.958017697818839	1e-05	-0.0019828988263150826	-0.0009451846625392016	2
1767	2.1233403146141017	1.5606988084537356e-05	-0.003887563543544692	-0.0010629076798683763	2
1850	2.1820311731901847	1.7396013061323745e-05	-0.0037754336002222555	-0.0013272362508818527	2
2141	2.322370531118546	1.9675948784156293e-05	-0.004017736382261994	-0.0015505400165470085	2
2223	2.414336371904003	2.2377229474815455e-05	-0.004683659768641268	-0.0016738624158873414	2
2305	2.456353633660709	2.3570836574939117e-05	-0.005009824997486145	-0.0017172136545610308	2
2596	2.5335820667997573	2.4006291208594145e-05	-0.004485563007536664	-0.0019798343349662975	2
2679	2.630605762652408	2.6802167348810694e-05	-0.0050859377029783825	-0.0021272793773507172	2
2761	2.6769857609668826	2.8102031850780205e-05	-0.00538672624660097	-0.002187122329975787	2
3052	2.75806147998094	2.8630477700852594e-05	-0.004932681273752237	-0.0024677934205455435	2
3135	2.8639531722173155	3.1617852325192526e-05	-0.00517297665894656	-0.002815077166627835	2
3217	2.9534560503659057	3.409631203411623e-05	-0.005898332220001468	-0.0028298218125631432	2
3509	3.026029131553486	3.443404885307093e-05	-0.0055159781523874685	-0.003077542962864826	2
3591	3.1290214768104008	3.730045216592536e-05	-0.005880366406606274	-0.0033379208036470993	2
3674	3.1956760228166314	3.913354366449999e-05	-0.00623075647778526	-0.0034371287941263257	2
3965	3.2863500465194213	3.9885593745615325e-05	-0.006053259087341445	-0.0036613248861859255	2
4048	3.3906356145055057	4.278097501297688e-05	-0.006644762505575663	-0.003789155855551399	2
4130	3.4282267821625143	4.379657963071601e-05	-0.006877675741988831	-0.003821712000531238	2
4421	3.5025085938781286	4.4070562606222186e-05	-0.0067978310636593875	-0.003908468501489315	2
4504	3.5818937205252475	4.6268416192487745e-05	-0.006806524193098795	-0.004266982330907958	2
4587	3.664572924150188	4.854484957664119e-05	-0.007261202713741977	-0.0043672433140428644	2
4878	3.758914435773355	4.9312849834457436e-05	-0.007281112547429469	-0.004480554639623451	2
4961	3.852246136258757	5.1888895470395096e-05	-0.007662620167796508	-0.0046751205026050935	2
5043	3.900716437428975	5.322295382423062e-05	-0.007938181107413733	-0.004728187688133482	2
5334	3.9850976658972517	5.3635417940549604e-05	-0.007198585548140013	-0.005286690952223332	2
5416	4.175214648751098	5.8875316538039874e-05	-0.008014938257777438	-0.0056382488550312275	2
5499	4.262612021642533	6.12474956589849e-05	-0.00866651352688752	-0.0056090099916972	2
5790	4.333798488876249	6.12733037069863e-05	-0.008897723662318224	-0.005464897216580468	2
5872	4.387692430470466	6.275220425585111e-05	-0.008608047187599777	-0.005903863463587025	2
5955	4.483057235907559	6.533919980473171e-05	-0.009145267547464364	-0.005988568417937074	2
6246	4.581074801303732	6.600437896500497e-05	-0.008677667344775042	-0.006428163370845354	2
6329	4.765360761531447	7.100033045102745e-05	-0.009621602148955244	-0.006638401713381805	2
6412	4.822807365198071	7.253135523148118e-05	-0.009765891642424585	-0.0068049285234476915	2
6703	4.9371898334010895	7.354598372088138e-05	-0.009290212074187565	-0.007338361325233472	2
6786	5.153755736986059	7.930987059120395e-05	-0.010642101032375617	-0.0073718439893615505	2
6868	5.176557829372337	7.990880690820751e-05	-0.010605484792999942	-0.0075017507728008205	2
7160	5.284797979210748	8.065113389174071e-05	-0.010590541957726796	-0.007640490398227204	2
7242	5.431477036514532	8.449372430560997e-05	-0.011282929859567137	-0.00782217640162614	2
7325	5.480177901874949	8.576035644999987e-05	-0.011459553228533093	-0.007918708463764306	2
7616	5.589005276355078	8.637256213955826e-05	-0.010858909196195476	-0.00846571454714818	2
7698	5.835729947343584	9.269317206414459e-05	-0.013278372451124287	-0.007900383842968841	2
7781	5.728074883232493	8.995811859958887e-05	-0.012121346126860555	-0.008183454884922973	2
8072	5.874863297629631	9.13755449752647e-05	-0.011947552287070451	-0.00854650030679078	2
8155	6.096572009280459	9.697226221054907e-05	-0.013650524559330357	-0.008360307904864611	2
8237	6.0683764467609835	9.627862376085882e-05	-0.012853261752609146	-0.008760419849492202	2
8529	6.2557712420876435	9.850997631209737e-05	-0.012886282222945855	-0.009118473260543176	2
8611	6.4960610120794	0.00010441559955086167	-0.014847295752532297	-0.008827556492014567	2
8694	6.442054395078637	0.00010310760471806257	-0.014337296756667062	-0.008927802309868981	2
8985	6.5675811782910865	0.00010361104451316442	-0.014456743386640714	-0.008932280064695325	2
9068	6.729748485043901	0.00010755033842386255	-0.015489263744855819	-0.0089418763629956	2
9150	6.742403541987258	0.00010785427389736682	-0.015258935107590688	-0.009124634529960877	2
9442	6.901816702809523	0.00010897232371507119	-0.015305021647474604	-0.009272113690447963	2
9524	7.11522622072021	0.00011403342735589652	-0.015525996293149547	-0.009954707388129537	2
9607	7.306945480201522	0.00011847736270892028	-0.01697596875252394	-0.009783609325131093	2
9898	7.394385514993894	0.00011772021171882394	-0.018113217900196155	-0.009056250046568504	2
9981	7.38269022835526	0.00011745679406310258	-0.01694301329405512	-0.009641422450112675	2
10063	7.543170978979523	0.00012117352197314784	-0.018060334217820717	-0.009590419986684924	2
10354	7.669878021262022	0.0001210792587985232	-0.01855562560709334	-0.00931799484215598	2
10437	7.789486417520287	0.00012380803804000682	-0.018591754663682458	-0.009698559040282145	2
10520	7.906751190944846	0.00012647524808979672	-0.018643744554348807	-0.010068037320963251	2
10811	8.152585419842087	0.0001290196491201737	-0.018304025881776376	-0.010643105459395914	2
10893	8.550316531901412	0.0001377816586414956	-0.02135324884911949	-0.010326842192692498	2
10976	8.478252659988081	0.00013622859910467514	-0.020191265897629762	-0.010690182300004698	2
11267	8.737074488569357	0.00013851454485458895	-0.022691425248555497	-0.009812115750868627	2
11350	8.704832380400862	0.00013780511216815257	-0.020249332042552304	-0.01089001006440878	2
11433	9.047854642352714	0.00014513120963008735	-0.024296182980832803	-0.010008282817950206	2
11724	8.943950733078967	0.00013953804280480067	-0.022435889157564226	-0.010059235421331723	2
11807	9.19036237040802	0.0001448150823623358	-0.023273037007649933	-0.01040180684334324	2
11889	9.320022290741566	0.0001475638837202871	-0.02378870113180742	-0.010543744065241287	2
12232	9.544617043631124	0.00014872621417589914	-0.025611993815342515	-0.009936089727844578	2
12315	9.598215231023662	0.00014984788397793633	-0.025570254206461307	-0.010094470463357891	2
12398	9.658368003992953	0.0001511011874855005	-0.02430239537688017	-0.010789426383756186	2
12741	10.090227535446735	0.00015628889548317042	-0.02477461047084084	-0.011277235712126622	2
12824	10.577185745519717	0.00016607393055926366	-0.029571146431724316	-0.010598548322235725	2
12906	10.347907520182133	0.00016152663415408135	-0.0284173841556985	-0.010464482033480691	2
13249	10.478870068180733	0.00016026137119934562	-0.02685114617539419	-0.010906603827648575	2
13332	10.951820193790567	0.00016967434215076643	-0.029920195041269082	-0.010904776176754356	2
13415	10.977189897791211	0.00017017771896660856	-0.030927314736093336	-0.010609619083800141	2
13758	11.068127245052253	0.00016788052758253888	-0.027985552816672588	-0.01142181107118697	2
13841	11.726318484440474	0.0001805901624917054	-0.034054716558272524	-0.01077927033922364	2
13923	11.488908372765717	0.0001761027598967641	-0.03177334715692748	-0.011014579824192405	2
14267	11.796912065595066	0.00017778511086401257	-0.034176637019877276	-0.010422383801179182	2
14350	11.890379796348007	0.0001795078340592935	-0.03424460038108279	-0.01059354456566503	2
14433	11.971992855263387	0.00018106730528724953	-0.035286837842530616	-0.010451067951609423	2
14776	12.150400449392334	0.00017992286181582403	-0.032906046736405514	-0.011067961405985252	2
14858	12.800043783726753	0.0001920406433908991	-0.039583338094268505	-0.010414179145772277	2
14941	12.520566227280511	0.00018688807966360776	-0.03938040308265478	-0.009940577712035038	2
15284	12.536295911821114	0.00018234177584073083	-0.0359944142948585	-0.010373446716468702	2
15367	13.109500356553768	0.0001930213087714949	-0.04044777038313896	-0.010286552721350792	2
15450	13.0951271833054	0.00019275009200295072	-0.03997567255856538	-0.010380409183734946	2
15793	13.413182512250582	0.0001936124746367077	-0.03861045900090154	-0.010834310993894114	2
15876	13.769134442518961	0.0002	-0.0431104723044502	-0.010322882590039753	2
15958	13.770150465487632	0.0002	-0.042181498697122066	-0.010550152169684827	2
16354	14.059535794872707	0.0002	-0.04352854533333428	-0.010219180126365286	2
16436	14.067700166650475	0.0002	-0.0449322831612573	-0.009899849949836222	2
16519	14.065802917422516	0.0002	-0.04444856732918723	-0.010007625305572114	2
16914	14.378671284504236	0.0002	-0.041955988328878036	-0.010597147766245688	2
16997	14.387888616086009	0.0002	-0.0441849144268911	-0.010062439336295512	2
17079	14.387005162258887	0.0002	-0.0457978963322514	-0.00970804709837517	2
17475	14.725800323048563	0.0002	-0.04665669052439725	-0.009524593780770332	2
17558	14.733775191397655	0.0002	-0.044839896410968194	-0.009910423412381046	2
17641	14.732975797295913	0.0002	-0.04409254537408991	-0.010078399884374385	2
18036	15.099310229924534	0.0002	-0.04385719412506717	-0.0101270687115422	2
18119	15.105626778428508	0.0002	-0.045951260551808204	-0.00966549340032246	2
18201	15.104598601545808	0.0002	-0.046951786094282966	-0.009459543036512525	2
18597	15.500261693994702	0.0002	-0.04455109556212733	-0.009963651057267155	2
18679	15.505282023376612	0.0002	-0.043369438233238355	-0.010234965466068835	2
18762	15.503642057196203	0.0002	-0.04600334325361999	-0.009648986073747387	2
19209	15.928939199669458	0.0002	-0.044570780038386104	-0.009953212225990547	2
19292	15.93396206997707	0.0002	-0.0437545462430915	-0.010138792356235299	2
19374	15.933127129374594	0.0002	-0.04789103552676366	-0.009263004115918273	2
19822	16.385731840316964	0.0002	-0.046088678344537115	-0.009619267692724998	2
19905	16.39426067794079	0.0002	-0.04765558167279771	-0.009302853719086152	2
19987	16.38980092649929	0.0002	-0.049365765351184976	-0.008980608124803604	2
20435	16.87676556598814	0.0002	-0.04630113186790297	-0.009568832132743847	2
20517	16.881687088063472	0.0002	-0.04631150907247239	-0.009566539727882547	2
20600	16.87670563690351	0.0002	-0.0472549286411752	-0.009375604673201381	2
21100	17.40082487324826	0.0002	-0.0489946017670011	-0.009036537063930088	2
21182	17.399551698940435	0.0002	-0.04781370055259693	-0.009259593147637128	2
21265	17.395605272775136	0.0002	-0.050481383050144046	-0.008770332198708186	2
21765	17.954810545952704	0.0002	-0.0496680994868921	-0.008907619368781369	2
21847	17.95165818155337	0.0002	-0.05260669253708983	-0.008409991665757637	2
21930	17.946195485167532	0.0002	-0.04937523172953817	-0.008960413468506838	2
22429	18.525280512667376	0.0002	-0.053790735594295924	-0.00821907877844456	2
22512	18.52509540830723	0.0002	-0.04789912805049745	-0.009230000152276437	2
22595	18.52599444463806	0.0002	-0.05042205406545186	-0.008768191121807644	2
23147	19.166780808430936	0.0002	-0.05294514137768935	-0.008343821297003017	2
23229	19.15380701789585	0.0002	-0.05565038332829175	-0.007938274911673652	2
23312	19.15503112606165	0.0002	-0.05492566368683782	-0.00804305222998815	2
23864	19.825020634800538	0.0002	-0.05053814697947878	-0.008734517127809274	2
23946	19.804140833311415	0.0002	-0.05781541773269794	-0.007635179588961879	2
24029	19.809919595815423	0.0002	-0.05368304172207772	-0.008222879126062219	2
24633	20.523514848830764	0.0002	-0.06062078846443342	-0.007276024551524654	2
24715	20.50059000021104	0.0002	-0.05386758222570798	-0.008188337118080166	2
24798	20.51023852218986	0.0002	-0.05655623094487261	-0.007799003997100491	2
25454	21.263478620294364	0.0002	-0.056669617413401596	-0.007777086578597134	2
25537	21.23953301006314	0.0002	-0.05808296399440849	-0.007587965150029675	2
25619	21.244139408494092	0.0002	-0.06392895252782793	-0.006894063346465008	2
26276	22.040163182957777	0.0002	-0.0668676025458872	-0.0065856755115124965	2
26358	22.018300476933508	0.0002	-0.06381560526326524	-0.006900763103057143	2
26441	22.024545858976268	0.0002	-0.06273303708363187	-0.007019796873741681	2
27149	22.862698254081515	0.0002	-0.06590599046571555	-0.0066762985745414645	2
27231	22.84586237035834	0.0002	-0.06816989849630417	-0.006454683910433801	2
27314	22.84649927658763	0.0002	-0.06979864301101912	-0.006304030786537428	2
28074	23.72926457878074	0.0002	-0.06995114442553785	-0.006285015557793995	2
28157	23.71380930720732	0.0002	-0.07077012671535954	-0.006212392132181679	2
28239	23.710734095971482	0.0002	-0.0793212540562358	-0.0055426795936471575	2
29052	24.642560709821527	0.0002	-0.0782548357236088	-0.005613468437292658	2
29135	24.630608574771745	0.0002	-0.07188068380713375	-0.006111273370446201	2
29217	24.623355447630225	0.0002	-0.07346452340032883	-0.005979563929193526	2
30082	25.604035466962987	0.0002	-0.08646393516725226	-0.005076271048165716	2
30165	25.591549787025826	0.0002	-0.08451808765692093	-0.005193222366574194	2
30247	25.58507615861894	0.0002	-0.08493312057427005	-0.005167888960540202	2
31216	26.615415123668896	0.0002	-0.09714708164115038	-0.00451429944977611	2
31299	26.607845265533136	0.0002	-0.08357747334437349	-0.005247309056508156	2
31381	26.599771109492856	0.0002	-0.09257315525762166	-0.0047374209292049925	2
32402	27.68139344134378	0.0002	-0.09950590017836447	-0.00440363983054821	2
32485	27.68184270480774	0.0002	-0.09062858618527514	-0.004835036332843017	2
32568	27.674344218776618	0.0002	-0.08798121801299885	-0.004980559959231964	2
33693	28.804118477051098	0.0002	-0.09202559573898483	-0.004757678457652436	2
33776	28.80626959159602	0.0002	-0.10459204911491327	-0.004186082004368837	2
33858	28.80348705053284	0.0002	-0.09745155211152579	-0.004492822124566416	2
35036	29.996315165727122	0.0002	-0.11233924706826315	-0.003894176703304512	2
35118	29.994473546290408	0.0002	-0.10195622481370137	-0.004290766089067772	2
35201	29.9871727676045	0.0002	-0.10646648008390969	-0.00410902958616846	2
36326	31.217480309947376	0.0002	-0.11652401724932204	-0.0037513943229805975	2
36409	31.230794663457544	0.0002	-0.11377863306484315	-0.0038419161860634952	2
36491	31.218045948273858	0.0002	-0.11345956100391419	-0.003852698190722947	2
37929	32.50917102295965	0.0002	-0.1344028783623763	-0.003249796259737465	2
38012	32.51816162129289	0.0002	-0.11200513482254948	-0.003899686355380058	2
38094	32.49862548180072	0.0002	-0.1307996395190294	-0.003339339093029032	2
39689	33.86389659452242	0.0002	-0.12668771751803476	-0.0034450229710537633	2
39772	33.869478675002036	0.0002	-0.12591078165129588	-0.0034662659946683616	2
39854	33.85794578343105	0.0002	-0.12124141433968916	-0.003599776731218219	2
