时间秒	晶中温度K	设定电流	电压差V	κ	时间常数
99	0.9364348543111906	5e-07	0.04260846343358615	2.4245158443937185e-07	2
145	0.9153070902141398	3.2043584542419526e-07	0.019591632133584835	2.3043709907474693e-07	2
191	0.9105177663131487	3.0284806828375823e-07	0.018045019954956554	2.253683741186859e-07	2
298	0.9047577154054374	2.9823949059047774e-07	0.017888653100788687	2.218344155686698e-07	2
344	0.9036926289099901	3.022664891145465e-07	0.018468398293427613	2.2070539253582543e-07	2
389	0.9023016487956182	3.0150121004236635e-07	0.018536262669671788	2.191089104501702e-07	2
496	0.9001170715308632	3.0018683772218924e-07	0.01842995450129037	2.188870868778172e-07	2
542	0.9002822744652073	3.071410309698131e-07	0.019422145525047063	2.170726175572125e-07	2
588	0.8995916613045906	3.0612412670675754e-07	0.019097204073486918	2.1941938447880954e-07	2
695	0.8990737842471868	3.076953889854562e-07	0.019565729974759583	2.1644807666979577e-07	2
741	0.8991764193183142	3.13094856616612e-07	0.019789705880781217	2.2124793680488777e-07	2
786	0.8995104390934399	3.167810809342735e-07	0.020988832892736564	2.1322346274363874e-07	2
893	0.8985082123283379	3.1122040563665277e-07	0.019635587522906395	2.2043101708086955e-07	2
939	0.8997082243601975	3.2392445494839004e-07	0.02182691494570277	2.1395117819672268e-07	2
985	0.8989908460496358	3.197754959019798e-07	0.020553906065684524	2.2177024755472016e-07	2
1092	0.908699408721497	3.2530865636706876e-07	0.02125209995146471	2.1982097235353585e-07	2
1138	0.9094203645572163	3.334931877328993e-07	0.021510091489539307	2.2759100537964293e-07	2
1184	0.9100040831965119	3.398271789364072e-07	0.022842857916282044	2.221085369157014e-07	2
1291	0.9524682496746542	3.3602776474008055e-07	0.018444371005540305	2.59861727897377e-07	2
1337	0.9558980601821961	3.789048461469174e-07	0.023008834086215568	2.615627604960884e-07	2
1382	0.9562780046055819	3.8253376524186186e-07	0.02379526349708183	2.5753275706019355e-07	2
1489	1.0004161134759235	3.7976194026358453e-07	0.01945873819669519	3.0018568037307465e-07	2
1535	1.003788593049959	4.2720435486993596e-07	0.024514343206383682	2.9798434449245046e-07	2
1581	1.0039069184907983	4.2816100511261185e-07	0.024857338303606258	2.9523609130541064e-07	2
1687	1.0501159254323453	4.26148899104407e-07	0.020923684028997913	3.3612648557285086e-07	2
1733	1.0534428754760796	4.737165033193834e-07	0.02545685130416353	3.379535283014309e-07	2
1779	1.0537022528465125	4.774109684537677e-07	0.025957083805932202	3.363826907728047e-07	2
1885	1.1022883118738003	4.764755978149818e-07	0.021960496429739074	3.834509430729591e-07	2
1931	1.1058022018867106	5.297737764141603e-07	0.02691066572242229	3.830058265878101e-07	2
1977	1.1058202005797244	5.321071644847157e-07	0.026939015653468124	3.858276956097878e-07	2
2083	1.1571505785954161	5.341695347424346e-07	0.02338301358607886	4.336717111523579e-07	2
2129	1.1605694507419702	5.897859113079135e-07	0.027973741844793842	4.38020221005831e-07	2
2175	1.1610193158680286	5.953668265051838e-07	0.028434959853216313	4.3865537690110726e-07	2
2282	1.2147823960207216	5.961064792605401e-07	0.02467104184050406	4.912033245234471e-07	2
2328	1.2184241108401286	6.565839565392835e-07	0.02933942272191281	4.968900142057259e-07	2
2373	1.218883090391415	6.631696670323903e-07	0.029909487728433826	4.967614194799897e-07	2
2480	1.2756086660978085	6.634074365407104e-07	0.02585694324798382	5.576442175502897e-07	2
2526	1.2794808244653697	7.31385865619626e-07	0.030976390773544304	5.611170107250722e-07	2
2572	1.2797780462099806	7.366920356001905e-07	0.0313662929278562	5.61852983201311e-07	2
2679	1.3395605313828163	7.374102949512811e-07	0.0272301549710372	6.292144428414662e-07	2
2725	1.3435890334871654	8.117711419031981e-07	0.032514561342131376	6.336012748553513e-07	2
2770	1.343907495325209	8.177943898939638e-07	0.032879038190383625	6.354958302736838e-07	2
2877	1.4071362283350717	8.192831877319821e-07	0.028800373652689393	7.069729094341806e-07	2
2923	1.411141516405133	8.986262476931805e-07	0.03409880874456328	7.130947380415262e-07	2
2969	1.4116420769128208	9.05844421093283e-07	0.03467540965621052	7.120294041804861e-07	2
3075	1.4781315425932298	9.054968242616685e-07	0.030293730960983645	7.914215779747405e-07	2
3121	1.4823367852276355	9.923144528569686e-07	0.03595305841824903	7.95212959457631e-07	2
3167	1.4825800173210388	9.98205972385058e-07	0.036201085287644874	7.988030201923306e-07	2
3274	1.5528522857910259	1.000686719257457e-06	0.032059328838465184	8.812361275608055e-07	2
3319	1.5571200711609676	1.0923312034350701e-06	0.03742235812102557	8.937159172370483e-07	2
3365	1.5576673015043592	1.103626655994345e-06	0.03826296772159177	8.914898959148584e-07	2
3472	1.631438823118681	1.1027225930900455e-06	0.03367468663114792	9.840030550315196e-07	2
3518	1.6361077185353454	1.203490198534915e-06	0.039410910908704855	9.952711442801561e-07	2
3563	1.6365569489620104	1.2141221649567162e-06	0.03992839811152615	9.99083486634354e-07	2
3670	1.7146177070780988	1.2168849236817558e-06	0.035463485006331785	1.0999198218642172e-06	2
3716	1.7194169174725227	1.3261160175016392e-06	0.04161643875576759	1.1064773696509913e-06	2
3761	1.7197166643313992	1.3340489946815457e-06	0.04224977251873696	1.1024740473747742e-06	2
3868	1.8016120813222443	1.3319327830211535e-06	0.037087148214916654	1.2198152269952075e-06	2
3914	1.8068534837361612	1.4544136905230652e-06	0.04361082457645726	1.2296612735131087e-06	2
3959	1.8072721910981455	1.464563378399302e-06	0.04427652261306281	1.2275264570947741e-06	2
4066	1.8935848355433809	1.4636552113195746e-06	0.03945120254087042	1.3413951234711055e-06	2
4111	1.8987637154038999	1.5878909573712192e-06	0.04580718292951569	1.352511531097893e-06	2
4157	1.8991020035213708	1.5986960373425956e-06	0.045839083702804206	1.369413259747857e-06	2
4263	1.99018211304297	1.6090144695960366e-06	0.04159614510375542	1.4904871971769066e-06	2
4309	1.9957022320160185	1.7419675957854508e-06	0.04860533238911002	1.4876957636650286e-06	2
4354	1.99570478679225	1.7446357914283917e-06	0.048402649120218966	1.4982367614548592e-06	2
4461	2.076154541366251	1.7509626274746115e-06	0.04450736437191649	1.6078565266081393e-06	2
4507	2.0809580543840855	1.8778558532458408e-06	0.05054776874666622	1.6213478889290881e-06	2
4552	2.0814771477894096	1.8897857563701543e-06	0.050964448647645266	1.627879076921481e-06	2
4659	2.18119775370545	1.894001071321285e-06	0.04575589617863596	1.7786645444165142e-06	2
4705	2.187283526019588	2.052828417348775e-06	0.05344648317367762	1.780261042282223e-06	2
4751	2.1875325162284978	2.058680960006844e-06	0.0536136463827499	1.7846320804995065e-06	2
4857	2.292010335139564	2.061329121316608e-06	0.04837830924863651	1.9376324842800367e-06	2
4903	2.297970453298431	2.2264482686796615e-06	0.05571318075095144	1.9540724334479723e-06	2
4949	2.298590698375638	2.2409091253094084e-06	0.056574625210110696	1.949387156036002e-06	2
5055	2.408062095223504	2.238226408042996e-06	0.0507375362371949	2.120307700839606e-06	2
5101	2.4145343286527767	2.4189371863667062e-06	0.05887815456165768	2.1253319693344857e-06	2
5146	2.414786484773689	2.426793142424606e-06	0.05915006994382077	2.1290982301435854e-06	2
5253	2.5298213802404437	2.4290720146580125e-06	0.05364650759983558	2.3012910128819226e-06	2
5298	2.536306986210651	2.6160712949092595e-06	0.061665661303232255	2.3129243127097416e-06	2
5344	2.5365913809614344	2.627893684126851e-06	0.06194111838549121	2.3230300301304515e-06	2
5451	2.657741716188527	2.6338933276203016e-06	0.05606121628729399	2.5243363511527518e-06	2
5496	2.6648136604410944	2.843423091208803e-06	0.06498980742465443	2.5273709855364004e-06	2
5542	2.6650297525547817	2.850975089835163e-06	0.06518795398178678	2.533062008971268e-06	2
