时间秒	晶中温度K	设定电流	电压差V	κ	时间常数
1270	2.115698625675152	1e-05	0.030550410441531062	6.284595143736405e-05	2
1352	1.8661353085706196	3.976132533641401e-06	0.006988719900631102	5.1355231631925546e-05	2
1434	1.8473648825662377	3.305456234001139e-06	0.005108336610794906	4.976957780289885e-05	2
1725	1.9307141957856448	3.2141122078921076e-06	0.004373403068831827	5.4237358841346864e-05	2
1807	1.9376975687310316	3.5035847927944454e-06	0.005133519355120297	5.437700835812648e-05	2
1889	1.9382391729479629	3.5250589300773593e-06	0.005224986275246701	5.403271687350965e-05	2
2180	2.0281372915619196	3.5154842426970406e-06	0.004776799060587367	5.783768745570637e-05	2
2262	2.035020663395858	3.803382418027269e-06	0.0056234943533870485	5.701134352289157e-05	2
2345	2.0347925999844363	3.7924528326711988e-06	0.005500572172550733	5.796845516628842e-05	2
2635	2.1301757651593576	3.823574703393044e-06	0.005056703565006426	6.302735593435497e-05	2
2717	2.138280266878335	4.170432839196529e-06	0.005865903919432647	6.401509000755678e-05	2
2799	2.139581772226708	4.223368327469899e-06	0.006043936811563455	6.362869429869762e-05	2
3090	2.2385022946379927	4.2135126356046695e-06	0.005330274876254482	7.073674454927019e-05	2
3172	2.248530423169397	4.643086468796689e-06	0.006424532310804754	7.05202275743566e-05	2
3255	2.248916378397376	4.660400999289991e-06	0.006608766293984658	6.903467847667365e-05	2
3546	2.3517338775634404	4.612117505122003e-06	0.00587225807553704	7.504137454472114e-05	2
3629	2.361205135299051	5.022582102595879e-06	0.006961572996380561	7.440968736462816e-05	2
3710	2.3612233688675284	5.023455995256382e-06	0.006851885642822353	7.561426890036194e-05	2
4001	2.471470015024173	5.064385975042662e-06	0.006554628963868048	7.909658470363156e-05	2
4083	2.479501387655393	5.414694562333597e-06	0.0074263128395197775	7.927943166531379e-05	2
4166	2.4799939254013093	5.438868590241015e-06	0.007408520151721554	8.014107057066711e-05	2
4457	2.5956115202904195	5.4697069029077925e-06	0.006987354316164485	8.466566840865392e-05	2
4539	2.604596113703109	5.875175833370225e-06	0.007845990945696268	8.63732990722397e-05	2
4622	2.6065419346955077	5.955389409070214e-06	0.008203922412177711	8.475353833369263e-05	2
4913	2.7260519518044104	5.903541068886096e-06	0.007556399839424355	8.925532548355914e-05	2
4994	2.7352515506687105	6.324996577395149e-06	0.008361152083562473	9.19751519462177e-05	2
5077	2.7380309142725734	6.442173312965355e-06	0.008740547084113981	9.110673414152069e-05	2
5368	2.864166280508033	6.417535314192232e-06	0.00814939159511896	9.570349443695847e-05	2
5450	2.874045505760227	6.8675656390304175e-06	0.009023067555283593	9.836172749132501e-05	2
5533	2.876642888555457	6.984299588108241e-06	0.009289950140393355	9.863570878997203e-05	2
5824	3.0099065089277826	7.000246188141126e-06	0.008735737072284255	0.00010397153660941196	2
5906	3.021038139205512	7.505033866816048e-06	0.01009663208758882	0.00010274374194521249	2
5988	3.020609339477539	7.484340033354841e-06	0.00997049230658531	0.00010349762352453417	2
6279	3.1608412322833686	7.510767679623061e-06	0.00957496842353489	0.00010711296198223619	2
6362	3.1710069136691867	7.97804988485359e-06	0.010465345005786553	0.0001099790613957242	2
6444	3.173677749924087	8.105896729760674e-06	0.01091136043741514	0.00010873403523852754	2
6735	3.3193864542296687	8.065711974989933e-06	0.009740850381042332	0.0001191407608784738	2
6818	3.335715374096363	8.810840539086692e-06	0.011763023671312656	0.00011682119983933616	2
6899	3.3346351801394403	8.758523995625029e-06	0.011779609085694087	0.00011534209924659364	2
7190	3.487031703365834	8.700386648545925e-06	0.011049431864519565	0.00011991360585826358	2
7273	3.49893057667867	9.256219008053277e-06	0.012162402814406725	0.0001226679134075187	2
7355	3.5017249526649135	9.386182039508028e-06	0.012770339146406684	0.00011998763234030376	2
7646	3.6612875451176774	9.28865430053569e-06	0.011715955368640785	0.00012667050413568007	2
7729	3.6754317823921	9.954534646155822e-06	0.013206390287606506	0.00012834063936497238	2
7812	3.677363796182952	1.0048145507352626e-05	0.013343495547931017	0.00012931468228845642	2
8102	3.8480465976598666	1.0090394008033051e-05	0.012918085590609696	0.00013309065536225656	2
8184	3.860462546609849	1.0682134383291479e-05	0.014478991182456546	0.0001324753435581436	2
8266	3.8604534093763636	1.0681638513644076e-05	0.014308904942005984	0.00013404370723713572	2
8558	4.040176858242329	1.0744437117262756e-05	0.013521741126772291	0.00014181814143955293	2
8640	4.056545456140023	1.1532098027503062e-05	0.015969449044960005	0.00013757813462206191	2
8723	4.053532717827194	1.1389491227126818e-05	0.01512236421972446	0.00014185143496602549	2
9014	4.244428510938922	1.1559404012879113e-05	0.015479419395573402	0.00014100611214785673	2
9096	4.254293072468679	1.2027934358214177e-05	0.016375003277027567	0.00014389846363803424	2
9178	4.257113551120495	1.216839478540759e-05	0.016576673007071996	0.00014535093311149992	2
9469	4.455686286426605	1.223538236121166e-05	0.016308050790793338	0.00014769907160952001	2
9552	4.468287287927524	1.286593734758312e-05	0.01825555057600159	0.00014537213886942874	2
9634	4.466738396237513	1.2787006282405714e-05	0.01736384669606128	0.0001510344747066379	2
9926	4.679053083920065	1.3030792260693674e-05	0.017492355211611965	0.0001538376218665651	2
10008	4.6926677199343985	1.3723458259390083e-05	0.018690449415619703	0.00015910842695865136	2
10090	4.698091959620617	1.3982041345681706e-05	0.02038847073479122	0.00015120819926731598	2
10381	4.9086865596950044	1.3639396178641838e-05	0.018295694674483443	0.00015894914294222807	2
10464	4.927287296728384	1.4568993685710147e-05	0.020932474848269322	0.00015782486394974376	2
10546	4.926926840368026	1.4548831992968511e-05	0.0208241224638277	0.0001582203587658941	2
10890	5.156012688495258	1.4566447130822435e-05	0.020150277782056136	0.00016222150544307752	2
10973	5.171541083281246	1.5378499227509264e-05	0.022465026368041485	0.00016161777068477592	2
11055	5.171544633132157	1.5376635719986913e-05	0.02271144301417305	0.00015983478478896057	2
11398	5.410503988798434	1.529113767188307e-05	0.02122109370159908	0.0001675271303413475	2
11481	5.430056007189279	1.6317316155073248e-05	0.024562848347594368	0.00016415424687225732	2
11563	5.427460192511733	1.6184607668935668e-05	0.02403814006935967	0.00016511024217138396	2
11907	5.680923291002854	1.6227236163180506e-05	0.023614229517387564	0.00016728130734832173	2
11990	5.696301103292575	1.7027169225684848e-05	0.025482736186749122	0.00017019342194857606	2
12072	5.699628735839443	1.7199040091591155e-05	0.026076428091755588	0.00016959255651141883	2
12416	5.964536599551229	1.717374236203708e-05	0.025549930242077856	0.00017094847438139696	2
12498	5.979780919846247	1.7969948974672735e-05	0.02787718521546889	0.0001711022743317986	2
12580	5.980165111133449	1.80011041067891e-05	0.028349098123158	0.0001688175791224324	2
12924	6.256940328259473	1.788159605478775e-05	0.027574845807652792	0.0001697218384239736	2
13007	6.271902532982158	1.868178922271157e-05	0.029233422719070035	0.00017432828753002525	2
13089	6.2771096478854815	1.895602918955509e-05	0.03012413807160197	0.00017403519227272125	2
13433	6.57011878702051	1.8947799838159744e-05	0.030887881422692942	0.00016803514626224778	2
13515	6.578566849951725	1.9401058986568474e-05	0.03163009902306957	0.0001718274374169081	2
13598	6.582488243817244	1.9630703738242983e-05	0.032617062831580945	0.0001704956869487519	2
13942	6.8901132889599275	1.9560238786906673e-05	0.031311503111264294	0.00017476645225508562	2
14024	6.9095979601689725	2.0633593810810965e-05	0.03542526399245727	0.00017144258358889227	2
14107	6.906578353806736	2.046308046578809e-05	0.035739038971427384	0.00016720668752970936	2
14450	7.227320267508963	2.0204693178951872e-05	0.03433013440406185	0.00016829275371922707	2
14532	7.242842497470306	2.111344810200141e-05	0.03630693352151848	0.00017340613474178172	2
14614	7.24890386089931	2.145403758826597e-05	0.038554835274850596	0.00016846067097887776	2
15010	7.585612575431183	2.1155060337410002e-05	0.03773049097280534	0.00016608429480522783	2
15093	7.598317174388486	2.1872814586245204e-05	0.03986258513095464	0.00016776681627788328	2
15175	7.600599818304001	2.2001818263660342e-05	0.040375625793958037	0.00016756342669992818	2
15571	7.960205210511106	2.1990523651567923e-05	0.03976554214162498	0.00016850729265204122	2
15654	7.976789912333889	2.2972630273970513e-05	0.043482959513027275	0.0001678462708090068	2
15736	7.976420517675734	2.29498462928509e-05	0.04382676769883176	0.00016623711415730258	2
16132	8.353231256551798	2.2836979707692566e-05	0.04410173454355082	0.00016226544016268305	2
16215	8.364184831894548	2.349802765626278e-05	0.04803179705822558	0.00015754141894064403	2
16297	8.358943769879346	2.3167948165064302e-05	0.046165977579946116	0.00015944576960567948	2
16693	8.75842925854808	2.3299528617427712e-05	0.04612557607437395	0.0001600268964154973	2
16776	8.77554136970899	2.4315812588599327e-05	0.050665637084096105	0.0001584333639027355	2
16858	8.77335203830187	2.421277619807894e-05	0.05080763546237499	0.00015664113758643192	2
17254	9.19023159545261	2.4076460997778682e-05	0.05096869207221033	0.00015320477756413796	2
17337	9.202450838966891	2.479393363151806e-05	0.05398516133250375	0.00015320555723577416	2
17419	9.20286789971992	2.4809200057385767e-05	0.05392311826231122	0.00015358601816648382	2
17815	9.643373029639458	2.4838753098471512e-05	0.055347824152141456	0.0001488057221156956	2
17898	9.653053854023863	2.5461032851517634e-05	0.05918948506517907	0.00014607033505820938	2
17980	9.649143609016775	2.5237727064705275e-05	0.0582337416091665	0.00014594649339343647	2
18429	10.111154678201386	2.522083115680619e-05	0.05872478649157209	0.00014337464705292119	2
18511	10.124904261766726	2.6033775098665094e-05	0.06363287778730786	0.00014081896360662892	2
18594	10.121236251570615	2.5815755764978854e-05	0.05970858916180788	0.00014766871148442313	2
19042	10.617534488488879	2.6427429089515583e-05	0.06356455275313344	0.0001441490951445566	2
19124	10.629835509831569	2.7197430143476628e-05	0.07180956784066339	0.00013501526748236877	2
19207	10.616140583581727	2.6334020235349694e-05	0.06338660124037254	0.00014352054303582234	2
19707	11.139888307086053	2.7139315113563077e-05	0.07031754029826054	0.00013627987882781163	2
19790	11.146264217137507	2.7544790534062744e-05	0.0729830035589103	0.00013517472030622586	2
19872	11.143712475211757	2.7441069499153303e-05	0.07229717590089102	0.00013545474235373553	2
20373	11.684737822648467	2.7467099013187026e-05	0.0777648608883812	0.00012529225693858195	2
20455	11.682859796242383	2.7497011385301533e-05	0.07431613424295591	0.0001313840577252817	2
20538	11.691916966951494	2.815842362769301e-05	0.07698272526988248	0.00013291683234679217	2
21039	12.26115420704213	2.8331925932227244e-05	0.08150918915147898	0.00012615297616690058	2
21121	12.266865253917565	2.8736189954006647e-05	0.08393246865817083	0.000126002859477262	2
21204	12.266349414395158	2.8722389134216786e-05	0.0821649606913386	0.00012858758593201715	2
21704	12.86546618821059	2.9015737280622864e-05	0.08592177050226368	0.00012461214900433396	2
21787	12.875348509729227	2.9732426251306078e-05	0.09030503764890696	0.0001244068296307532	2
21869	12.875603167374035	2.9718214297949997e-05	0.09056771482973502	0.00012392847837625791	2
22421	13.498992493784737	2.9660901993437414e-05	0.09095052334996012	0.00012210446202121704	2
22504	13.512034298758316	3.064235048592603e-05	0.09861334264865462	0.00012011076729122368	2
22587	13.510155645471396	3.0401468262880764e-05	0.09539022711174816	0.0001222494765471537	2
23243	14.171095241008615	3.066782245799732e-05	0.10438736695123474	0.00011292325276001866	2
23326	14.170977057724492	3.0675472866712136e-05	0.10279851726221167	0.00011472457043631572	2
23408	14.174922044417103	3.091933453861899e-05	0.10248664703682842	0.00011687694433252292	2
24013	14.865361189818362	3.121251708878908e-05	0.10714538900480441	0.00011317363886904894	2
24096	14.87581836652765	3.196438270914396e-05	0.11479877736510424	0.00011072507294369929	2
24178	14.870968115180345	3.162437579490262e-05	0.11318668477396976	0.00010996465047470817	2
24835	15.592789266492328	3.1510011665141775e-05	0.10790825533213244	0.00011379996372329133	2
24918	15.623086970168847	3.335319744911458e-05	0.12589831674624996	0.00010918999887555126	2
25000	15.612339078269041	3.268464397038003e-05	0.11785362606372018	0.00011202994796286753	2
25761	16.382747312721825	3.310461412164009e-05	0.12225414108727506	0.00011010593653428296	2
25844	16.39662130555205	3.414797547447343e-05	0.13195753054634807	0.00010852058430426548	2
25927	16.395156018659957	3.390440219936506e-05	0.1315223635254199	0.0001073111875745778	2
26740	17.193386623873906	3.3718209849006104e-05	0.13199467161417644	0.00010518572728078043	2
26823	17.209687842122875	3.472054262323098e-05	0.1422116994224183	0.0001034553923054237	2
26905	17.204174263574664	3.4444432618851554e-05	0.13748372712389667	0.00010532913011215061	2
27771	18.054684482805513	3.47531025022105e-05	0.1423347342510759	0.00010296565437970227	2
27853	18.066661283720244	3.574623472018729e-05	0.15301454794638047	0.00010131949243153868	2
27936	18.062067650434074	3.546141898225529e-05	0.151528668746856	0.00010068409039716699	2
28854	18.94918406041572	3.5350932545374253e-05	0.15615258976792035	9.657274244604964e-05	2
28936	18.957505359952755	3.600894706065529e-05	0.15748550241445258	9.933876902428229e-05	2
29019	18.965311148366848	3.6523658663231205e-05	0.1663026730735382	9.674806861781158e-05	2
30041	19.892335039614803	3.6050293395981e-05	0.1664181862578893	9.371197035966039e-05	2
30124	19.900603333558617	3.68964454467682e-05	0.17412390018408175	9.380204252138879e-05	2
30206	19.9020323383887	3.691742941195515e-05	0.16960885445600127	9.640990562884024e-05	2
31281	20.889105724408633	3.7426852892381615e-05	0.18305318203121956	9.133164210923216e-05	2
31363	20.897831503169904	3.788460475097745e-05	0.1856727226972481	9.222687163674066e-05	2
31446	20.90011381864437	3.8076480565704546e-05	0.18494335901912606	9.354550774495541e-05	2
32625	21.931203818548205	3.834471556776311e-05	0.1928553264871411	9.049894444893662e-05	2
32707	21.945458432677242	3.922380919550789e-05	0.1990969854810949	9.171369655415188e-05	2
32790	21.947256320016237	3.948912324796422e-05	0.20549171770177566	9.006573504158765e-05	2
34073	23.021424164015222	3.913275251694898e-05	0.20929963276648067	8.643052441566997e-05	2
34156	23.0362454634608	3.9857330106150634e-05	0.20091786179804672	9.339605089550482e-05	2
34239	23.05894502884906	4.143343791493577e-05	0.22757360462853526	8.905403594116029e-05	2
35626	24.174727806295834	4.047082580561066e-05	0.2205362418496435	8.730794227681354e-05	2
35709	24.19332612934361	4.165298176275099e-05	0.23838181603683495	8.553067659765203e-05	2
35792	24.18793772465667	4.123381792348738e-05	0.2188075606887061	9.132162038341145e-05	2
37284	25.400809666890872	4.2605572097857175e-05	0.24635830433882688	8.620780901262785e-05	2
37366	25.407655349286483	4.3034700730915935e-05	0.2555112503465402	8.477879808056174e-05	2
37449	25.400165124340234	4.268249150515099e-05	0.24586365896197293	8.66746487368667e-05	2
39097	26.660461354413258	4.315574132608147e-05	0.2568377517246496	8.447055560150154e-05	2
39180	26.678299272780578	4.428300814029337e-05	0.25798170783119545	8.851544001263024e-05	2
39263	26.692996022662534	4.5338862644452885e-05	0.2880504174226495	8.308610309152591e-05	2
41016	27.986315033658208	4.393031629851747e-05	0.2556117622962546	8.757246221111551e-05	2
41099	28.02917004371936	4.6869880961982225e-05	0.30222246024788646	8.426158950161426e-05	2
41181	28.017563474289425	4.598862445665576e-05	0.28876749508500765	8.492123421813333e-05	2
42831	29.40764790536756	4.616323172114753e-05	0.29798440680870186	8.259128815395372e-05	2
42913	29.428813072427012	4.7316362160887e-05	0.31363429567655743	8.243263663752147e-05	2
42996	29.421943006584364	4.727281734206012e-05	0.3279913388817164	7.866840815426722e-05	2
