时间秒	晶中温度K	设定电流	电压差V	κ	时间常数
118	11.581610682833166	1e-05	3.6629048212328374	2.7300736677712156e-07	9.130187704402555
268	9.12611781158375	5.225010686851478e-06	1.1239658019011338	2.428965065621594e-07	8.184917728499993
415	9.071603300423206	4.928453170743934e-06	0.9859596883440047	2.4635541334364574e-07	8.281463571134289
562	9.16136831384088	4.9634203261828e-06	0.9907441318619343	2.486569492777745e-07	8.2721049789423
708	9.243000146376804	4.986551406310522e-06	0.9873851853188332	2.518337858163038e-07	8.236194633714437
855	9.327059827548775	5.018304353228327e-06	0.9854626489240825	2.555487882683866e-07	8.519371362848867
1003	9.413130094800927	5.055183362335995e-06	0.9819399214933262	2.602489039041717e-07	8.494272197782722
1151	9.50329511531995	5.101459633322327e-06	0.9846040026180732	2.6431834850576164e-07	8.704806636798962
1300	9.59371498910316	5.141190022803686e-06	0.9838223715293899	2.6866470630757105e-07	8.808858043588273
1449	9.676316980307513	5.183287627631435e-06	0.9741256846066267	2.758008648710087e-07	8.936402814476924
1598	9.792620734089649	5.251674636447014e-06	0.9975859371426505	2.764682766689507e-07	8.845329624049885
1747	9.879077713679859	5.2580250728667195e-06	0.9895343924248522	2.7939228670108747e-07	9.261118752447642
1898	9.9607578332551	5.285757152017936e-06	0.9755836964982719	2.863847435170648e-07	8.987615018620122
2047	10.077750260875971	5.351492721821313e-06	0.9952232030413313	2.8775931132020785e-07	9.296499416570999
2198	10.15338605355155	5.36432019290616e-06	0.970538945231446	2.9649434753139694e-07	9.342781614693216
2349	10.274476955194848	5.4451294523766555e-06	0.9931435811480099	2.9854127153363725e-07	9.616650325465201
2501	10.378294131302757	5.4638930400735085e-06	0.9942198133180462	3.0027692823511995e-07	9.781971301477524
2653	10.394268585753077	5.479752989278987e-06	0.9062011944395388	3.313579038271222e-07	8.741508002508429
2802	10.635574474008955	5.756369548831296e-06	1.0441950187760076	3.173333504459117e-07	9.828136851246803
2954	10.696255370778683	5.633234865030143e-06	0.9983859255106955	3.178463781764441e-07	9.903077112644597
3108	10.779589217939785	5.637786606252885e-06	0.9732791782645186	3.265726682278408e-07	9.659746774583121
3259	10.90531537339209	5.714653692288281e-06	0.9899356991854166	3.298928086910756e-07	10.22909750801802
3414	11.022603121802655	5.743629590172713e-06	0.993375704671877	3.3209268873758386e-07	10.484065966751334
3568	11.110979773122368	5.7627483784873335e-06	0.9671801631233922	3.4336176588354586e-07	10.270900107155676
3723	11.245323142366871	5.859707892749825e-06	0.9891445956675076	3.471300024157075e-07	10.187461340382326
3876	11.354859176565757	5.89177394691707e-06	0.9805917153259825	3.5400054578302196e-07	10.513485001795562
4032	11.47960128511966	5.9497944988295344e-06	0.9865284183205874	3.5883461561670304e-07	10.625354977461432
4187	11.61401663376584	5.9902805912302876e-06	1.0006895777263236	3.5858734177287466e-07	11.00113954387407
4344	11.700154038343078	5.9882162767628445e-06	0.9651142350133713	3.7154911694770153e-07	10.773798926542735
4500	11.83475722588699	6.095482892664876e-06	0.9765366216931753	3.804763781449265e-07	10.730175132967272
4656	11.9861731685592	6.168276729727084e-06	1.0016814610313498	3.7983769586109835e-07	10.760262654844599
4812	12.094451186223592	6.163097401965171e-06	0.9854283218910225	3.854544135003096e-07	11.274154406460779
4969	12.221863194930716	6.208497511478197e-06	0.9818549734552361	3.9257774714310486e-07	11.437683554854049
5128	12.345794341392592	6.265602502099098e-06	0.9723205856081419	4.037534049508635e-07	11.284325055480581
5286	12.491290024075097	6.354159306712914e-06	0.9826799525370611	4.1086968743837905e-07	11.37645667303275
5444	12.634569850725335	6.4099117578823115e-06	0.9900263890212232	4.1500882400173195e-07	11.816017381431713
5603	12.774260393821349	6.442117850534341e-06	0.9921233641591417	4.183036495199023e-07	11.980851435669557
5764	12.893887407903229	6.4676398285611294e-06	0.9706490081693673	4.3095253381942683e-07	11.81190435294911
5924	13.034503936110964	6.564697508792214e-06	0.9693514639331193	4.4457820496896744e-07	11.622438041518038
6083	13.19974348535835	6.667669795130585e-06	0.9909522897713999	4.486373456703207e-07	11.936290146454681
6243	13.349776206850445	6.698039606260332e-06	0.9936682826710987	4.5149609129550756e-07	12.240077917021376
6404	13.48896258011145	6.719345885542041e-06	0.9827306076800134	4.594301711649943e-07	12.160075510958986
6565	13.628375035876978	6.7781278474590184e-06	0.9711632010991152	4.730720548771139e-07	12.264848439153134
6726	13.793097031205951	6.878023370686624e-06	0.982038858769918	4.817243743996795e-07	12.660149187731568
6889	13.942226497730033	6.94063667396356e-06	0.9743871594723513	4.943870305726752e-07	12.511016913414403
7052	14.117875762600756	7.031266106276132e-06	0.9945222806710275	4.971100599567268e-07	12.853268296143392
7215	14.271603814681955	7.050603236296358e-06	0.9832922445120972	5.055567790056042e-07	12.918828386826945
7379	14.426022061999106	7.110251605995418e-06	0.9761755471732863	5.178953523979843e-07	12.830235382892507
7542	14.604573480406724	7.196494649466393e-06	0.9878750946430843	5.242518565417402e-07	13.181812953532516
7707	14.759210658485017	7.2405238521928805e-06	0.9724451880385021	5.391068442625514e-07	13.147906137033063
7871	14.947890389746991	7.342389558328757e-06	0.9901143493393562	5.444894770207756e-07	13.438331379368945
8037	15.11512781257284	7.378953022080949e-06	0.9830600133347487	5.538720623716059e-07	13.283720773132908
8202	15.289779701859118	7.4422581409919265e-06	0.98250038486191	5.637372472372644e-07	13.491423785947887
8367	15.464160481566156	7.508243784249846e-06	0.9745931583876286	5.784334133536438e-07	13.650335782917562
8534	15.743170823169269	7.605481006179977e-06	0.9706316617266312	5.959350350520031e-07	13.730397020462176
8700	15.859816199468607	7.71968286299381e-06	0.9876295824941828	6.033993367705885e-07	13.606477493903155
8867	16.03905650464715	7.767878325325316e-06	0.9967934664510238	6.053403810108496e-07	13.889455370396533
9034	16.199618383341665	7.780362337390526e-06	0.9650000064436711	6.272957274287693e-07	13.948557387514459
9201	16.431358681915313	7.920200296891293e-06	1.003233921286143	6.252736416892463e-07	14.054976205625348
9369	16.593024501412916	7.907424623031485e-06	0.9686295882251275	6.455239952301777e-07	13.98359146766139
9536	16.80330857443968	8.034450791623393e-06	0.980131242962222	6.586097523829863e-07	13.847216604788509
9703	17.011217146303764	8.115477511415989e-06	0.988611686276824	6.661966083603096e-07	14.309794389983358
9872	17.196385780505008	8.162086794198587e-06	0.9678941289363496	6.882949161933805e-07	14.100292987735134
10040	17.43839588720118	8.296354116076412e-06	0.9986704229102604	6.89211275715562e-07	14.470772470918593
10209	17.618970626120706	8.301874943141229e-06	0.9707741909621084	7.099604440786615e-07	14.455871744096441
10379	17.85081296402083	8.42591504869745e-06	0.9872017862099878	7.191644646473987e-07	14.51705257583304
10548	18.063787048628985	8.480356505757283e-06	0.9839265773358096	7.309127339508294e-07	14.755487210972495
10718	18.27478789015718	8.54934344818846e-06	0.9730649114374643	7.511448880333025e-07	14.853777789278041
10889	18.51749766926202	8.666861531334757e-06	0.9924210178282584	7.56881277743445e-07	14.958296058125798
11060	18.726469783859567	8.69989240015901e-06	0.9730652322163077	7.778320020945872e-07	15.10240665798598
11232	18.974824870930544	8.819478454503913e-06	0.9867730116449226	7.88258285254441e-07	15.16527422414606
11404	19.205054416425952	8.878391100049834e-06	0.9831868426790108	8.017380329323532e-07	15.400936326484327
11577	19.44317340117772	8.953982538135492e-06	0.9790524750704134	8.188917890991412e-07	15.573881731851714
11750	19.680951994069535	9.049263998243951e-06	0.9730951652892861	8.415330980045486e-07	14.971653566391497
11922	19.9471123565301	9.173511312493971e-06	0.9969016296343434	8.441485829581972e-07	15.296864436018895
12094	20.17530429585783	9.18775589008653e-06	0.975085258323196	8.657177162229241e-07	15.598079271561053
12268	20.419371497827733	9.304395285148434e-06	0.9702773426230402	8.922373822339801e-07	15.108697876860488
12441	20.692059812633136	9.445831790975214e-06	0.9836536471335094	9.070645799302146e-07	15.38509375050968
12614	20.949892506883202	9.523993804755515e-06	0.9821237539238451	9.235746272363849e-07	15.453933492478217
12789	21.210184141677516	9.610279013828813e-06	0.9823547653735148	9.401640423510542e-07	16.03773785914072
12965	21.483616457854545	9.696205661757874e-06	0.984539128786049	9.549280621383636e-07	16.17101867565132
13141	21.77308056541884	9.772042069794643e-06	0.9953356076963581	9.594030945486667e-07	16.18253082344286
13317	22.010822719501675	9.794912427115757e-06	0.9566997733183229	1.002825673534935e-06	16.123886961241094
13494	22.340948147986325	1.0014118401212037e-05	1.0033506178161773	9.994768087327393e-07	16.405234792834328
13671	22.59324638646695	9.997383701412781e-06	0.969574323741723	1.0308408383543186e-06	15.93801765029275
13846	22.884172016761283	1.0153033233247679e-05	0.975304104300446	1.0569429922513315e-06	16.506483771864982
14025	23.19887287391093	1.0280773279531707e-05	0.9975176190117002	1.0595732567596223e-06	16.40069032108332
14203	23.484824470855386	1.0293557483978133e-05	0.9825055143656796	1.0784400100224362e-06	17.16600771158141
14383	23.77465048098031	1.0384796627871133e-05	0.9652650379351125	1.1172475616950002e-06	16.163735621739267
14562	24.126802827075267	1.0569993196284473e-05	1.0125111033873346	1.1034422812325436e-06	16.866553141578375
14739	24.388967866877508	1.0504486095152602e-05	0.9614167905607781	1.1477252031233243e-06	16.635085165420985
14918	24.738238791376396	1.0713193749406962e-05	0.9941934939676815	1.1544283985835794e-06	16.66041286224207
15097	25.0330169971089	1.0744432970536786e-05	0.9679553959446372	1.192646276285243e-06	16.661562165749007
15276	25.37539533454171	1.0920834566484573e-05	0.9900847718909861	1.2045900615230955e-06	17.255349029254464
15459	25.71474183518758	1.097538182262055e-05	0.9897990888138277	1.2170046175397805e-06	17.15041923524018
15642	26.02908569257498	1.1031793224765323e-05	0.9650211575769226	1.2611170314602893e-06	16.89899036811882
15821	26.38807045718964	1.1229946711629088e-05	0.9904627245817457	1.2732604672152971e-06	17.50460675382791
16004	26.71757385819644	1.1283884380900476e-05	0.9729551247502592	1.3086528194628926e-06	17.090576160352338
16187	27.08004378127614	1.1439636442924627e-05	0.9808505382564525	1.3342020709792717e-06	17.357823905179924
16369	27.44903971419069	1.1550766515600908e-05	0.9961835368865503	1.3393135115936136e-06	17.34754047782657
16552	27.791569639033362	1.1572871344630137e-05	0.9755762886356685	1.372843443608728e-06	17.47782729906236
16735	28.17400417141509	1.1716840203778184e-05	0.9937916838718645	1.3814197340231888e-06	17.70517432505303
16920	28.533633270244604	1.1753381360371104e-05	0.973093929479045	1.4196160228465766e-06	17.617577615223443
17103	28.91154885003078	1.1914764046537291e-05	0.9829454685398221	1.4442469783755492e-06	17.777272912982834
17288	29.293191054356043	1.2017682714964433e-05	0.9807932608275827	1.4725294677870333e-06	17.436217121933087
17473	29.687314526501545	1.2134782518805324e-05	0.9841172633366764	1.4962947228406312e-06	17.961046758068086
17660	30.08259472933882	1.2232312630245482e-05	0.9862274218410925	1.5171903454553553e-06	17.914521055179335
17844	30.488256907675275	1.2317428081605978e-05	0.9957746678478623	1.5236281805947252e-06	18.129847262862373
18027	30.86840187860207	1.2343533451142446e-05	0.9730479424290496	1.565830535329272e-06	17.880298953248545
18213	31.28765438632926	1.2513315049695154e-05	0.9807388564964026	1.5965825407622317e-06	18.346503190260623
18399	31.706376537655224	1.2635594725861667e-05	0.9859707928123375	1.6193000364728996e-06	18.41593657850406
18588	32.13356168058971	1.2725172047846347e-05	0.9945194187271924	1.6282236485088599e-06	18.29996903930937
18774	32.52951803378109	1.2760186709091918e-05	0.9655216888763549	1.6863667251263281e-06	18.067979717353765
18961	33.00435775984915	1.298601834715448e-05	1.0027753890584674	1.6816993551364503e-06	18.695863073817545
19147	33.414850064914425	1.2968035144679591e-05	0.9776744933089675	1.720101492516891e-06	18.688327565037316
19336	33.855017350769714	1.3115263979489283e-05	0.9809980914301952	1.7534198155361935e-06	18.692352086432425
19526	34.3058331875329	1.3241675934473679e-05	0.9819976467805277	1.7855641724649425e-06	18.918869093105847
19718	34.77980619837154	1.336250041146844e-05	0.982252595004293	1.8178258642901708e-06	18.497716294993463
19907	35.247624629596366	1.3482677272300822e-05	0.9872531427284538	1.8412966093643204e-06	18.75415620901562
20100	35.71427280071712	1.3569438490093541e-05	0.9785484504914433	1.881661156828352e-06	18.02047268628357
20292	36.20316311822824	1.3717365478940744e-05	0.9884459056893226	1.9036561798656237e-06	18.69921435083427
20483	36.691466447572196	1.379730473630855e-05	0.9892499644180788	1.9243429348874826e-06	19.41326298042311
20678	37.177186519375866	1.387206882511575e-05	0.9723519514651119	1.9790600841474505e-06	18.768962795695067
20870	37.69544803709609	1.4067907037464568e-05	0.9924848955972068	1.9940455445990377e-06	18.630678702341005
21064	38.1927565282223	1.4121067752117887e-05	0.9814549801390838	2.0317239047647986e-06	18.865138481074897
21257	38.71341181812305	1.4253855284675786e-05	0.9905962705186394	2.051011057916726e-06	18.990318734125704
21451	39.236870228331256	1.4321351395440048e-05	0.9905948226817103	2.070484330176779e-06	19.40034535595971
21649	39.76281418579043	1.4389177635211745e-05	0.9787678132800897	2.1153988740578634e-06	19.449383164245276
21848	40.304208271575014	1.454441086485755e-05	0.9758294121096724	2.1677957723005334e-06	18.68113027279171
22046	40.875505323801015	1.4723436325466054e-05	1.0014428594510891	2.1646724541914913e-06	18.953634659821834
22240	41.405030520318014	1.471282588149364e-05	0.9804686319904936	2.2077936851451244e-06	18.987065287693966
22438	41.97502637842652	1.4858646254437599e-05	0.9908763418881256	2.2281223113452786e-06	18.964970993620533
22630	42.51746414865294	1.4926896232456629e-05	0.9788491329421201	2.27626733922543e-06	18.98756088138116
22825	43.099843601542716	1.508730373269336e-05	0.9933662344486724	2.2914684033817394e-06	19.6414605947302
23023	43.66933430946795	1.513759691424547e-05	0.9834878481205835	2.3299407387296843e-06	18.856160649508517
23222	44.25824852002689	1.5264143404494353e-05	0.9841546984906356	2.36745375732396e-06	19.493306374461856
23422	44.8718167186315	1.5386532284189183e-05	0.9927314902795967	2.384787609242839e-06	19.911992308024434
23624	45.466010930972274	1.5442757555705e-05	0.9809694493852128	2.4310518648031484e-06	18.973694151878966
23818	46.06771422119811	1.559183076102081e-05	0.9871600466556015	2.4626724643479105e-06	19.409672238037672
24021	46.69992398321564	1.5692904333959058e-05	0.9831467599741865	2.50488794207344e-06	18.857539430273697
24219	47.32205951547105	1.582683778293516e-05	0.9935651105341935	2.5211110127716517e-06	19.596329001931817
24420	47.95654016286952	1.5878006842080816e-05	0.9833522754483355	2.5637923211416916e-06	19.496242530718487
24625	48.598252028231265	1.6011846617869194e-05	0.977082323026495	2.6239266239106554e-06	19.05497497735311
24828	49.27757126541414	1.6198538896797622e-05	0.99859158921612	2.627627402680609e-06	19.689340158505868
25028	49.925137197292855	1.6209958058800178e-05	0.992101223944739	2.648547687737728e-06	20.189565880705057
25233	50.58396293847939	1.6274359243109168e-05	0.9788404980656402	2.7058010911601234e-06	19.651578918558954
25437	51.27377350080325	1.6449319411939584e-05	0.9871857499279745	2.7409239764224116e-06	19.34293566011929
25639	51.976471246783575	1.6555736094847646e-05	0.9902224480389651	2.767988124133656e-06	20.06852468554215
25844	52.662987264583556	1.6637271783960422e-05	0.9922326789602134	2.7896562800514725e-06	19.72443000946012
26053	53.3431369918853	1.670226415804598e-05	0.9914769312243482	2.8136371025865447e-06	19.570038272981428
26251	53.522698064033904	1.6773899673559945e-05	1.0048077109761886	2.800174672080339e-06	20.136217627679727
26451	53.7307761360903	1.673372245521103e-05	0.9656463597432703	2.899793121805794e-06	20.013066723356634
26652	54.17035845389882	1.70287789398001e-05	1.0188515505365396	2.8461389888239633e-06	20.39495137373307
26853	54.355445834554445	1.6870503812346455e-05	0.9789462614036318	2.907349566607583e-06	19.011928499309985
27051	54.69620224950519	1.705095178166774e-05	1.0012016414170273	2.9038601679605056e-06	19.795231305698398
27252	55.003343590639055	1.7040716440221947e-05	1.0084458091181674	2.87954012174415e-06	20.532546593521058
27457	55.26125465803677	1.6969207765078928e-05	0.9823576508335725	2.9312543342037766e-06	19.911996974929465
27669	55.61461912292071	1.7120906325903943e-05	1.0069205117155653	2.9111079773413106e-06	20.145240950391447
27873	55.90387137583685	1.7061969339268285e-05	0.9935254323581599	2.930078971840424e-06	20.396175114270562
28082	56.216226383790506	1.711747344627829e-05	0.9913528595795863	2.9556367780923274e-06	19.916505128492055
28290	56.53089547570231	1.7191965501629905e-05	0.9923588227236938	2.9783952239977987e-06	20.096030795303115
28494	56.83418364844625	1.725802776680406e-05	0.9918898670577186	3.002747908729755e-06	19.981943984099363
28706	57.178259947727874	1.7328438789255524e-05	1.0036614126912113	2.9917937172439513e-06	19.842607297830327
28910	57.468926418214615	1.7296802355475858e-05	0.9901144484909271	3.02166453767427e-06	20.014905224708645
29124	57.809943272633916	1.738293570624441e-05	0.9979921817930949	3.027743696594133e-06	19.505581830979985
29334	58.12518293692787	1.7400412916348082e-05	0.9943415359136307	3.0449735701849676e-06	19.636987287892193
29541	58.439592181809516	1.7449852636010903e-05	0.9908854943170919	3.072982284682178e-06	20.099239440717504
29754	58.78172568258619	1.7529923800981503e-05	0.9991342896457035	3.0756449023202554e-06	19.84543360575419
29960	59.09815108852256	1.7537516649515276e-05	0.9928884899090291	3.097674042532261e-06	19.783582055117073
30170	59.428011206490474	1.760021034684603e-05	0.9950872404418588	3.1129673024013143e-06	19.55585660108772
30383	59.773987811093164	1.7643603096877106e-05	1.0039593534539852	3.100690572473452e-06	20.19303611319324
30593	60.07805378922664	1.760877784649875e-05	0.9868415973787691	3.1420347305073585e-06	19.351024849242428
30801	60.43575498062286	1.7725785541146996e-05	1.000623250849879	3.1400776744280857e-06	20.09361551030325
31011	60.75217901426744	1.7720264316392368e-05	0.9901440261899553	3.171334261855835e-06	19.863786416001297
31229	61.114496036247836	1.780824040116214e-05	0.9952469249833404	3.1864798395723954e-06	19.903095911011928
31442	61.45405516841378	1.7850713822064358e-05	0.9974567550818563	3.194604501235642e-06	19.519396870128936
31650	61.796440816405045	1.7873456580179565e-05	1.0018076007511427	3.1888403510218605e-06	19.91662482811478
31865	62.14213867027665	1.7857324410509712e-05	0.9977446434319672	3.196048580178919e-06	20.24362405937306
32076	62.47953376804206	1.7877495854226672e-05	0.9892027657115006	3.2309337286174157e-06	20.251777471315968
32295	62.84426885558437	1.7974798270404637e-05	0.9960418845600141	3.2437729564401098e-06	19.87573916337004
32507	63.18670512793404	1.80104773852336e-05	0.9985480309834854	3.248489662780935e-06	19.824197972619256
32728	63.55070910602105	1.802356696877989e-05	0.9906943163266045	3.2790030277210134e-06	19.48951241567663
32939	63.90139696188456	1.8108017637833837e-05	0.9971924975636183	3.288234754806528e-06	20.054800806723637
33158	64.26464315553933	1.8133490438430567e-05	0.9963700814160397	3.3002142638940877e-06	19.783885110489425
33375	64.62201926508693	1.8166491856971417e-05	0.9907531114560938	3.3310157956948696e-06	19.75226905413573
33595	65.01277015356972	1.825107064173187e-05	1.0000619153584762	3.330809567426486e-06	19.278827021457904
33804	65.35393790332083	1.825050565717697e-05	1.0011407276458177	3.3270143501792045e-06	20.049426434717965
34026	65.7301957880195	1.8240105126284785e-05	0.994147767231467	3.3465994290208745e-06	19.648441291263943
34239	66.08687300240322	1.8293713207057976e-05	0.9905701154734501	3.3784578968661328e-06	19.35947535810379
34451	66.45692280508422	1.8380581864745558e-05	0.9926354878337644	3.4035231847684244e-06	20.278847558672425
34677	66.84403870895089	1.8448640016999695e-05	0.9916903687101751	3.4320421899379327e-06	19.58030094524646
34905	67.2405857595317	1.852577175163813e-05	1.0052938252366992	3.4139692334525675e-06	20.398557380187395
35122	67.61250021853272	1.847692948910226e-05	0.9923095961479266	3.4404275104315694e-06	19.606781487618456
35340	67.98812282142751	1.8548389446072046e-05	0.9966863438166536	3.4518658069067075e-06	19.645416309831305
35564	68.38324830540367	1.8579197525476464e-05	0.999954888264264	3.452021533589886e-06	19.82709087709064
35786	68.76484783678299	1.8579616609580204e-05	0.987671227357024	3.4951119744850558e-06	19.08645814344622
36004	69.16373695017305	1.869521857183022e-05	1.006624122920085	3.472112275976651e-06	20.134144963575594
36230	69.54787396652274	1.8633604793428055e-05	0.9918523885518875	3.50063408230126e-06	19.946321486806085
36455	69.96969130970707	1.870998151335607e-05	1.0007887831023619	3.497875017593208e-06	19.846839138625658
36675	70.33475233967435	1.8702606817214568e-05	0.9910599314048665	3.529428349136094e-06	19.56001100844504
36899	70.74401773765803	1.878677287118811e-05	0.9953172982249553	3.5460333658728355e-06	20.21248371029497
37130	71.17657155049669	1.8830914385320845e-05	1.001937726142391	3.539175413152263e-06	20.2454475413835
37350	71.54983753274233	1.8812696279779417e-05	0.9870664162419968	3.585549416853599e-06	19.12862953027211
37569	71.95513845701429	1.893554703950641e-05	0.9945712682637713	3.6051206497377647e-06	19.624511491330466
37793	72.38714331754696	1.8987155262802706e-05	1.004196829132584	3.5900538073316113e-06	20.523811120418873
38024	72.78442075014362	1.8947437313081713e-05	0.9905368627998534	3.6243515432469203e-06	19.90138716396122
38247	73.20876905903248	1.903772975763371e-05	1.0007298929616837	3.621708084007131e-06	20.345651268792295
38472	73.61161055631061	1.9030785806180287e-05	0.9861626066174853	3.6725262747788673e-06	19.768682355000404
38696	74.04663157843534	1.9163836449883586e-05	1.000485109539211	3.6707455610911647e-06	19.836480277933696
38922	74.45679462573045	1.915918986045904e-05	1.0007719137433757	3.6679142476738623e-06	19.83683850930687
39152	74.88239708046068	1.915179951773165e-05	0.9872134742991999	3.7154215812113282e-06	19.252678509166167
39386	75.33579658347013	1.9275428869966366e-05	0.9942640221563203	3.736856105034828e-06	19.167430644571926
39618	75.79525012832897	1.9330949549969937e-05	1.010923372140091	3.696478099150116e-06	20.00304858354237
39843	76.18693015507678	1.9226227136778853e-05	0.9939364440777372	3.7190286372686915e-06	20.330020014381535
40073	76.59208661994256	1.9284783217004778e-05	1.0032986680940565	3.7068011306480106e-06	20.249527079731184
40296	76.84338819380474	1.9253054642440536e-05	0.9842197779515941	3.7662331256569395e-06	19.764653068018
40520	77.2012149595844	1.940678521975481e-05	0.9922814201802697	3.795529220906625e-06	19.946290488094967
40748	77.55148646167822	1.948211800833427e-05	1.0030421673278473	3.784017606177113e-06	19.386003754364463
40977	77.85848701577501	1.945255151947197e-05	0.9935429800326945	3.8086098761953835e-06	19.174491070749113
41207	78.2436666500054	1.951566006107757e-05	1.00739978332613	3.780634003732364e-06	20.07196025041976
41433	78.5285720515648	1.9443852508524033e-05	0.9909236831272065	3.815262535457069e-06	19.781755106665862
41664	78.89478337426617	1.9532697037165832e-05	0.9979297479141991	3.823177476602392e-06	19.86812625745335
41894	79.22862157717148	1.9552947288330705e-05	0.9921168817605917	3.853555510332465e-06	18.96388338621615
42119	79.56837502441435	1.9630475058776507e-05	0.9992188544972008	3.856568051121838e-06	19.617776491158637
42349	79.91921774023862	1.963814668221479e-05	1.0024379294134773	3.847188876201344e-06	19.69489653842518
42581	80.25802564225724	1.9614252155515244e-05	0.9980301922361907	3.8547820558226966e-06	19.67671257500122
42818	80.61126596997092	1.963359889531895e-05	0.9835873995364541	3.919104756363674e-06	18.605539589206288
43043	80.97425779926152	1.9796728912534198e-05	1.0096584464228382	3.881614391727061e-06	19.718309522133502
43271	81.29668269165786	1.970181309353802e-05	0.9958408103864201	3.897826189931765e-06	20.20047073425226
43518	81.69097075514449	1.9742913133405022e-05	0.9955740834091278	3.915154336465353e-06	19.320331747321053
43743	82.01714732666584	1.9786748940807212e-05	0.9974090911136632	3.925324494580116e-06	20.15789707350804
43979	82.39022646745468	1.981243168967433e-05	0.9940849657579199	3.948681078369727e-06	19.70539703959063
44210	82.750289041412	1.9871288529860682e-05	0.9957984379785814	3.9653417074898635e-06	20.0065536088192
44442	83.0976623140149	1.99131657641116e-05	0.9977344394631172	3.974345828558971e-06	19.37819486758597
44682	83.47941170238335	1.9935761406474973e-05	1.0057134773565661	3.951767494460954e-06	19.65977063261509
44913	83.83169583888164	1.9879053031925223e-05	0.988795914322751	3.996545128493588e-06	19.609174850001672
45149	84.19694171260423	1.9991360955406686e-05	1.0007243084018504	3.9936524924392455e-06	19.99486469038009
45395	84.5932542318522	1.9984124930652443e-05	0.9936647873748004	4.019114436962411e-06	19.738195673988958
45629	84.96340442669302	2.004772914063439e-05	1.0031017615125213	4.006686650517105e-06	19.77000731624585
45875	85.34771343875653	2.001670964598604e-05	0.9945113582715098	4.028799286396131e-06	20.104855917629457
46118	85.73876473213514	2.0071869086849217e-05	0.99581034604354	4.045749577118754e-06	18.955356160345858
46352	86.0958640117641	2.01140487647782e-05	0.9953223454246029	4.064763134995069e-06	20.192896112199833
46589	86.47803054974058	2.016125773605176e-05	0.997388051029071	4.075407892445859e-06	19.63468211255839
46833	86.88276372646291	2.0187639516411664e-05	0.9961684433899505	4.09108310897431e-06	19.668366996189476
47082	87.27647315898662	2.0226426053493266e-05	0.9974039358729366	4.101731466894363e-06	19.90614284974038
47321	87.65475541839393	2.0252731832753732e-05	0.9940126137929286	4.12643804513011e-06	18.68788711216473
47577	88.10082250733797	2.031363592548146e-05	1.0111770638304345	4.080826388109291e-06	19.882222913681705
47817	88.45310443754374	2.0201055388541686e-05	0.982672138990503	4.152785274141908e-06	19.303743199794724
48062	88.88447973049256	2.0378383827335055e-05	1.014228300620272	4.0945271115016105e-06	20.18081676097779
48302	89.26242444518051	2.0234937883526135e-05	0.9882093118601073	4.14338041785346e-06	19.909769478638417
48548	89.6682155877577	2.0355295178045097e-05	0.9889031174436799	4.1898749683023765e-06	19.623935691906105
48797	90.09910131418327	2.0469184078273312e-05	1.0042978066179933	4.1719447565179115e-06	18.95791942129822
49032	90.42195645931059	2.042533905842914e-05	0.9880849426908275	4.222253144710976e-06	19.912350181677947
49295	90.92733744624515	2.0548121920776545e-05	1.0087574059455389	4.185598162477261e-06	19.802843477089546
49538	91.34166426359754	2.0458734473269018e-05	0.9897460006886675	4.228961935248955e-06	18.669285328457754
49770	91.64576263404543	2.0564440024588454e-05	0.9969432206206906	4.2419285750456585e-06	19.13278904323608
50025	92.10177451220366	2.0595942743767907e-05	0.9953845175185007	4.2615979055217896e-06	18.537867436190457
50273	92.5995950999568	2.064363801640057e-05	1.0001478060543705	4.2609681086378525e-06	18.715962218596708
50508	92.95200960396207	2.0642112558160932e-05	1.0060853791724198	4.235195339129981e-06	20.402525091281152
50771	93.36033738387673	2.0579590227042863e-05	0.9863613793231436	4.293756251928921e-06	19.101098246433057
51030	93.86111563458253	2.072138087080328e-05	1.0086637649761692	4.256875681491707e-06	19.934884267679784
51275	94.23302003245544	2.0632197365990143e-05	0.985946764505239	4.317551245911195e-06	19.450247458714777
51533	94.69630821964495	2.0778718069003184e-05	1.0006919628868232	4.314565726555658e-06	18.744923051545765
51791	95.15083970056831	2.0771532746900646e-05	0.9985007968986928	4.321043848894807e-06	18.754345200692658
52032	95.54613383653495	2.078712064932228e-05	0.9961122978376179	4.3379083445461145e-06	19.060752319956833
52290	95.99860826918442	2.0827645917256502e-05	0.9891312794646916	4.385573921890074e-06	18.395632973804698
52532	96.45086696798798	2.0941761917016615e-05	1.0076658108769332	4.352210697784295e-06	18.764655259109492
52787	96.8509022384819	2.0861952683735752e-05	0.9848009469388885	4.4193811057072115e-06	19.462159678116404
53048	97.3731787305565	2.102232410012559e-05	1.0087526661473158	4.381035365771034e-06	18.818924356078934
53295	97.75854113857976	2.093092297480222e-05	0.9965290507137192	4.3962946816586175e-06	19.253658446115423
53563	98.2295110124737	2.0967342897130806e-05	0.9938526271226987	4.423487508793253e-06	19.412739307424413
53822	98.78027672405527	2.1032088600025565e-05	1.0056618485649624	4.398583395706406e-06	19.085785609353252
54069	99.11991773373413	2.0972799993578362e-05	0.9870899154778195	4.456112180598247e-06	18.55846914618225
54342	99.64799289835128	2.110950539590695e-05	0.9992728151470814	4.459354955976019e-06	19.487131680528368
54595	100.11756346248485	2.1117184840731064e-05	1.0030677421434069	4.445716643670585e-06	19.350772493699047
54849	100.54225523763506	2.108486813729359e-05	0.9877713209115043	4.500754931382424e-06	18.147710356765334
55118	101.07710009135539	2.121498275130674e-05	0.9991937761868486	4.504386475022224e-06	18.395352532124654
55364	101.46900010203169	2.1223539938055163e-05	1.0091736851846353	4.463440279061693e-06	19.12739883010242
55610	101.64050830153023	2.1126855608589018e-05	0.981516116367889	4.547495659652234e-06	19.12161638679347
55878	102.09651404432624	2.1324857935405418e-05	1.011395685796654	4.496257719420934e-06	20.171218590157245
56134	102.31827829926418	2.120438096106777e-05	0.994838399807978	4.519586015466224e-06	19.399956265466923
56391	102.68047059494819	2.1259317993449895e-05	0.9904621980823918	4.563108036042645e-06	18.199391549730844
56642	102.9996017537168	2.1361432620596042e-05	1.0107573598407515	4.514543467446609e-06	18.453561485582867
56893	103.28064688642603	2.1247455065128644e-05	0.9840745898855496	4.587602925477083e-06	19.09487785365821
57148	103.64846089312671	2.1418690262191766e-05	1.0123399980358465	4.531681978760103e-06	18.72782584581811
57399	103.90662017123474	2.1287747599875623e-05	0.9827410096428429	4.6112678053468534e-06	19.048847347007015
57672	104.32837513004877	2.147386272971599e-05	1.0195598593511888	4.5228024260206755e-06	19.42973687153486
57932	104.56186254878895	2.126688135580926e-05	0.9797893421322162	4.616096778699551e-06	18.83508414289938
58191	104.95986228674158	2.148510362716352e-05	1.0026937643340914	4.603695507935257e-06	18.2188679972438
58446	105.2574670559914	2.1456224057217657e-05	1.0010758273799265	4.598748048870898e-06	18.754702113799237
58701	105.5842815741544	2.1444691764795545e-05	0.9941040167488964	4.6260230030159005e-06	18.819206949713895
58964	105.93977444219725	2.1508191469800292e-05	1.0063206030293113	4.596967396961023e-06	18.11595603993194
59217	106.22444344270065	2.1440539631644126e-05	0.9874885346574741	4.65521090688466e-06	18.650854302861937
59486	106.6265734360496	2.157593777077757e-05	1.011339973286804	4.603012863968444e-06	18.268699755178485
59741	106.88801755926852	2.1454633215155283e-05	0.9842252248987957	4.676788145154229e-06	18.839800285728355
60017	107.30811729490645	2.162588297654972e-05	1.0123591786298656	4.619692539839299e-06	18.550836328300008
60273	107.60207415978643	2.149347003124274e-05	0.9847007401718074	4.6914685359465345e-06	18.517121188773558
60534	107.95531696414562	2.1659798096811834e-05	0.9966207080586761	4.707376134181556e-06	17.341671325415238
60795	108.32507838276943	2.1696488504321515e-05	1.0132125132695287	4.645990917533535e-06	18.44530205001126
61051	108.6383836575086	2.1554560810959555e-05	0.9879196742415317	4.702802301311046e-06	17.85321080065745
61308	108.94276639884461	2.1685945451630756e-05	0.9951979806466142	4.7254942159905455e-06	17.843993143731485
61572	109.32929744911192	2.173820189433925e-05	0.998771136286613	4.731308349137646e-06	17.425989636634892
61830	109.66459866573135	2.1751570860831285e-05	1.0050493448514366	4.707538364533748e-06	18.444435043426918
62093	109.97829155512046	2.169686236425384e-05	0.986097438563878	4.773907912578762e-06	17.322333107222953
62370	110.40089579531676	2.184927438744537e-05	1.0074562258828013	4.738576019415178e-06	17.95386945990464
62627	110.72280941599159	2.1768270531705492e-05	0.9953643400973124	4.760644749390868e-06	18.52404463286984
62891	111.01824586571692	2.1818901781232868e-05	0.9975192956582121	4.7724838708504e-06	18.118401888330272
63170	111.44634086807325	2.184601535944347e-05	0.9972462471387188	4.785662402384092e-06	19.212349835801216
63434	111.79283721155133	2.1876156889143236e-05	1.011158691639731	4.732849988782166e-06	18.842150862100514
63701	112.09593039994604	2.175511431544814e-05	0.9801175734343439	4.82885943183143e-06	17.806190157618406
63972	112.54508686097891	2.197466594019447e-05	1.0050897804101415	4.804406059984954e-06	17.468280468355086
64235	112.86110276853384	2.1918955403907717e-05	0.9964386874235631	4.821577203518103e-06	17.937650967520604
64500	113.22956270120383	2.1958090088890024e-05	0.9929879817668895	4.855624934089082e-06	17.972522786826104
64767	113.61832195829483	2.203548259986398e-05	1.00572279700984	4.827995297039663e-06	18.19111241507902
65046	113.91795504586547	2.1972699645331845e-05	0.9956419407871767	4.849128084361875e-06	17.807000881027175
65306	114.53229188213825	2.2020735874084394e-05	1.075317345656941	4.509485598783314e-06	19.62079627048389
65571	113.77531738586995	2.123554943669533e-05	0.7759198555334123	5.811793017828153e-06	14.67641583965975
65850	116.03036325184857	2.4107660645172836e-05	1.3863203552217995	4.192243874900267e-06	20.280607650907683
66117	114.72941746131116	2.0474969779953933e-05	0.7985853864258532	5.24958751582353e-06	16.51464505489667
66371	116.25815949338859	2.2911978342830917e-05	1.0939201666459053	4.7988762579626035e-06	19.98182986554779
66641	116.00584575941576	2.1906337571494246e-05	0.9912567732821687	4.841204002140592e-06	18.23780891642893
66903	116.52096796531478	2.2002736198347222e-05	0.9333453264625684	5.186937636993404e-06	18.283637995726632
67178	117.07034340514645	2.277484936721515e-05	1.0959187956684284	4.7329580051866525e-06	18.50325575360979
67446	117.14519581634416	2.1755362569230265e-05	0.9156141138224818	5.169162350968602e-06	16.632550372076334
67716	117.87485455062395	2.2735791939073955e-05	1.0812853304421137	4.7805719780319656e-06	17.779341037155685
67983	117.90939490292703	2.186451915325824e-05	0.9416063225473325	5.077038953072297e-06	17.034702383247545
68259	118.5814617555446	2.2532285621020108e-05	1.0346738737434888	4.906897798340436e-06	17.37281010724779
68534	118.76839134126841	2.215151868008249e-05	0.9798079167926725	5.008020158076285e-06	17.17417236377972
68811	119.28962584456244	2.2378606207885883e-05	1.0008984562192396	5.003524710182304e-06	17.0110073008924
69086	119.62687517544221	2.23685598780572e-05	1.0060297772435198	4.973535399609894e-06	17.451284027937742
69366	120.03863913944318	2.2301424617297197e-05	0.9838403855651263	5.0552259010520825e-06	16.481830519423355
69639	120.45156283879983	2.2483829524909857e-05	1.010793211314792	5.001246391906891e-06	17.72717751536228
69921	120.82594429117957	2.236346661836418e-05	0.9851468932983067	5.076650422316757e-06	16.338759986261596
70197	121.26378677311136	2.25314234399799e-05	1.0111265349529457	5.020786466209202e-06	16.59045332859771
70476	121.62453355047072	2.240711151891114e-05	0.9870750670190162	5.086529519352632e-06	16.685676308803068
70755	122.06498307249096	2.2553335716369393e-05	1.0015029500588493	5.0788961920219444e-06	16.348689480997
71034	122.45987756025255	2.2536406528153384e-05	0.9976135002693594	5.091045971862474e-06	16.569070237926912
71315	122.87122086131193	2.256334632066457e-05	0.9981652536266797	5.100403919456164e-06	16.630428089641054
71597	123.29139174990954	2.2584073856273503e-05	1.0003503186276215	5.0986177786731715e-06	16.985407284761042
71879	123.69884496010442	2.258011908443614e-05	0.992557541035776	5.136848563311047e-06	16.655661841054524
72162	124.13347447809439	2.2664616836185532e-05	1.0071784827676227	5.1002366027474256e-06	17.20669299962316
72447	124.54552408947917	2.2583703422484598e-05	0.9969332530687044	5.115925852656797e-06	17.200044332764914
72740	124.97355420424763	2.2618412527533393e-05	0.9876153948486701	5.180079086799469e-06	15.897646390584782
73019	125.40992992301862	2.2759787096542592e-05	1.0021255210759297	5.169092072655616e-06	17.057256389553626
73307	125.81637621475669	2.273563738419404e-05	0.9947288637902114	5.196483444704565e-06	16.375539465503135
73589	126.26128334729545	2.2795796640399665e-05	1.00286825271299	5.181621245509448e-06	16.35293497722573
73866	126.68173209094749	2.2763174746747097e-05	0.9945349432421874	5.210094708806656e-06	16.25927801147102
74154	127.1293297566332	2.2825631883491538e-05	1.0005270961798183	5.2073499345491765e-06	15.953453703285813
74426	127.52920552242988	2.281961860888384e-05	0.9984695465965604	5.215331756786417e-06	17.26799967398289
74706	127.96526122727289	2.283710085975542e-05	0.9987741433648967	5.221732852650577e-06	17.720862222085007
74991	128.3789706483331	2.285111124792529e-05	0.9956328233020459	5.244637109624955e-06	16.93367973321373
75278	128.84095564406127	2.2901172698412096e-05	1.001105079549055	5.2388477660980275e-06	17.3970668058085
75564	129.25157712096453	2.2888529367563194e-05	0.9902843592605376	5.290245894633705e-06	16.24927366083785
75847	129.71917535739692	2.3000534547339776e-05	1.0017424636589638	5.281043867612996e-06	16.77602084721798
76131	130.13599112323095	2.2980521899236745e-05	0.9952002744859	5.306513676697964e-06	15.972934931745712
76415	130.59058285415236	2.303587132430194e-05	0.9968455775016356	5.3233056317484215e-06	16.475743969289123
76698	131.01139180749612	2.307228994215447e-05	1.0006756350587882	5.319711448191387e-06	16.60495678336892
76980	131.47761188133276	2.3064499665484587e-05	0.9952227319822778	5.345247126334847e-06	16.711392009670934
77271	131.92354981970203	2.3119790497179786e-05	1.0001252666979008	5.34457762874362e-06	16.427554090056535
77553	132.3685613644283	2.3118342563305916e-05	0.9961167208490105	5.365413025281141e-06	16.250630747968987
77838	132.84402186352935	2.3163361209636957e-05	1.0088367688828845	5.318415417414281e-06	17.175768048113092
78128	133.2613090104197	2.306168991512608e-05	0.9862175788748186	5.392740437137707e-06	16.12012762709319
78420	133.7427242846306	2.3222274731683172e-05	1.002625483926281	5.378618959513914e-06	16.360175751871907
78705	134.20209823458694	2.319184977425025e-05	0.9972256581364719	5.393582601519707e-06	16.752359060559503
78993	134.66745266929007	2.3224087929388546e-05	0.9951917503837183	5.4196415911205975e-06	17.243668839734482
79293	135.13907184157034	2.3280123691940724e-05	1.0025704118064238	5.40574659624707e-06	16.476785870855807
79584	135.61313065506818	2.3250261495834988e-05	0.9952578077265123	5.43150383175142e-06	16.758688670004332
79878	136.0819195198468	2.3305586951955146e-05	0.9945217414648426	5.461422918468625e-06	16.012493148362463
80169	136.57150032410362	2.3369687457192544e-05	1.0001804875485605	5.4604373775122896e-06	16.477201278389934
80467	137.0356790840724	2.3367578773831682e-05	0.995397334729981	5.485686154658561e-06	16.312897602597427
80763	137.53383366487208	2.3421541697033012e-05	0.9981854413678075	5.495658348955238e-06	16.35814214439464
81061	138.01132071620867	2.344282054053061e-05	0.9953574289362931	5.521291336347662e-06	15.815125841262475
81348	138.50630657245543	2.349742823448486e-05	0.9952753502709527	5.5475013370365816e-06	15.687505160359024
81639	138.95439124536847	2.355313426496903e-05	0.9938274044285493	5.581956496989933e-06	15.717641371447344
81929	139.4753708104132	2.36261645151936e-05	1.0051164842036109	5.553541887647692e-06	15.876117899323136
82224	139.90963091311957	2.3565954017708876e-05	0.9939727063103659	5.587217689570653e-06	15.712628885249453
82521	140.45616758209314	2.3637296143109622e-05	1.0035985153162408	5.5671840923460106e-06	16.462487693732783
82824	140.93539921253026	2.359488099640685e-05	0.9921156639228867	5.611426464463852e-06	14.901784793174292
83112	141.428830173995	2.368844964210164e-05	1.0013932627792812	5.603619150472232e-06	16.541311009530784
83412	141.91800318788628	2.3671964748352072e-05	0.9943318673638019	5.635562264869063e-06	15.906562780763384
83712	142.41826332716764	2.373933921757104e-05	0.995539603505254	5.6608117296654805e-06	15.264447046038695
84009	142.95341039527474	2.379246042271686e-05	0.99713388751916	5.677082887784926e-06	15.327502192196924
84312	143.44607119013108	2.3826629824179764e-05	1.0007833510432569	5.6726392199339705e-06	14.925704339511764
84612	143.96717352000047	2.3817302995792724e-05	0.9949428139802104	5.701472627598474e-06	15.115366611126
84914	144.49082831784645	2.3877756652580396e-05	1.0046342391024776	5.675172521187481e-06	16.04441615856903
85221	145.0005561781755	2.382262059721281e-05	0.9909531831910481	5.726983491704826e-06	14.965605582609493
85523	145.5445325854467	2.393111675560676e-05	1.0019387919895806	5.715901547571165e-06	15.528514275001003
85827	146.05067921139013	2.390795170559612e-05	0.9916026445556445	5.7643064779567675e-06	14.876580824723032
86127	146.58030096196427	2.400897015275076e-05	0.9984865352545409	5.773043776186018e-06	15.05132121203622
86430	147.10626929698932	2.4027159166630616e-05	0.9986990570541333	5.78056396009303e-06	15.522199338480748
86736	147.64525136441017	2.4042803414105085e-05	0.9988782273673686	5.787055720824165e-06	15.835725701754857
87045	148.18556106659426	2.4056300049725363e-05	0.9972049170308248	5.803276359742699e-06	14.936002125471731
87351	148.71819649991915	2.4089990368911936e-05	0.9947785663868028	5.833736829313824e-06	14.910193486099175
87660	149.25797294033666	2.415312987857645e-05	0.9929893306928411	5.874923978532011e-06	13.837432250512489
87963	149.81978210853794	2.4238242466259822e-05	1.0066463922732005	5.836134737705964e-06	15.313196137467461
88274	150.35269329100336	2.4158093338891552e-05	0.9916048874368516	5.8855445466706886e-06	14.800990993717368
88581	150.9340075986613	2.4260141274672514e-05	0.9975601290166047	5.899939638197711e-06	14.703438451717407
88887	151.44337251884662	2.428979134986077e-05	0.9940736364707456	5.935113277064902e-06	14.765668675176043
89190	151.99921213313863	2.4362087917633214e-05	0.9993259548831042	5.939116509546838e-06	14.93569569545277
89496	152.518764174053	2.4370302643887783e-05	0.9932014834473137	5.979770075385606e-06	15.11458450789222
89807	153.15654002209328	2.4453568400921787e-05	1.003397585948223	5.95952208688508e-06	14.31789800538439
90112	153.68186879109305	2.441213240764739e-05	1.0002182667536694	5.95822160519767e-06	15.75811946141183
90435	154.25360112446734	2.4409468665248882e-05	0.9904463797630136	6.0156932540086695e-06	14.750178042410367
90749	154.84434473757904	2.4526910229396347e-05	1.0033732797824253	5.995468860116679e-06	14.944229859833516
91071	155.41675741531557	2.448564653039956e-05	0.990897297366396	6.050545173603178e-06	13.783817263683233
91383	156.01084761202299	2.459785595047499e-05	1.0038659940070285	6.02724388486539e-06	14.40720570104639
91700	156.57373584670358	2.455044578997577e-05	0.9895049946810965	6.091170754330436e-06	14.824088932758427
92017	157.1845909849776	2.4680297312492887e-05	1.0012867566672303	6.083342972201907e-06	14.58181749556201
92335	157.76401908805983	2.466443385160484e-05	0.9965464734874663	6.1044247649715044e-06	14.618248969004675
92656	158.36869881993064	2.4707134121487065e-05	0.9949652575763301	6.135314493132635e-06	13.492642446754873
92965	158.95183835293392	2.4769566998905404e-05	0.9981787473098954	6.146508838890218e-06	14.539339931669293
93283	159.54292374626615	2.4792153675891524e-05	0.9984333070042685	6.156153641681285e-06	14.86013437962357
93610	160.15632298066427	2.481159737236054e-05	0.994754086371012	6.188618600341423e-06	14.155430026310954
93925	160.74892628964506	2.4876934297339422e-05	0.9970757133418241	6.206768972036732e-06	13.816069974065885
94243	161.35809157634077	2.491338791099422e-05	0.9971685298209685	6.22439315563949e-06	13.653608774859519
94564	161.9845396074863	2.4948733746704443e-05	0.9993221998993449	6.228614911453416e-06	14.313077332114412
94891	162.59035385961394	2.495719317442051e-05	0.9964946329394101	6.250525296940696e-06	13.73182119949323
95215	163.21465655432385	2.5001050571807372e-05	0.989016695456732	6.3199391129127295e-06	12.840336186393959
95530	163.8325717800635	2.513948908174692e-05	0.998857139701826	6.3271701845164e-06	12.838211507034796
95848	164.44991128414628	2.515386686876672e-05	1.0006283389722095	6.323197073366243e-06	14.02786406928747
96167	165.07083708990658	2.5145968013513105e-05	0.990439112860169	6.3842360335571244e-06	13.24926699503291
96487	165.68991860296344	2.5267045797950187e-05	1.0066722392958016	6.341921217598185e-06	13.782799603874903
96811	166.3224815167307	2.5183171399961098e-05	0.9886696040950225	6.414601188637994e-06	13.755325092945418
97130	166.97156371967085	2.5327062973503253e-05	1.0115915889220555	6.3410977897447195e-06	14.34124245223595
97465	167.57819854512653	2.518153646969287e-05	0.9761947401247769	6.495730338532865e-06	12.563299190745218
97787	168.25671145201554	2.548672269738278e-05	1.0088651983087518	6.438650425668584e-06	12.929494000813719
98117	168.87318906413108	2.537449590764038e-05	0.988038407158964	6.516599333605338e-06	13.261757197203993
98449	169.5622084479312	2.552763078236078e-05	1.0070059113039327	6.471262244297301e-06	13.368510578041219
98782	170.19933326578956	2.543867576014385e-05	0.9908691264515719	6.530895020891118e-06	13.646887310007266
99116	170.88987568911682	2.555561586205881e-05	1.0033077565640114	6.509363630614418e-06	13.46705814084688
99446	171.54540637859137	2.5513454549735943e-05	0.9892814862909715	6.579890274727992e-06	12.794422090194951
99784	172.22523533598064	2.5651296799047008e-05	0.9998063965807078	6.581164410660821e-06	12.68029295918462
100117	172.89061843908132	2.5653780249040924e-05	0.9961915484950667	6.606324276292947e-06	13.22199624682677
100454	173.58705044412034	2.570277081618429e-05	0.9981905685133659	6.618299636042384e-06	13.21690973584151
100789	174.25435813694713	2.572605612223215e-05	0.9927994954963525	6.666300361820337e-06	13.52284527794643
101125	174.9664872636862	2.5819179618687228e-05	0.9978444832554946	6.6807007240961585e-06	13.120831416582044
101476	175.63825754977685	2.5847051522555057e-05	0.9932315760920202	6.726226677550985e-06	11.783661675566686
101813	176.37245742831755	2.5934969977910105e-05	0.998696744733202	6.735004107125502e-06	12.152842811290334
102148	177.02507506831404	2.595188645768454e-05	0.9933579167298614	6.780037681983917e-06	11.789386297985667
102484	177.75964835236834	2.6038505490876232e-05	0.9995038730998662	6.783403110741607e-06	12.06434248408351
102817	178.4407604385662	2.604496709681471e-05	0.9925460100384514	6.834346259151068e-06	11.785719329316812
103147	179.1089043238138	2.6142582617543868e-05	0.9957053587015127	6.863823920826997e-06	12.812641476190151
103492	179.84682523260247	2.6198900589198392e-05	1.0015352766226613	6.853302206161846e-06	12.370075420385465
103837	180.549824068434	2.617881243708707e-05	0.9953867148300303	6.885064974302071e-06	12.92587930373008
104191	181.30751776609685	2.6239407337632595e-05	0.9985460703319703	6.895089950144321e-06	12.571971744411897
104534	182.0316580420383	2.6258503289685655e-05	0.9958307997899577	6.923957314433985e-06	12.483542362185954
104882	182.7540623753542	2.6313413527009348e-05	0.991762714365613	6.981465641066105e-06	11.992530300958478
105226	183.4915413274971	2.6422463248278173e-05	0.9985465075891454	6.991627919186163e-06	11.848351880153853
105566	184.2157358999809	2.6441686631503225e-05	0.9924991059079202	7.0444677255304414e-06	12.597637261508263
105916	184.95183372105672	2.654141617459483e-05	1.0035919880209543	7.019254646922667e-06	11.913868890887976
106262	185.7192043312535	2.649387598469251e-05	0.9943537152048666	7.059112405967618e-06	12.650397696921441
106637	186.47789348835693	2.6568990206569047e-05	0.9956353303775779	7.0900581674723925e-06	11.190320373043289
107120	187.53987912988117	2.6627163137428653e-05	0.9975181807630025	7.107698189570041e-06	8.538293161302047
107471	188.28928474864742	2.6660266670778147e-05	0.988598115810287	7.189674020109113e-06	11.589083672962595
107824	189.08072356277796	2.6813567498766576e-05	0.997865982035793	7.2050497256566685e-06	10.899754496218458
108172	189.81603675857522	2.6842223688913456e-05	0.9954101382379006	7.238272395347733e-06	12.166482607202653
108532	190.6235841360693	2.6904037606552172e-05	0.9970701958675888	7.259541429828257e-06	12.285062059471468
108893	191.40047408589885	2.6943536200410396e-05	0.9979638977488465	7.274352755850126e-06	11.405731721215105
109250	192.186385357596	2.6971008056522703e-05	0.9934833248590921	7.3220682962966326e-06	10.60973078067509
109606	192.93064728524408	2.705932056851508e-05	0.9929286626527827	7.374213850101221e-06	10.863167341701102
109937	193.2407346869467	2.715550377014063e-05	0.9919102271253563	7.4343561024391744e-06	11.857510328940537
110294	193.79879576906032	2.7266015664998022e-05	1.0215100342101944	7.277810156987083e-06	11.633896112533698
110638	194.1869071969131	2.6977416772157936e-05	0.9702373377742757	7.501061723394792e-06	11.501476919050704
110990	194.66612464868388	2.7388066239504373e-05	1.0137676685377017	7.3991920991272265e-06	12.194610690810519
111352	195.14079406244258	2.7201456025601327e-05	0.9954044236517532	7.433352638701823e-06	10.723762883951574
111701	195.58755132963108	2.7264175466538182e-05	0.9882793447774292	7.521509660182054e-06	10.968178083082416
112043	196.03872582397287	2.742537084559123e-05	1.0046168389968289	7.48694364678651e-06	11.920072142057608
112397	196.5274381251951	2.7362279961265128e-05	0.9954839878716262	7.520908159250071e-06	10.779674670011522
112738	196.93705310549538	2.7424274209630548e-05	0.9983594809320474	7.533266626795301e-06	11.51395816311351
113099	197.42054730396202	2.744679694754071e-05	0.9963873700474211	7.560580205303857e-06	10.473572290840332
113443	197.9091137536556	2.7496509242636336e-05	0.9926658301506006	7.616440473383489e-06	12.163407701844502
113800	198.30742201355443	2.759789932836101e-05	0.9907368721154762	7.687652178646026e-06	10.903275272904725
114154	198.82072709439967	2.7726615694393762e-05	1.0191734148386267	7.54302660049592e-06	11.028937125686047
114520	199.30593252010385	2.7464570997006164e-05	0.9864632899041202	7.64653553527478e-06	11.082300229409602
114877	199.7348407317655	2.765236976332188e-05	0.9902655826202729	7.721701803511958e-06	10.387565384316902
115240	200.2519737192959	2.7787950272576706e-05	1.0072582391610745	7.666059708722969e-06	10.268398769742609
115597	200.72562043327665	2.7687650150785586e-05	1.0002413361299367	7.664210057928569e-06	11.075850002567243
115957	201.17797692455787	2.7684309740227527e-05	0.9916119185651191	7.729041890721545e-06	10.790865406007924
116318	201.6682990705798	2.7801154455744364e-05	0.9982331165597255	7.742722378675071e-06	9.785252578430667
116677	202.15643675569265	2.7825747750375143e-05	0.995770879340029	7.775606356159711e-06	10.592219288913453
117043	202.62731564520575	2.788477426152077e-05	0.9958871202919796	7.807718563405074e-06	10.392375252837926
117397	203.1405020958855	2.794229511583663e-05	0.9992214174601005	7.813802253409808e-06	10.458825310473364
117751	203.58961711780458	2.7953179163397153e-05	1.0014877998794942	7.802194149893805e-06	10.746909314582123
118118	204.0632199314654	2.7932407969764806e-05	0.9836696253800514	7.931722143884785e-06	9.77560771135938
118472	204.55959399126985	2.816331327078685e-05	1.014176144338787	7.82085260845495e-06	10.274954952344807
118841	205.05920658572552	2.7965787327473817e-05	0.9920849580031575	7.883248854207564e-06	10.734661314595838
119218	205.5478699999968	2.807712388085283e-05	0.9900514705757668	7.96246365820056e-06	9.937286652751906
119593	206.07511602752004	2.8217837724036473e-05	1.0086137323068984	7.894462868345878e-06	10.118916001140807
119959	206.55671064205117	2.8097086803342934e-05	1.0128391034285942	7.794389890380493e-06	9.907510099737566
120337	207.07841297999417	2.791843457355819e-05	0.9785260636142916	7.96543922559515e-06	10.48059457862225
120712	207.55837546220457	2.8223109725179383e-05	0.9890287659619099	8.05379934308394e-06	9.834081048602933
121079	208.06954090866785	2.8379216590815084e-05	1.0071434765883736	7.996675280433341e-06	10.784953125104195
121465	208.5977632382546	2.827839330731741e-05	1.0073795006388784	7.938096095227134e-06	9.51530500623004
121841	209.1035072174721	2.817462705206075e-05	0.9833807385743734	8.072250943958033e-06	10.241880590143282
122239	209.65378404317326	2.8411706995458816e-05	1.0021532067879433	8.054907063392883e-06	9.790246552399774
122627	210.17514706989348	2.8381168163754086e-05	0.9958675263559743	8.088331881718218e-06	8.903167965857588
123005	210.7010045072877	2.8439992759700584e-05	1.0036225716533997	8.059137080180691e-06	9.170871610984012
123385	211.21237255111117	2.838861933976482e-05	0.9895619951038263	8.144145713008225e-06	9.457033742511488
123764	211.73716911465866	2.8537949668832595e-05	0.998574942934277	8.155768148033978e-06	9.116486575642169
124147	212.26458435835923	2.8558305531025437e-05	0.9971741906633345	8.178880103794752e-06	8.661922582064351
124529	212.79818004884967	2.8598741412507566e-05	1.0002331375941744	8.176973743808494e-06	9.733619178915006
124913	213.30993751002705	2.8595408274421425e-05	0.991191769117613	8.249638464096474e-06	9.079239868991332
125293	213.84683753255703	2.8722183872568732e-05	1.005633711696413	8.203422745424954e-06	9.653643108946218
125672	214.3734669036329	2.864161787578515e-05	1.0023707696975805	8.184020318050536e-06	8.643868259676855
126061	214.9070694367401	2.860772678499733e-05	0.9812203263442131	8.340655098883036e-06	8.954396714184236
126448	215.42295275993544	2.88801923450711e-05	0.9985512022252496	8.352756553991488e-06	9.153185549271766
126835	216.00794547861605	2.8901135884237297e-05	1.0019388438780412	8.336593201299428e-06	9.491739851924528
127213	216.51641714827593	2.8873159164350942e-05	0.985218256831761	8.461671455529077e-06	9.417764023018501
127595	217.0126622128281	2.908895229383327e-05	1.0015070785121287	8.448938242253876e-06	9.24113797186219
127988	217.54783368860808	2.90670573712818e-05	1.0083014504456498	8.379377257187926e-06	9.172522501497614
128390	218.15310424863048	2.894715401760236e-05	1.00091311037904	8.371732940948993e-06	8.865881164048655
128791	218.69118183147202	2.8933947088064206e-05	0.9773821640890717	8.565465227976116e-06	8.133278683023013
129181	219.23455646325883	2.926681606867429e-05	1.0047844811458044	8.52467906173123e-06	8.482008057975415
129575	219.7791795352767	2.9197053039187414e-05	1.0020491634379247	8.507246323607473e-06	8.893584746193923
129980	220.3696912132479	2.9167184169212277e-05	1.0015553836340851	8.4940348408287e-06	8.460749989743178
130366	220.88712816010928	2.9144527515176324e-05	0.9799049216156188	8.668223470930377e-06	8.540339448460932
130766	221.46959010414267	2.9441846869601062e-05	1.009507673095184	8.58658502748505e-06	8.012273251284102
131164	222.03452789089758	2.9302875332439732e-05	1.001645294062316	8.572480775765365e-06	8.699176712914426
131576	222.6072434785758	2.9278799114317114e-05	0.9874832787513013	8.681140187614615e-06	7.963813697397819
131972	223.17616552039615	2.9463774686239056e-05	0.9978819101558378	8.69956665138753e-06	8.62698701906649
132383	223.7409641568924	2.9495027803661298e-05	0.9961959338382412	8.732786749960912e-06	8.965451598059664
132787	224.31534580289465	2.955128888891466e-05	0.9960567010426226	8.767359067832046e-06	8.11436453753806
133192	224.85703792217794	2.9609726557048866e-05	0.9981144023794789	8.783922010273464e-06	8.33521117960478
133613	225.5111525069036	2.9637682112934313e-05	1.0122362003866914	8.677739451442122e-06	8.641537606749388
134035	226.09766171877973	2.9458003074618147e-05	0.9872453047242568	8.789851326632406e-06	7.553610377833145
134441	226.69249905224376	2.9647683428275482e-05	0.9869738814943348	8.905860115896956e-06	8.087283752568563
134852	227.26241758644784	2.9842687740712897e-05	0.9970485548267349	8.932223082600627e-06	7.929921266978806
135256	227.83404271166026	2.988682499463706e-05	1.013198153262111	8.815869880775325e-06	8.333261586114222
135668	228.44000020688446	2.9691530578222678e-05	0.9928084078688391	8.879729271934205e-06	8.855637198339188
136072	229.0246943933476	2.9798874596088695e-05	0.9928736584026658	8.943463447524534e-06	8.386056873009492
136478	229.57972857112566	2.9905623965275386e-05	0.9801677192849213	9.124421536805163e-06	7.517261039626044
136880	230.16473815888256	3.0206657439718753e-05	1.0208418383636426	8.938134384687e-06	7.792459079501402
137324	230.83424432357492	2.989671283717827e-05	0.9914728685584042	9.015006530317864e-06	7.387419244830975
137758	231.45956524692562	3.0025000466807428e-05	0.9852513004734457	9.149956489258988e-06	7.580417839967973
138187	232.08167336354572	3.024889500338647e-05	0.9926148481608321	9.218033063088367e-06	7.247232595379941
138595	232.68073891550094	3.0361213847750495e-05	1.006801728048438	9.15575808650666e-06	7.580482895262929
139012	233.28200571265262	3.0258483250993693e-05	0.9822922431184504	9.320808700922018e-06	6.365039826837224
139424	233.85084404427678	3.0529999510190006e-05	1.007251846935952	9.25370226848013e-06	6.811518635567809
139858	234.51931217207274	3.0419898534479255e-05	1.0062940683440804	9.195823129224714e-06	7.760054824932824
140303	235.14781309291848	3.0324615626953485e-05	0.9887074722744359	9.300853272677831e-06	6.746463464372626
140746	235.81702271564484	3.0497300327533634e-05	0.996052556131814	9.337713372071293e-06	8.102963525080417
141203	236.47271798493534	3.055767231330177e-05	0.9936848007831521	9.397057663267034e-06	7.226354167564038
141656	237.1555736087788	3.0654620635830795e-05	0.9958287082003411	9.436419723477715e-06	6.053520485376922
142096	237.81779859497345	3.071875603516151e-05	1.0009530907056803	9.427434523255195e-06	8.094336085546951
142558	238.51045751395992	3.070412761055945e-05	0.9869297063003691	9.552285702894813e-06	7.13061031749191
142967	239.0943338007831	3.090677223990692e-05	1.0017581948182142	9.535520400337961e-06	6.979748872647608
143404	239.7624285635486	3.08796379517927e-05	0.9909038994972889	9.623052654425495e-06	6.140125623008788
143858	240.42797777805453	3.102104552465228e-05	0.9947302691915144	9.67403219995186e-06	6.733609010336671
144308	241.07691835534203	3.1103106275662976e-05	1.0061880296612844	9.614537158833474e-06	7.778242483058148
144764	241.7674372898327	3.100731713456273e-05	1.0018476660780404	9.596805466914703e-06	7.344184196645697
145196	241.9727955048194	3.0978711185126314e-05	1.0227209586322084	9.383601055511284e-06	7.585495525689274
145588	241.95613331715515	3.063266402961271e-05	0.9513518477992077	9.863439144222682e-06	7.724455871152259
145987	241.9874261478478	3.140611269199466e-05	1.0168389059436562	9.70010007147506e-06	7.719511820441444
146387	241.98607732363672	3.114498365945158e-05	1.0086518765293722	9.616895875762137e-06	7.468394309162768
146776	241.98534343288702	3.101112038569735e-05	0.9942406150649946	9.672604126249126e-06	8.210133095987164
147184	241.96422394148607	3.1100810481801156e-05	0.9936366995819241	9.73454797947671e-06	7.955689093240182
147584	241.97772156491163	3.120023714569604e-05	1.0071343230074814	9.665590534545209e-06	7.354541899641631
147979	241.98321303972665	3.108953286002414e-05	0.9989490673343204	9.675759105854794e-06	8.317115655215384
148387	241.9743439273172	3.11058822505564e-05	0.9969184802098452	9.70566731175262e-06	7.9394848447842135
148790	241.97583893700732	3.115391999693236e-05	1.00525169510318	9.654962393031749e-06	8.110311522637916
149200	241.98029270502886	3.107243536163805e-05	1.0028672579215046	9.62735827375815e-06	7.764451198929301
149600	241.97735746052686	3.102798458449751e-05	0.9930934881345107	9.694312155689173e-06	7.769811635048443
150016	241.98254076412715	3.1135690382082705e-05	0.9982767917348199	9.711046310955761e-06	7.439253041563462
150422	241.98684447700782	3.1162551742365e-05	1.0025805046154719	9.686051410585048e-06	6.8980864470849355
150827	241.99729839522303	3.112242183793711e-05	0.9993564117670676	9.692289253899033e-06	7.7964193848467165
151244	241.99978496323456	3.1132441686926894e-05	0.9950034938786241	9.740960020268383e-06	8.015172538862092
151660	241.98844629571542	3.121051108243565e-05	1.0041823233230875	9.700389853540879e-06	7.844456607271535
152086	241.96674430349367	3.1145448870647026e-05	1.002994946768988	9.671424452126474e-06	7.953131279434666
152513	241.9841148553697	3.1098913891206024e-05	0.9998508829773667	9.672866841230162e-06	7.3754212540232
152936	241.99395191702072	3.110123283927852e-05	0.9960099335647906	9.711616837605509e-06	7.317547811850911
153350	241.98842542836212	3.1163467133176155e-05	0.9904834449061823	9.804925955653283e-06	7.202962877854261
153767	241.9830059319446	3.1312818390642006e-05	1.0124186900404533	9.68465522427436e-06	7.34689799973706
154195	241.98085346354716	3.112017870172722e-05	1.003428016439805	9.651569485408462e-06	7.116056254819289
154613	241.9906404987104	3.106697520745858e-05	0.999537680888385	9.656033654309246e-06	7.730449104154721
155057	241.98611141962147	3.1074159126691175e-05	0.988169436165507	9.771637637142998e-06	6.7448331259785546
155486	241.98066831339548	3.125961873910653e-05	1.0032428662881243	9.740051951026438e-06	7.587460964289328
155923	241.98105369607316	3.120905629945647e-05	1.0104664541690038	9.639164081935351e-06	7.130035241382715
156359	241.99248048362043	3.104700320793515e-05	0.994538500164481	9.692097470677293e-06	7.203399669509261
156797	241.9721661465713	3.113213367354908e-05	0.9947406994639709	9.743340627260955e-06	7.14538182856628
157238	241.98250556433575	3.1214324639916454e-05	1.0050801172284098	9.694093495878725e-06	7.385452786096532
157678	241.98694257217116	3.11353392399677e-05	1.0026785997788052	9.668196267495165e-06	6.997980672015971
158117	241.9829898415629	3.1093723269327475e-05	0.9987258691705543	9.680530529888691e-06	7.320110618606818
158566	241.98587677937428	3.111355095434896e-05	0.9947739615522491	9.731387133196728e-06	6.727456521676018
159007	241.9787889897388	3.1195171314158106e-05	1.001363542631462	9.718136040407286e-06	6.429332870378575
159464	241.9855075383094	3.117392506632311e-05	1.0012435659170666	9.706065907655721e-06	6.551951086524113
159917	241.9592696175856	3.115455971066791e-05	1.0023578260801895	9.683234524752668e-06	7.405146941991897
160361	241.9779416773247	3.111789601620371e-05	1.0005162302173631	9.67823832567811e-06	6.828592061850691
160822	242.02589524034352	3.1109867125524836e-05	0.9869115353741765	9.806591552310424e-06	6.5408807769461434
161276	241.96482278984033	3.1315477886039715e-05	1.0010734331156363	9.796076119800136e-06	6.59260245217872
161735	241.96494387327883	3.12986838697734e-05	1.0217062525696077	9.587957492834019e-06	6.946150004331223
162197	241.96587862420697	3.096442715897393e-05	0.9952913823028101	9.633317100214736e-06	6.848947511501507
162674	241.92981339760271	3.103758544122712e-05	0.9934123825929847	9.697198534077108e-06	7.113746480015837
163136	241.97181181551818	3.114032519752661e-05	0.9943863684108424	9.751942345684487e-06	6.403128893703458
163604	241.9773866071258	3.122810007939082e-05	1.0136372504011013	9.620741879627644e-06	6.747968175373761
164081	241.9788393751702	3.1017320773444703e-05	1.0014139280628458	9.607158049257604e-06	6.806401631229652
164558	241.97896431199362	3.0995415869540455e-05	0.987861494171584	9.725207537635751e-06	6.735622259867046
165041	241.96409769677382	3.118526501031497e-05	1.007185905268409	9.655821717485257e-06	6.266120317878489
165509	242.00089106048168	3.107381810702582e-05	0.9961095911257322	9.693533526339141e-06	6.545597953919724
165983	241.98595765518724	3.113443997623715e-05	0.9948548373652004	9.743666273977969e-06	6.060291655878215
166457	241.99247809082053	3.12148462658043e-05	1.0013752729985068	9.730284476469689e-06	6.3251110331105185
