时间秒	晶中温度K	设定电流	电压差V	κ	时间常数
344	2.048296402846858	2e-06	0.055498332183092636	1.6126999997896604e-06	2
499	2.0449002870101083	1.8983445150623352e-06	0.05031190428140819	1.6074201301709556e-06	2
654	2.044557700923263	1.8924510558822465e-06	0.050097752503670545	1.6047595679591463e-06	2
942	2.1400793966404175	1.8906038456948444e-06	0.044804105322269194	1.7538559018027347e-06	2
1098	2.1456145519081096	2.0465449314596677e-06	0.052306757854224006	1.752967182665668e-06	2
1253	2.1455595419499347	2.0503218252978845e-06	0.052486236167860856	1.7532112156374977e-06	2
1568	2.244536783453044	2.050590642778779e-06	0.04756490790324808	1.8964786267600178e-06	2
1723	2.2502519337971787	2.207546917058551e-06	0.05456422508090597	1.9094364931339697e-06	2
1878	2.250625643208467	2.2188617713283506e-06	0.05494897298705137	1.914688469611427e-06	2
2325	2.354749062848513	2.2224129506016804e-06	0.049934564373980805	2.071638656975428e-06	2
2480	2.3605773450652157	2.39272659730159e-06	0.05768801568323667	2.071452708566933e-06	2
2635	2.3608786035041236	2.396730638245971e-06	0.05778601213767143	2.074967025079789e-06	2
3268	2.4698243503241866	2.3987048662831513e-06	0.05280232973296428	2.2309688638704375e-06	2
3424	2.4755540917671954	2.5734389749457533e-06	0.06014955949149847	2.245858277025694e-06	2
3580	2.47603058446868	2.586790449504206e-06	0.060779046852520224	2.2454849482952354e-06	2
4212	2.590153567135908	2.5867109802107564e-06	0.055431561307126564	2.4162936768272894e-06	2
4367	2.59649812719773	2.775412888924692e-06	0.06315064780146562	2.4327644704263933e-06	2
4522	2.5969749847277317	2.789953376128084e-06	0.06396175194476417	2.426728723685897e-06	2
4811	2.7168199984777583	2.7867308162321615e-06	0.05818791648483268	2.6132720720118317e-06	2
4966	2.7235671162824966	2.99041536926872e-06	0.06646613384577016	2.625219198196061e-06	2
5121	2.7239498906122317	3.0025082306442194e-06	0.06710896212902062	2.6215725914430908e-06	2
5435	2.849886221034776	3.0001767753222357e-06	0.06117260971425953	2.819750554324994e-06	2
5591	2.8569172015410382	3.217480247939496e-06	0.07005036912342755	2.822668133387447e-06	2
5746	2.857104836912654	3.224469136081784e-06	0.07100071233208949	2.796882321039515e-06	2
6034	2.9893849370159007	3.209773744632885e-06	0.06361800016634334	3.0401683298621566e-06	2
6189	2.9971716716993697	3.4588092540808084e-06	0.07363803688265147	3.040136748597242e-06	2
6344	2.99758059907074	3.464317675337614e-06	0.07377839415010223	3.043341926838756e-06	2
7136	3.136612945760896	3.4665327616058203e-06	0.06766868386655256	3.266414587079811e-06	2
7291	3.1445986434567543	3.711404518406616e-06	0.07749889451821801	3.258636058616714e-06	2
7446	3.14439452966641	3.7130208361543705e-06	0.07746504875970972	3.26338428199808e-06	2
7735	3.2912848756369875	3.7154492624881817e-06	0.07149542259053243	3.4811753275749886e-06	2
7890	3.298973295610444	3.965552590564898e-06	0.08063561761452309	3.507700350987133e-06	2
8045	3.2995745502059397	3.9853984996176485e-06	0.08153549970518847	3.5021174447225713e-06	2
8466	3.454015995535288	3.983179534588939e-06	0.07457446810992518	3.7628060759704176e-06	2
8621	3.4624191140713654	4.265411609664405e-06	0.08551397375182423	3.752744059608832e-06	2
8777	3.462647689625763	4.265486282766622e-06	0.08530817252054357	3.7618482575886593e-06	2
9065	3.625126386493775	4.270703072304673e-06	0.07912685264842523	4.001635318910999e-06	2
9220	3.6334403433566758	4.54944300123645e-06	0.08909657627639911	4.022300188389243e-06	2
9376	3.63397466333299	4.567184088665231e-06	0.09000874349503896	4.012431271409551e-06	2
9691	3.8051143163707115	4.561702557831317e-06	0.0826071802485604	4.294595784887611e-06	2
9846	3.8141556414385542	4.873416295718557e-06	0.09440762777547507	4.2779614525935e-06	2
10001	3.814400120075196	4.870184506747228e-06	0.09428904035889651	4.277607350049282e-06	2
10289	3.994779982445586	4.870014486104839e-06	0.08665079742195614	4.584245018783948e-06	2
10445	4.004560774982223	5.205399509631668e-06	0.09896895867008881	4.5740536362577275e-06	2
10601	4.00465610289476	5.20612584788305e-06	0.09892350918103965	4.577769979883125e-06	2
10889	4.194810955945494	5.208048270131535e-06	0.09227272622093174	4.83871784503145e-06	2
11044	4.203442754899445	5.5276822442245095e-06	0.10308291778030032	4.869865318351158e-06	2
11199	4.203950234379418	5.550785736993936e-06	0.10404302616004735	4.864696701495512e-06	2
11487	4.4046240100021725	5.548207832924081e-06	0.09650176084185169	5.164108450718208e-06	2
11643	4.415132125527689	5.900441337448547e-06	0.10847209116267642	5.185202427813981e-06	2
11798	4.415358303769217	5.91868034498472e-06	0.10888037513665338	5.197697395224672e-06	2
12087	4.627025090415198	5.925833922567318e-06	0.10190996123072171	5.488764479785297e-06	2
12242	4.637933453245864	6.283985899323918e-06	0.11369251888363952	5.521358532823504e-06	2
12397	4.637303499035066	6.309040304847336e-06	0.11490750382672399	5.506086092512567e-06	2
12686	4.86021379148173	6.300618019387758e-06	0.10683914213190437	5.826158196510913e-06	2
12841	4.870470102998063	6.686620086860006e-06	0.1198241410135159	5.8402490977533106e-06	2
12996	4.870856306065891	6.700746377605858e-06	0.1199653273924488	5.857290072162758e-06	2
13312	5.106307362790689	6.7109499869987105e-06	0.11239519150406707	6.18730130591833e-06	2
13467	5.117457945644643	7.115304324824369e-06	0.12547958509610702	6.21852025372077e-06	2
13622	5.117551896501508	7.139869699724299e-06	0.1269074521549518	6.191367094731118e-06	2
13964	5.365368595149164	7.124100982932607e-06	0.1184072590765286	6.521352573710636e-06	2
14119	5.376508862288551	7.5408255815393315e-06	0.13189560326577077	6.548679454553223e-06	2
14275	5.37714961439705	7.5627845670214344e-06	0.1316502830577404	6.598342314253279e-06	2
14723	5.638385477158913	7.591871061891742e-06	0.12463517491087206	6.934579494570631e-06	2
14878	5.649913368215193	8.026036902103752e-06	0.1389498785466845	6.9411754255091335e-06	2
15033	5.650554863851962	8.036088461901574e-06	0.1389268423456027	6.959308278762002e-06	2
15375	5.926844502587092	8.04681967006061e-06	0.13085863658399344	7.317524808935661e-06	2
15530	5.938057500268323	8.507272914573041e-06	0.14515815478714522	7.361869552690018e-06	2
15686	5.939188646969505	8.539588382698575e-06	0.145531746085652	7.398199861574491e-06	2
16080	6.230533957724323	8.561017004089727e-06	0.13780524987840082	7.757966495707958e-06	2
16235	6.242920408970524	9.037627134393502e-06	0.15180383611912251	7.838040675287315e-06	2
16391	6.244426184794781	9.090232429989537e-06	0.15410314430600813	7.809525279349183e-06	2
16733	6.549956403378491	9.074677071961775e-06	0.14513701767053	8.169430599026913e-06	2
16888	6.562664289324714	9.565301705629293e-06	0.16090159820859906	8.175682720231044e-06	2
17044	6.5623798019283734	9.575800401040973e-06	0.16044915535522808	8.216897753344658e-06	2
17492	6.8853649183628125	9.599817092804215e-06	0.15164763476376564	8.638980357405855e-06	2
17647	6.899873817247398	1.0143699579025085e-05	0.16836642871140484	8.676273328864067e-06	2
17802	6.900683578668863	1.0172316609967888e-05	0.1704397142315468	8.618185196767442e-06	2
18144	7.239285422109562	1.0138780265748954e-05	0.15864877962859225	9.09869932240489e-06	2
18299	7.254410437328998	1.0732804855264618e-05	0.17555267368196414	9.202437085958784e-06	2
18455	7.256145880254096	1.0800786937860682e-05	0.1792878222709966	9.123618607240227e-06	2
18823	7.612508734303107	1.0755383317453397e-05	0.16665236718286547	9.63080418289663e-06	2
18979	7.628358479648904	1.1383103620125802e-05	0.18700203080296962	9.601988024443409e-06	2
19134	7.629073326322338	1.1373079302021051e-05	0.18634871234670136	9.618906709760879e-06	2
19529	8.006489564863873	1.1382965221006886e-05	0.17605346768660457	1.0094306238591869e-05	2
19684	8.020719187486627	1.2010699635298758e-05	0.19627875470119616	1.0069381506514412e-05	2
19840	8.021248670098004	1.2002365513997066e-05	0.19485364389010584	1.0127944965824555e-05	2
20288	8.41956507814077	1.2037817964938133e-05	0.1852378805230348	1.0610435516745428e-05	2
20444	8.436122353368173	1.2688570842248013e-05	0.20599216190999314	1.0589569398833533e-05	2
20599	8.436317006862863	1.2682860032996267e-05	0.20510933379201113	1.0625450431885839e-05	2
21048	8.853237909063406	1.2704404890885367e-05	0.1946705110998206	1.1124276619608167e-05	2
21204	8.869449745714121	1.338531912939311e-05	0.21509302877879044	1.1164747718276413e-05	2
21359	8.869815324173638	1.3416525199312225e-05	0.21680824191903092	1.112840350690382e-05	2
21781	9.310465531522969	1.3394504269759536e-05	0.20402209003009375	1.1676944534411738e-05	2
21937	9.328359101935279	1.412560919323657e-05	0.2268284966815095	1.1669436074725622e-05	2
22093	9.328135503223752	1.4127896907704289e-05	0.22646356674692925	1.1691624403352049e-05	2
22887	9.789747934177615	1.4141565304061453e-05	0.21344607844429397	1.2316813598645339e-05	2
23042	9.80890002402096	1.4940570481278361e-05	0.23804735687130396	1.2314375033991453e-05	2
23198	9.811194202092251	1.4946836574238403e-05	0.23886777744339227	1.2282056645299371e-05	2
23727	10.296007140516195	1.4927404073998672e-05	0.22416853477542986	1.2939502588783876e-05	2
23882	10.31536683136402	1.576904524457941e-05	0.2502068326082103	1.2924563494186615e-05	2
24038	10.31639279166357	1.5767551330562492e-05	0.25201300451208475	1.2829741178452546e-05	2
24487	10.825444620516098	1.570945846309606e-05	0.2372111876880414	1.341608639080536e-05	2
24643	10.84600541703806	1.653090829510267e-05	0.2616761380376893	1.345572855153024e-05	2
24799	10.846581876499185	1.6562189225202126e-05	0.2642377931690998	1.3374942642252293e-05	2
25461	11.381254900585759	1.6512900413807947e-05	0.24952848943952866	1.3964746228149501e-05	2
25617	11.401214868048774	1.7360452020924786e-05	0.2734706344637079	1.4072504681001844e-05	2
25773	11.402713570732535	1.743425587574038e-05	0.27507915819771966	1.4108587110326133e-05	2
27072	11.965597440675808	1.745710838251626e-05	0.2637728064657541	1.4635118181642679e-05	2
27229	11.98641651982388	1.829151525564023e-05	0.2870266931518515	1.4755111246336943e-05	2
27387	11.988257599706444	1.8373035969904998e-05	0.2887224312876757	1.4798292039905696e-05	2
29060	12.58030104351804	1.8400645040502677e-05	0.27856501206904305	1.5266016554700006e-05	2
29217	12.599185254149837	1.9224577260104363e-05	0.30253552902252423	1.5333593964409e-05	2
29375	12.598637990349827	1.9273280467867582e-05	0.3049998005979564	1.5286058823916996e-05	2
30757	13.218414038712393	1.924389145605382e-05	0.28783471880060496	1.6029291696713684e-05	2
30914	13.242503643939116	2.0267631258811632e-05	0.32204973401851156	1.5879839482607606e-05	2
31071	13.23812722442433	2.01800950004131e-05	0.3205932021324003	1.581550784238738e-05	2
31736	13.887483789491398	2.0138528605684252e-05	0.3044134111293495	1.6469590174755946e-05	2
31894	13.910752183859866	2.1133536557833384e-05	0.33263689675378494	1.658435093493859e-05	2
32051	13.911890992768098	2.1215990062071124e-05	0.3311168143656644	1.6796847091138353e-05	2
32955	14.588488232318038	2.1347598188060992e-05	0.322757897151039	1.7324101260276374e-05	2
33112	14.614455874966492	2.229366981850563e-05	0.3492334650165212	1.7447099231229524e-05	2
33271	14.615009090996237	2.2381779960451776e-05	0.3518998963418678	1.7451515983398067e-05	2
34015	15.170751747456102	2.2384945219113362e-05	0.33760327622532493	1.8097696053312583e-05	2
34173	15.19323735083881	2.342169615952666e-05	0.3717470682215467	1.798447750707634e-05	2
34332	15.19190072690926	2.3353942133256523e-05	0.3712163794761896	1.7908483838046703e-05	2
35342	15.92048507898738	2.330302319907389e-05	0.3514473800460056	1.871306125175759e-05	2
35501	15.950807932115136	2.4487384192566064e-05	0.384713441382905	1.8868075143783848e-05	2
35659	15.951556940799932	2.4594273462357016e-05	0.3888168339946638	1.882450698388915e-05	2
36484	16.71289820457059	2.45709388134404e-05	0.3702272517533167	1.961445170248725e-05	2
36642	16.741776738391714	2.577760063509549e-05	0.40934309417478687	1.951608220733966e-05	2
36801	16.73952568775106	2.571897694691166e-05	0.40688137118643297	1.954584010672914e-05	2
37572	17.53407981402119	2.573799535351837e-05	0.3928079916572713	2.0154463883243938e-05	2
37731	17.55679135254897	2.6861740075939828e-05	0.4175405356755846	2.064158301363331e-05	2
37890	17.56674033211798	2.7191577404419953e-05	0.4323343384636864	2.0422852207307918e-05	2
38661	18.386265885237044	2.7050426581263457e-05	0.4152699332308316	2.0924858240763903e-05	2
38821	18.4140158375878	2.8135400751004258e-05	0.43877947944157114	2.141835291094168e-05	2
38980	18.422058788645128	2.8469129139181927e-05	0.45173140243421983	2.1292807464511123e-05	2
39752	19.281910821464795	2.839084199589182e-05	0.4333710186894706	2.1950355505331324e-05	2
39910	19.30734510391914	2.9620147786361437e-05	0.47552918876850114	2.1763404467561733e-05	2
40070	19.30365478235364	2.9501052600656514e-05	0.4657432434218478	2.2045664805898615e-05	2
40975	20.201096771387707	2.968951554251996e-05	0.45354156549381486	2.2805960166828186e-05	2
41134	20.23373016137402	3.1026164729216695e-05	0.4866682136768681	2.319985775510106e-05	2
41293	20.238813220257825	3.130005736549286e-05	0.5065928829142621	2.268165119104602e-05	2
42810	21.153737008137753	3.09491782111153e-05	0.4712074084861193	2.3718550924218452e-05	2
42969	21.194027998270002	3.2514063278739874e-05	0.5190681235858605	2.3750181743182794e-05	2
43128	21.194709154311777	3.254522263561036e-05	0.5224303904179095	2.3651593288512154e-05	2
44220	22.146573702827823	3.247141471883053e-05	0.4965335602509171	2.4646678744779532e-05	2
44379	22.186672607722713	3.4052557592732286e-05	0.537658104796435	2.5016908889305275e-05	2
44538	22.19581789976994	3.431780222691157e-05	0.5539202261977572	2.4662853478327534e-05	2
45497	23.180611177362522	3.407365208786013e-05	0.5247291488823436	2.554376478817348e-05	2
45656	23.2195744338995	3.5617921184311836e-05	0.5715372764383737	2.5618057110010823e-05	2
45815	23.211652449831604	3.567498235773537e-05	0.5645696243246832	2.6012467604395936e-05	2
47254	24.243567582058958	3.595195338212191e-05	0.5541365991111356	2.6793896835105775e-05	2
47413	24.28159707841549	3.747366783407293e-05	0.6045323628045729	2.6674644595078387e-05	2
47572	24.278952131992618	3.7396292994542954e-05	0.6064479496910877	2.6484478218273973e-05	2
49171	25.329539353942362	3.72600914220061e-05	0.5712933454333111	2.7787708877495213e-05	2
49330	25.376047745026668	3.9194137464620576e-05	0.6191716226141324	2.8350830016868456e-05	2
49489	25.387500907525357	3.960247855998886e-05	0.6417490357601388	2.7927859742656498e-05	2
50662	26.450813352289558	3.930488528684156e-05	0.5962278015520823	2.9486802131919177e-05	2
50821	26.5169546197606	4.1470746132652293e-05	0.669832254047801	2.9206700332619782e-05	2
50980	26.511786808536513	4.1281954293512776e-05	0.6570809161804014	2.9504458654877818e-05	2
52313	27.620615845155285	4.149084208116544e-05	0.6494855665458772	3.0032563230061108e-05	2
52472	27.664488349846557	4.297971923357033e-05	0.6927186031347112	3.020639964823909e-05	2
52631	27.666057565031323	4.3110317933561035e-05	0.6936575112319368	3.0349049199426353e-05	2
54071	28.80168819974399	4.321203867425983e-05	0.6434762014506497	3.274220341339433e-05	2
54230	28.882816919254843	4.608177912527894e-05	0.741030952776093	3.2316496030754496e-05	2
54389	28.870878221959046	4.5793284076311716e-05	0.7462525609709694	3.169022170598405e-05	2
