时间秒	晶中温度K	设定电流	电压差V	κ	时间常数
214	1.4659062984527074	4.9999999999999996e-06	0.6358412398965457	8.696674103585524e-07	2
369	0.8453043995148428	8.29496738049903e-07	0.08781921097332523	2.7818930361665803e-07	2
524	0.7855132688031348	3.702874061211735e-07	0.023111698735623687	2.391772771542126e-07	2
762	0.7770606173544682	3.2221223837986774e-07	0.01822486813810298	2.3341438731888067e-07	2
919	0.7784653597276796	3.235366679252725e-07	0.018422674794162375	2.3273630064096487e-07	2
1074	0.773115788144803	3.2311776740766806e-07	0.01876876266025229	2.2856924181915078e-07	2
1312	0.7784023618068081	3.1971034712599036e-07	0.01765140134726928	2.3724946256294547e-07	2
1467	0.7783700172339472	3.342530821229207e-07	0.01939750571570753	2.3523152056063428e-07	2
1622	0.7779557888155604	3.333579369235144e-07	0.018999518392988413	2.389505829363009e-07	2
1860	0.8189078316219942	3.3592925508126584e-07	0.01705255162314967	2.623540358063022e-07	2
2015	0.820918091076672	3.661475338885733e-07	0.020039013105622838	2.634237906426789e-07	2
2170	0.82030095447712	3.681467082937961e-07	0.02033527179734529	2.6239465667790483e-07	2
2393	0.8611662375834253	3.6745055179310936e-07	0.017900064068644306	2.887137404292162e-07	2
2548	0.8633444730759632	4.005615266935814e-07	0.020860978562260102	2.922922948917821e-07	2
2704	0.8641238475887107	4.044822962355026e-07	0.021402784918739814	2.900105972942398e-07	2
2914	0.9065876015248331	4.0323850565630345e-07	0.018654768723265547	3.220856110191191e-07	2
3070	0.9085642980456247	4.412242098970145e-07	0.02200862090600808	3.245522403377742e-07	2
3225	0.9088136591391518	4.444830367215101e-07	0.022500037684021645	3.2196746918455233e-07	2
3448	0.9529135293627474	4.42849175513711e-07	0.019679467527537353	3.555083442120386e-07	2
3603	0.9553376167923919	4.83432774576712e-07	0.02299837578803987	3.601669114651425e-07	2
3758	0.9564601525834342	4.881737567041701e-07	0.023301697638558494	3.6223440892384617e-07	2
3983	1.0019563246490462	4.89742246572945e-07	0.020890140176993754	3.9590459220609913e-07	2
4138	1.0046234402437795	5.317144501828621e-07	0.024408283021052357	3.970365647435506e-07	2
4293	1.0047778446179922	5.34061681724933e-07	0.024539131538855785	3.982257030533382e-07	2
5178	1.052409992592515	5.349872055095219e-07	0.02170829746243763	4.3978429526673777e-07	2
5333	1.0561977793362063	5.838573266595396e-07	0.025348071511585912	4.455492366903406e-07	2
5488	1.056223949327266	5.89671982324511e-07	0.02606400485207483	4.4185705279976773e-07	2
5712	1.1066581271032099	5.873083019774825e-07	0.022900319720301265	4.862256967642315e-07	2
5867	1.109659339883982	6.394642020801288e-07	0.026760316553128494	4.902796986842642e-07	2
6022	1.1098429014327797	6.440824774198921e-07	0.027212028502854535	4.887122404250053e-07	2
6233	1.1628662980052538	6.433271731042612e-07	0.024155233235787055	5.353484440554897e-07	2
6388	1.1659206348503626	6.988625970257791e-07	0.027936501578609718	5.430587831230614e-07	2
6543	1.1663194184103332	7.05945716986557e-07	0.028610644205120828	5.407176143570219e-07	2
6753	1.2214292452592304	7.046492744190991e-07	0.025342140848231054	5.92990371899867e-07	2
6908	1.2248983491101955	7.65793239667822e-07	0.029511457813341968	5.979980740958307e-07	2
7063	1.2252402164210814	7.712165941703749e-07	0.0299379593431508	5.974934003088055e-07	2
7287	1.2836790105238807	7.711261621172099e-07	0.026586287712050183	6.561295096231797e-07	2
7442	1.2868812502907625	8.384002639467656e-07	0.031099178381511106	6.594222392997671e-07	2
7597	1.286768690235137	8.428140511290307e-07	0.031202155755208016	6.639772332070958e-07	2
7821	1.3480760485684842	8.458518158212028e-07	0.0281780920418484	7.224180030410425e-07	2
7976	1.3514990788007393	9.153516370085673e-07	0.032514384267727126	7.292749396557503e-07	2
8131	1.3517479383179345	9.221459513021325e-07	0.03299277764238595	7.290127566115576e-07	2
8341	1.4163459627674453	9.222309480007304e-07	0.029343346272138637	8.00294291212462e-07	2
8496	1.4194346321260243	1.0021413693484424e-06	0.0343904029909714	8.02079036478988e-07	2
8651	1.4196494638300405	1.005899230546753e-06	0.034511495491599264	8.049340982335854e-07	2
8875	1.487312737538868	1.0078982804167066e-06	0.030974363979973107	8.791281399387545e-07	2
9030	1.4917803892617199	1.092331035038002e-06	0.03598874592119494	8.839823009391227e-07	2
9185	1.4914548398183758	1.0982714234896186e-06	0.03627714978914787	8.864111961842008e-07	2
9396	1.5616205395281697	1.0998459802176082e-06	0.0324570754589566	9.70689661575346e-07	2
9551	1.5661552218739594	1.1931927233494795e-06	0.03798740807754242	9.711791085154966e-07	2
9706	1.5665934812873457	1.196531625641372e-06	0.03802222189021176	9.75492831802088e-07	2
9916	1.6407336051058836	1.1993304298418532e-06	0.03426991970291704	1.0625857017526135e-06	2
10071	1.6447290049704968	1.2975089908982042e-06	0.03953547057525997	1.0729500139111033e-06	2
10227	1.645826375944615	1.3069079088831661e-06	0.04007662575796056	1.0733491899488003e-06	2
10451	1.7231441450268639	1.3074571910693716e-06	0.03596472411567064	1.1703456976584878e-06	2
10606	1.7280798002218503	1.4148546531047559e-06	0.042003791346079344	1.1679706967565051e-06	2
10761	1.728028517207635	1.4167404609274532e-06	0.041867223678353715	1.1746847239799423e-06	2
10986	1.8095959598509412	1.4209406276034834e-06	0.03804282385868296	1.2719044956541692e-06	2
11141	1.8144396232180573	1.531993505022227e-06	0.043462863687107944	1.2886846040401565e-06	2
11296	1.8148717498724873	1.5453082411327042e-06	0.04461217040822074	1.276707868133166e-06	2
11507	1.9002268238417712	1.538529436577369e-06	0.039476180453456244	1.399708474608756e-06	2
11662	1.90565615326082	1.6685924042292977e-06	0.04606855482971617	1.4044542342397178e-06	2
11817	1.9062640071849217	1.675174228243867e-06	0.04648592318188216	1.4026064255671074e-06	2
12028	3.125710227518568	1.6742151514102886e-06	0.020532620807737878	2.533405271077088e-06	2
12184	4.087100569852828	2.57985762477058e-06	0.024545512243448364	4.553707068611907e-06	2
12341	4.335776552018993	3.6359370348925195e-06	0.04324733598747077	5.017432104599609e-06	2
12772	4.4631987229229235	3.860498056618474e-06	0.04695781097256191	5.156587727270682e-06	2
12927	4.475063748319403	4.030795180838027e-06	0.050813865492704835	5.188792233470047e-06	2
13083	4.47982796912849	4.045767561410872e-06	0.050818799808718396	5.225334251932813e-06	2
13280	4.481974124146996	4.060598408020302e-06	0.051809683608606605	5.161565934001461e-06	2
13436	4.484622582038005	4.136000033399076e-06	0.05331563622929192	5.200985238547704e-06	2
13592	4.486230690716191	4.152878250965593e-06	0.05306217402006119	5.268562761314465e-06	2
13789	4.486357619129112	4.179772487975867e-06	0.05418252320422745	5.225883389628306e-06	2
13944	4.49007276416701	4.26592920042949e-06	0.05592916254596947	5.270865261602432e-06	2
14099	4.49059110786618	4.285338161473145e-06	0.057139945244435	5.205159175734134e-06	2
14296	4.489207178277459	4.258981970513461e-06	0.05670798629277396	5.182223147565082e-06	2
14452	4.489267841840146	4.353804776089742e-06	0.0582600554418784	5.268516739623903e-06	2
14607	4.493906444996431	4.391053892833802e-06	0.06002540748695662	5.200382992667172e-06	2
14805	4.491959722133957	4.363012644293805e-06	0.05850310177728346	5.268396637486281e-06	2
14960	4.495609053976031	4.499631387556736e-06	0.0624342185798179	5.247935942723576e-06	2
15116	4.49503239650187	4.492059597831379e-06	0.062494839423174575	5.224892232098099e-06	2
15313	4.494805047519349	4.482325008658061e-06	0.06217462704314869	5.228822375037615e-06	2
15468	4.497712490194016	4.594849710633061e-06	0.0647705171132067	5.272174676152512e-06	2
15624	4.497491916925087	4.614845761970162e-06	0.06591897869928864	5.224983441041617e-06	2
15821	4.497289017525766	4.594375816664044e-06	0.0651673305215299	5.238377491527056e-06	2
15976	4.497699960046487	4.713904317866776e-06	0.0685906656409383	5.236739137970819e-06	2
16132	4.499689123683021	4.714302710464707e-06	0.06839333721272389	5.252316217354189e-06	2
16329	4.4997053788153085	4.7214976648125075e-06	0.06918294250585255	5.208294275672532e-06	2
16484	4.504230514114277	4.817748504721523e-06	0.07123445094625414	5.264925006672867e-06	2
16640	4.499767587778506	4.844656006583857e-06	0.0725233576993718	5.229240247954669e-06	2
16837	4.5008307028192975	4.828228940819572e-06	0.07210010765006114	5.224170439455373e-06	2
16993	4.504857294916812	4.94513792170986e-06	0.07480159537217368	5.278887362258959e-06	2
17148	4.505868928880039	4.972576678836128e-06	0.07533924346900989	5.298796977692814e-06	2
17345	4.506456039898083	4.98229423587392e-06	0.07580150981091016	5.285972856110924e-06	2
17501	4.510596888363158	5.09968796526502e-06	0.07954560807347644	5.274834394127117e-06	2
17656	4.50821894568462	5.0955217607332806e-06	0.0794637261666562	5.271632697100104e-06	2
17854	4.51039581657196	5.093981432091674e-06	0.0798247871851796	5.244285777109367e-06	2
18009	4.512897429303993	5.206385028180025e-06	0.08311575741362365	5.257775138491753e-06	2
18165	4.513324315042258	5.214857054699537e-06	0.08330048366164	5.263667957800573e-06	2
18363	4.513303751866747	5.217548038589233e-06	0.08335790052561176	5.265755412359442e-06	2
18518	4.516352845452955	5.347312083541882e-06	0.08742699705153534	5.268802454201711e-06	2
18674	4.51571894131045	5.351249616264414e-06	0.0872981488464184	5.2848457901396224e-06	2
18871	4.515445953243878	5.3591406030280386e-06	0.0884090555820336	5.2337809284869e-06	2
19027	4.518325186377529	5.464920950080692e-06	0.09154485968937909	5.252992602061944e-06	2
19182	4.51859262575465	5.476511590161058e-06	0.09148532345073335	5.278698862063073e-06	2
19380	4.518830547780519	5.48991228676401e-06	0.09179226447638378	5.286358290628556e-06	2
19535	4.521815582060521	5.629814974247842e-06	0.09716636510420606	5.248025575401994e-06	2
19691	4.522236453912058	5.611357023794511e-06	0.09536019782147065	5.312079942609965e-06	2
19889	4.522720664290135	5.645677784711351e-06	0.09728526781584623	5.270841272606218e-06	2
20044	4.52398110696161	5.762606387259909e-06	0.10128119546494663	5.271178587386693e-06	2
20200	4.526949102569068	5.764756324354555e-06	0.10150998751700957	5.263083656412883e-06	2
20397	4.52604729558084	5.760404418694914e-06	0.10121206672232308	5.270044563360253e-06	2
20553	4.5300327173574395	5.906876427031299e-06	0.10554742492486024	5.309831894373998e-06	2
20708	4.530761006263244	5.931371437338221e-06	0.10646599937142298	5.306703237718648e-06	2
20961	4.549003276909881	5.930218715407971e-06	0.10666814088519416	5.288787793979406e-06	2
21117	4.552048892782706	6.069725556591366e-06	0.11109088445841042	5.316529835911725e-06	2
21272	4.55167869114829	6.08759216326943e-06	0.11122497427262967	5.340911262540653e-06	2
21621	4.7721898135949665	6.101829931996008e-06	0.1043943615013907	5.637461045491717e-06	2
21776	4.780548073949348	6.468922288750763e-06	0.11650732246097739	5.66638808741167e-06	2
21932	4.7829193602522535	6.4918081892319915e-06	0.11693211811337711	5.685359717112448e-06	2
22281	5.010352166894426	6.502930721992587e-06	0.10948327810379066	6.010580216296046e-06	2
22437	5.021396114123085	6.89827076439486e-06	0.12232010317624908	6.042597924563044e-06	2
22592	5.021685383131377	6.923031748525026e-06	0.12364138453826623	6.0207957325568185e-06	2
22941	5.264046012432077	6.9106579741373735e-06	0.11476566090442031	6.379129081915166e-06	2
23097	5.274888298249833	7.336908001738064e-06	0.12864069236815112	6.4029072122071915e-06	2
23252	5.2738493756045575	7.357386045730991e-06	0.12882684100834751	6.4287775768234254e-06	2
23573	5.527908979446394	7.372588946930695e-06	0.121398385824385	6.763370101538825e-06	2
23729	5.538087666786495	7.798442414055745e-06	0.1345354823469158	6.816479696758676e-06	2
23885	5.539890804911325	7.835807428192187e-06	0.13595246475096623	6.810437206048058e-06	2
24206	5.807093630729433	7.832213479198693e-06	0.127134515401365	7.1852343807039556e-06	2
24361	5.819316100222811	8.295484089315237e-06	0.1419161966905662	7.209256223445748e-06	2
24518	5.81906620908175	8.316004337659073e-06	0.14225056499846733	7.2276793000908216e-06	2
24880	6.099190289836901	8.326771776872795e-06	0.1341961874149984	7.589083397293114e-06	2
25035	6.112296163379115	8.796100376724055e-06	0.14856914166440305	7.637846261850382e-06	2
25191	6.113769406803949	8.830991635341683e-06	0.15004032957551683	7.622484869361211e-06	2
25553	6.407682898485698	8.822447294725042e-06	0.13975285220186429	8.071798250643728e-06	2
25709	6.4219390005001	9.358085007050768e-06	0.15568365997630895	8.140396136442285e-06	2
25864	6.422794051846724	9.404673501040381e-06	0.1586928926643134	8.065065345878258e-06	2
26199	6.7301833071016715	9.361452499853533e-06	0.14737133115692558	8.507444119515442e-06	2
26354	6.745598799264192	9.908539335097232e-06	0.16382057490397095	8.562769130262822e-06	2
26511	6.748185656360903	9.947142003588033e-06	0.16477700779116677	8.577569909345605e-06	2
26873	7.0701093459703515	9.956871785431638e-06	0.15512760674988435	9.029134776001536e-06	2
27028	7.087335272423072	1.0525577202482801e-05	0.1732117089463765	9.024235852000897e-06	2
27184	7.086427700302923	1.05299146307543e-05	0.17284160862071118	9.050793949807513e-06	2
27643	7.426580041751272	1.0545526149373812e-05	0.16304793316828992	9.52051856989193e-06	2
27798	7.446696445375434	1.1142247624756198e-05	0.18158235180406201	9.529824169242243e-06	2
27955	7.44255671213004	1.1155735011188492e-05	0.18175026850852216	9.545106097282214e-06	2
28359	7.8035180298163365	1.116407797442272e-05	0.17127675203865778	1.0037997726927996e-05	2
28514	7.821827785957997	1.1793168487756093e-05	0.1900050454731712	1.008498276751547e-05	2
28670	7.820745469869726	1.18278222178052e-05	0.1924605650912099	1.0014297897149478e-05	2
29061	8.197712135503059	1.1786660145501123e-05	0.17983774950544884	1.0536909380842558e-05	2
29217	8.214747087423145	1.2450931185842635e-05	0.1996783091426586	1.0576840902546565e-05	2
29374	8.216806492452452	1.2482106642807446e-05	0.20079385680829098	1.0570002945018126e-05	2
29860	8.614054795953336	1.247855159384815e-05	0.18971337561874968	1.1072893762307207e-05	2
30016	8.627655180838381	1.3151078006131804e-05	0.20945346245151875	1.112715675680792e-05	2
30173	8.632982634794303	1.3190575146187482e-05	0.21191440681026563	1.106369636840002e-05	2
30673	9.04686031561466	1.3153146024748167e-05	0.1978893016701715	1.1669480907763481e-05	2
30829	9.065807335258494	1.3907827127725975e-05	0.2230246774295761	1.1564270018331143e-05	2
30987	9.06248355636058	1.385235535641468e-05	0.219345089906259	1.1665122636805485e-05	2
31432	9.500714287472167	1.3912349063678586e-05	0.20941123084188185	1.221034182572646e-05	2
31588	9.52558403565917	1.4653316517767757e-05	0.23015292664940468	1.231272344538165e-05	2
31745	9.5255503278959	1.4721875119690179e-05	0.2327252633313872	1.2289188717765804e-05	2
32231	9.985246366206553	1.4708785476628947e-05	0.2202843727894077	1.2846077796243492e-05	2
32388	10.001519606385301	1.5478008068695577e-05	0.24326034525602225	1.2869643652135886e-05	2
32546	10.000295138844777	1.5499208071361968e-05	0.24322880162295846	1.2906913635080876e-05	2
33033	10.482438316071757	1.5521443478821645e-05	0.23068457474856174	1.352967778757523e-05	2
33191	10.500026315055543	1.6354888167432652e-05	0.2570751290023132	1.3468028029555797e-05	2
33349	10.502672519731092	1.6324590519376374e-05	0.25380831982998764	1.3591692170751465e-05	2
33905	11.00793072809858	1.639887736341464e-05	0.24460371647220747	1.4111928558088961e-05	2
34062	11.034778714552191	1.71949924987185e-05	0.27139139193359085	1.3971437441501634e-05	2
34221	11.035178577264677	1.7116830684890743e-05	0.2676418790505046	1.4040314416751438e-05	2
34749	11.556266970521317	1.71579626425514e-05	0.2546066162739553	1.4711540789484769e-05	2
34906	11.58188065950947	1.8069449563940195e-05	0.2836638429089611	1.463178106270905e-05	2
35065	11.579110242633693	1.802839147511876e-05	0.2782638991311366	1.484914478069483e-05	2
35718	12.145174590792776	1.816111860185037e-05	0.2728677090094731	1.5245544714485724e-05	2
35876	12.182294465120911	1.8931072543120747e-05	0.29039646285120924	1.5556202957439766e-05	2
36034	12.16113491123112	1.912882332340675e-05	0.29867365042753313	1.5440341238951617e-05	2
37003	12.754905855189222	1.9058929270521646e-05	0.2824071951624365	1.6088342052682696e-05	2
37161	12.776250684353858	2.0010777659242523e-05	0.31275599803528564	1.6003977666778446e-05	2
37320	12.782687314207262	1.996477820110194e-05	0.3119121191235408	1.597292764754327e-05	2
39293	13.383730810142815	1.9945811575451445e-05	0.29603227376159147	1.667720243004037e-05	2
39452	13.412218503570625	2.0959464282177117e-05	0.3247314811743962	1.677558058963895e-05	2
39610	13.402524541533475	2.102887200994865e-05	0.32822651425488303	1.6707094511129704e-05	2
40375	14.043432853799764	2.0985878003760157e-05	0.31297003206922547	1.7328962741667685e-05	2
40533	14.078461116384323	2.197700022642069e-05	0.33959081380583633	1.7505858798735108e-05	2
40692	14.070861822541154	2.209444474375371e-05	0.34508558644748	1.740394906467895e-05	2
41429	14.591433858118744	2.2034963107719566e-05	0.334688226750103	1.775480309301257e-05	2
41588	14.61655555551706	2.286543170915717e-05	0.35229280998853696	1.816165337537968e-05	2
41747	14.626468836101267	2.3126760939913584e-05	0.3620236261456622	1.807413070744844e-05	2
