时间秒	晶中温度K	设定电流	电压差V	κ	时间常数
4028	4.1664396333147575	4e-05	0.005261519775746182	0.004305622768620542	2
4116	10.07848624414479	0.00011697973809383206	0.17812660978059158	0.0009179598365598654	2
4204	5.54539868853785	5.879663890711366e-05	0.0238702394515955	0.0019154072952472028	2
4488	7.186008731455625	8.072914809403867e-05	0.05848200277275195	0.0014020273443126458	2
4575	6.561567626152508	7.256382335852585e-05	0.04222635818809439	0.001594379991098856	2
4663	6.881167262215229	7.675898975175871e-05	0.04944632009582928	0.0015106035392346087	2
4947	6.75753754430198	7.503487590944265e-05	0.04722115968042173	0.0015166157736192277	2
5035	6.898728509189391	7.691134396309937e-05	0.05139442944987449	0.0014585235145509134	2
5123	6.79699155513978	7.556626061429962e-05	0.04738459575639986	0.0015313399425107043	2
5367	6.938747499460692	7.732232382512802e-05	0.052400822028018545	0.0014446713553088286	2
5455	6.920273808309663	7.709497168057635e-05	0.0513313418813377	0.0014666879240383365	2
5542	6.964012602122867	7.76649290728102e-05	0.052141299583417844	0.0014637116366854497	2
5787	6.968884040217336	7.762904254674418e-05	0.05415692257862803	0.0014080342213897484	2
5875	6.998524103205078	7.801571548615888e-05	0.0543877397293846	0.0014150837021468512	2
5963	7.0152580672979905	7.823776679346373e-05	0.0552556327829965	0.0014001404519836619	2
6208	6.998608604326396	7.78418272862419e-05	0.05534968885490388	0.0013845605885186962	2
6296	7.108651413500736	7.92930155879057e-05	0.058075648999368124	0.001365477789159065	2
6384	7.074786551025409	7.885285157927348e-05	0.05626278664527229	0.0013949842571115362	2
6629	7.152862796610201	7.966843550241355e-05	0.05877729338293047	0.0013609509304326976	2
6716	7.230413703274607	8.069667695625984e-05	0.06180211777400535	0.001325495791226962	2
6804	7.156009115560444	7.971281139003494e-05	0.05964065526761564	0.0013426276476441725	2
7049	7.219188325890112	8.01550847124168e-05	0.060914729878447815	0.0013278255319125916	2
7137	7.333768631272157	8.172194976682531e-05	0.06460968304240522	0.001297531388877113	2
7225	7.273105439307017	8.090189941404264e-05	0.06289419954022968	0.0013082076138601216	2
7469	7.32963013857557	8.117498641749107e-05	0.06568472459623154	0.0012601156129974536	2
7557	7.365386695807615	8.166829448679779e-05	0.0659945937556734	0.0012684292237882052	2
7644	7.3881153328718785	8.197147679531821e-05	0.06613140536426076	0.0012745361170104007	2
7889	7.443791721398145	8.21906351417617e-05	0.06899394624097033	0.0012273746153675597	2
7977	7.479515435436298	8.26751413810474e-05	0.06920924323764766	0.0012370100814199784	2
8065	7.50530377944008	8.303305149752286e-05	0.06970577626697771	0.0012380232693730733	2
8310	7.553723157935451	8.309496656354257e-05	0.07192903714883192	0.0012010141060938965	2
8397	7.611178649924632	8.388326886463883e-05	0.07292130636302163	0.0012056338840696714	2
8485	7.62743004426787	8.410094549301497e-05	0.07368905449502394	0.0011988800019950734	2
8730	7.660179423040951	8.387878644752382e-05	0.07539413594245259	0.0011656023633492274	2
8817	7.723195252722223	8.474825332834761e-05	0.07672130101370289	0.001167597640764814	2
8905	7.73182434165064	8.488289409024984e-05	0.07683332558524292	0.0011692937762424077	2
9150	7.791753530192221	8.495574733520798e-05	0.07922832500851174	0.0011353874592306982	2
9238	7.8525614537470805	8.58014404056182e-05	0.08031249255336448	0.0011408133288575947	2
9327	7.8722956906732815	8.606866716070394e-05	0.08131859095264549	0.0011332942222452866	2
9572	7.911858434063233	8.580097175177033e-05	0.08285594157300702	0.0011053158423696776	2
9659	7.986172475334639	8.682945575650012e-05	0.08456251228102918	0.0011073339903896228	2
9747	7.996580913875853	8.697908631201316e-05	0.0843932082822123	0.0011131090751915716	2
9991	8.07860644628006	8.721632708819187e-05	0.08668570605580861	0.0010886998421227028	2
10079	8.165032954852036	8.842099513481052e-05	0.08951123780921177	0.001081564225705944	2
10167	8.15056390466537	8.821612304623842e-05	0.08918541855736706	0.0010808905880812924	2
10412	8.218139751749371	8.817234479672678e-05	0.09188446100205949	0.0010476124511086169	2
10500	8.275514169876239	8.896872241107958e-05	0.09333937800408965	0.0010487461246127324	2
10589	8.2825393887689	8.906988730219237e-05	0.09342811518411498	0.001049939613292648	2
10833	8.364377932218549	8.912881018163763e-05	0.09489721838561671	0.0010344271868524169	2
10921	8.474887290805942	9.068010558036875e-05	0.09905437263529304	0.001023407580248922	2
11008	8.448100996417079	9.03016821981746e-05	0.09816320647049359	0.001024679974115859	2
11293	8.535609448396698	9.033210322398717e-05	0.0994948025088318	0.0010109955921872693	2
11381	8.65209498241722	9.197233742232262e-05	0.10466624846392136	0.000993869551638406	2
11469	8.604637105249878	9.129966707841515e-05	0.10309584200273303	0.0009953086424691674	2
11753	8.698738394672809	9.131958262935249e-05	0.10348904992775498	0.000991287659439964	2
11841	8.848361017786942	9.341716137496603e-05	0.11045466116383196	0.0009690672355154578	2
11929	8.782646209023694	9.250060880044675e-05	0.10839928146130173	0.0009693895715325972	2
12213	8.88215328040205	9.245732792373833e-05	0.10898801105077194	0.0009626800646858112	2
12301	9.022017818424104	9.444012916584985e-05	0.11530785429149137	0.000946736471594362	2
12389	8.975068971812842	9.378464204054866e-05	0.11287097536000346	0.0009546033039756719	2
12673	9.109131841050921	9.41337118961454e-05	0.11744017566837872	0.0009232201075183475	2
12762	9.164784598825214	9.491526960644181e-05	0.11826798706408326	0.0009311173325247543	2
12850	9.196429253784112	9.536779264776654e-05	0.12067377286646508	0.0009207005720026054	2
13133	9.284874684224727	9.486249276568073e-05	0.12161822851212367	0.000903768191929606	2
13221	9.38559881070168	9.631392756798076e-05	0.1264773908116723	0.000894124502284712	2
13310	9.356680028698968	9.58907116026447e-05	0.12548789340415833	0.0008937829910227918	2
13593	9.487236733243176	9.584501380486345e-05	0.12718651266323722	0.0008803532303634357	2
13681	9.60276078562298	9.75073921147112e-05	0.1313530730083725	0.0008803617514548554	2
13769	9.610477799603595	9.761261984247621e-05	0.13222420082218722	0.0008762758036648797	2
14053	9.740331153656838	9.739553337699391e-05	0.1333955221995664	0.0008642552637670746	2
14141	9.862533107237855	9.91406154815302e-05	0.13971841379616556	0.0008530897859823485	2
14229	9.824558317058472	9.860705394184429e-05	0.1388292157955222	0.0008499191833435287	2
14513	9.967569141574888	9.838995108209841e-05	0.14011166695603627	0.0008378093906453118	2
14602	10.08874788919892	0.00010013627694550793	0.14604679181533964	0.0008308207104627413	2
14690	10.067408039992111	9.982131238895084e-05	0.14554002752860384	0.0008287576823866377	2
14974	10.230284741033977	9.968042816199255e-05	0.1487763950344254	0.0008077359761829874	2
15063	10.312784756136647	0.00010088239276019472	0.15156743252992833	0.0008109243441876775	2
15151	10.3315120979044	0.00010115443361047332	0.15426923177607588	0.0008007672602512334	2
15435	10.476805088232997	0.00010053511048575019	0.15394925767528544	0.0007923850613948614	2
15523	10.611404926558324	0.00010249344828771017	0.16397984379673236	0.0007714006911189766	2
15612	10.525662403779013	0.00010124370165576563	0.15628167565207285	0.0007909021299742532	2
15935	10.811874906791205	0.00010244272697037454	0.16555803104235256	0.0007624309953928423	2
16023	10.863861502199917	0.0001031971725883988	0.16623546542311818	0.0007699354533689654	2
16112	10.902347001888984	0.0001037451376098582	0.1685494167987418	0.0007669906999647262	2
16435	11.112424321369245	0.0001035776177904984	0.17326431804688802	0.0007429130292507517	2
16523	11.17675292139138	0.00010451239386969442	0.17623807110869816	0.0007428486299744661	2
16611	11.179334728903086	0.00010456211851818937	0.178114716493611	0.0007356926275781733	2
16934	11.386380068288556	0.00010405930374503759	0.17965456725701312	0.0007217895785385715	2
17022	11.495882675762502	0.00010566055264406182	0.18725200562741762	0.0007127781697672926	2
17111	11.457623187676537	0.00010508742059093124	0.18262363385692737	0.0007234044486334898	2
17434	11.768652868899654	0.00010583354307041347	0.1925368152087863	0.0006943244727674765	2
17521	11.808022521598087	0.00010636829223839687	0.19461547331386608	0.0006935581426303155	2
17609	11.804878140028672	0.00010633328872814592	0.19284398417847814	0.0006994409752038237	2
17933	12.118596116920052	0.00010678541538409607	0.19899010998333466	0.0006823110491065626	2
18021	12.213829021406907	0.00010817741212068903	0.20549390429903447	0.000677134968761319	2
18109	12.191727970135613	0.00010783941132138306	0.20526053858994153	0.0006738747334353563	2
18472	12.479938130662312	0.00010756356033446474	0.2082089279369388	0.0006599988309196865	2
18560	12.589816818751217	0.00010915673497746705	0.21587831732267126	0.0006546329286325498	2
18648	12.564212747687913	0.00010878801857327917	0.21342335499531018	0.0006579105424490494	2
19010	12.913484021352719	0.00010904233364984396	0.21952664113111098	0.000641326713121243	2
19098	13.010737166445278	0.00011042851009243943	0.2265760150440066	0.0006364713815668847	2
19187	12.98785307554455	0.0001100788635015962	0.22719751268099309	0.0006309214820716221	2
19549	13.314480474652811	0.00010958013783716095	0.22820454906538856	0.0006215992786828715	2
19637	13.447044369438718	0.00011153059901188444	0.23745853808200934	0.0006177818194612998	2
19725	13.430775360507415	0.00011128188689440397	0.23759271437936036	0.000614788505361845	2
20127	13.801896600186833	0.00011100237280407185	0.2442110680902605	0.0005941643771488774	2
20216	13.865108971285675	0.00011190991902812816	0.24821145629503327	0.000593728705353907	2
20304	13.866774901660257	0.00011191200093462691	0.24525583820514996	0.0006008944649993734	2
20706	14.334139203386489	0.00011258641079167994	0.25692266254115914	0.0005791020015238187	2
20794	14.390185611048569	0.0001133961754856325	0.25994129973291713	0.0005802367531006085	2
20882	14.400813056405717	0.00011354667060364235	0.2618235097135724	0.0005775370521826168	2
21284	14.841804326266999	0.00011328795166018853	0.27005556239142336	0.0005563270060237078	2
21372	14.894324477951745	0.00011404216426782083	0.2743651839290102	0.0005545386071563971	2
21461	14.88522576946029	0.00011389620150279334	0.2733720066516607	0.0005552305690181046	2
21901	15.382716769615794	0.00011395686935853394	0.278658021468706	0.0005440527654213427	2
21990	15.503676338933477	0.00011571979998898546	0.28831392338887163	0.0005414842770779052	2
22078	15.492234893754594	0.00011552548635132662	0.2891820935948939	0.0005381440015109502	2
22519	16.0012052105647	0.00011515824720464836	0.2963807642917988	0.0005206903865336822	2
22607	16.072267661203988	0.00011618969934047679	0.304216168299444	0.0005160165776371319	2
22695	16.039838119459215	0.00011571084648164829	0.29952681129625347	0.0005199620022490036	2
23136	16.64663225520776	0.0001161325087218265	0.30732334570319253	0.0005091169272933238	2
23225	16.768375213138444	0.0001179093566951342	0.32123745756023325	0.0005014765731022224	2
23313	16.71221542589234	0.00011709205233319947	0.31599930862270753	0.0005030129763425422	2
23793	17.34460094280037	0.00011724021069497631	0.3361621924356051	0.0004728563954985186	2
23881	17.30535887844856	0.00011662429845837084	0.3242655836255022	0.00048524387291159945	2
23970	17.40507472366541	0.00011812056177841903	0.3333254490176252	0.0004837837885688713	2
24489	18.082155408900512	0.00011799895336955523	0.3433931227456277	0.0004674832527693239	2
24578	18.146918710539232	0.00011900464029932298	0.34834657677899905	0.00046841242994750303	2
24666	18.15675285146889	0.00011916251475852813	0.3463234086481446	0.0004723627296084396	2
25224	18.921934154830875	0.00011966861743011523	0.36796937320573164	0.00044708028822833907	2
25313	18.89974673009644	0.00011946773333749935	0.360771918890304	0.00045451742923182536	2
25401	18.97548888785706	0.00012045101045323286	0.3712212353246276	0.0004487539846738567	2
25960	19.7118417685683	0.00011972097049017222	0.37718371592841393	0.00043536328000920736	2
26048	19.796348941306743	0.00012096635589079316	0.38008611068278775	0.0004407799146840787	2
26136	19.854785987409528	0.00012175713890362767	0.3917760083949098	0.0004330310959967968	2
26734	20.633106680178074	0.00012071086226386975	0.396472207457375	0.00041967860794632093	2
26822	20.70906782781948	0.00012190049347646185	0.4076705425531344	0.0004159799175812871	2
26910	20.675244454135793	0.00012139932835959557	0.4080314484148566	0.00041230798633001766	2
27548	21.55838555762717	0.00012084674340938157	0.4166590917712547	0.00039911635294354785	2
27636	21.632526167679025	0.00012198450144577399	0.4229612036374739	0.00040036342685363045	2
27724	21.650941093922565	0.00012221218939102737	0.4231391837158007	0.0004016430877973051	2
28400	22.657521439748724	0.00012241454929965784	0.43650494191263434	0.00038949898982659645	2
28488	22.745026419134568	0.00012370670532325307	0.4448921445735152	0.00039005115562298583	2
28577	22.75560519766721	0.0001238285127337005	0.449609318960448	0.00038667579639479755	2
29331	23.782146718125677	0.00012329849901748894	0.45746352008651314	0.00037584130909181564	2
29420	23.882824418793163	0.00012471795771042693	0.4651420707137568	0.0003779550749951758	2
29508	23.91618978932683	0.00012510815346149283	0.4676302361170599	0.00037822457246352973	2
30302	25.075492756033682	0.00012516524583091175	0.47876391291302056	0.00036873402355405287	2
30390	25.198617867162113	0.00012681398116311056	0.4990050600625402	0.00036287501381506614	2
30479	25.119499597197894	0.00012585160143450166	0.49361935115845057	0.00036143892070648	2
31351	26.33870317490598	0.00012557602794491268	0.5033589892538437	0.0003519677430245902	2
31439	26.460744482632478	0.00012714712985318165	0.513171194699396	0.00035369903189513943	2
31527	26.489278764452365	0.00012750116688952813	0.5132245744799384	0.0003555803589156918	2
32439	27.858970212237317	0.00012784954048453072	0.5452843507384166	0.0003355278318074869	2
32527	27.822285313158385	0.00012744448235008457	0.545684820229674	0.0003332052478500605	2
32616	27.773492678506106	0.0001269940823946786	0.5356926039237315	0.000337083641975037	2
33606	29.276530733359053	0.0001277200389810949	0.5553006557716138	0.00032792193592954595	2
33694	29.411670865161682	0.00012927751099380485	0.5701882119986337	0.00032702031946749865	2
33783	29.3904868855032	0.00012913438465510653	0.5780072558520644	0.0003218795745357973	2
34853	30.847404804351026	0.00012811597468683446	0.5762846249370419	0.0003170433876710036	2
34942	31.053505097629028	0.00013043899702653233	0.599313212063926	0.0003157573599888937	2
35030	31.022037228297968	0.00013022765101155476	0.6022729451290836	0.0003132171349484524	2
36216	32.638634506385884	0.00012969678539290097	0.6173219826231282	0.00030234778113809947	2
36304	32.736005362290285	0.0001307346391819534	0.6222168889089339	0.00030467108643128846	2
36393	32.78523874899001	0.00013126142261996065	0.6215563215565005	0.0003074068513118658	2
37657	34.62293012460805	0.00013186034106105494	0.670306822516114	0.00028687093463459893	2
37746	34.503799659973254	0.00013070414369066336	0.6376255492328902	0.0002964019009169998	2
37834	34.71708998313904	0.00013283682359266358	0.6768340913587707	0.0002882440338840915	2
39216	36.44911425778398	0.00013103561481015295	0.6815182932362731	0.000278008807374601	2
39304	36.549582682189126	0.00013199492171222255	0.6903154948825652	0.0002783977702117502	2
39392	36.55432389626309	0.0001321113233106674	0.6926879761246312	0.00027793409307294765	2
41010	38.578765015818504	0.00013200119079973937	0.693242290860379	0.00027658397576789065	2
41099	38.897921364682716	0.00013509416926799984	0.7279314200988374	0.0002756514315242498	2
41187	38.87471304387586	0.00013492507020241798	0.7375475508665019	0.00027140929386175553	2
