时间秒	晶中温度K	设定电流	电压差V	κ	时间常数
323	301.1848442661197	4e-05	1.1848442661196594	1.35038843985798e-05	17.126907610061032
502	301.0014123152329	3.6747631758495404e-05	1.001412315232933	1.3484839554263654e-05	17.31793050212638
681	300.99053569123595	3.672170959291473e-05	0.9905356912359686	1.3613683659836196e-05	17.022967709271082
1953	299.03000884971595	3.689672568106307e-05	1.0300088497159379	1.3217055041411203e-05	17.170063921651284
2132	298.9919195336893	3.6355267900830006e-05	0.991919533689327	1.3324725033140479e-05	17.16854307329986
2311	298.9947304453133	3.650304786335037e-05	0.994730445313275	1.3395312364189337e-05	17.13131219796806
3274	297.03734835629325	3.6599607052794066e-05	1.0373483562932446	1.2913031849835652e-05	17.88370692518853
3456	296.98163161211204	3.5934707247778786e-05	0.981631612112051	1.315466177994445e-05	17.38988732416631
3635	296.99620209741806	3.6269355908182945e-05	0.9962020974180454	1.3204812370942278e-05	17.262998880128826
6137	295.0261610940502	3.6338426453194525e-05	1.026161094050218	1.2868167042684687e-05	17.71458977645625
6318	294.985799367283	3.587222747848911e-05	0.9857993672830088	1.3053535506064517e-05	17.500487375354414
6498	295.0069355851751	3.6129676868281726e-05	1.006935585175103	1.29636251794543e-05	17.545504310335225
7976	293.0105630310833	3.600503461941719e-05	1.0105630310833076	1.282812133505171e-05	17.68047203828219
8157	292.99359950437486	3.581636683843255e-05	0.9935995043748805	1.2910756576033595e-05	17.61897563388577
8338	293.008096695369	3.593154126395582e-05	1.008096695368978	1.2807061698886012e-05	17.784167984878387
9544	291.0153284112365	3.5786955303414695e-05	1.0153284112365382	1.2613713510969986e-05	17.62971097723348
9725	291.00847671084455	3.551579016574175e-05	1.0084767108445247	1.2507689444218232e-05	18.053200303636487
9907	290.9913218896332	3.536621190376237e-05	0.9913218896331812	1.2617182748629158e-05	17.942942224021944
11114	289.01739353146945	3.552067390778103e-05	1.017393531469455	1.2401477263577397e-05	18.185248298042886
11296	288.98964993659894	3.521573123417629e-05	0.9896499365989407	1.2531175726840007e-05	18.04941758382787
11478	289.0019543832259	3.539940073905208e-05	1.0019543832258657	1.2506732778088129e-05	18.003732816006654
12584	287.0059512528271	3.536485936362271e-05	1.0059512528271102	1.2432742384821725e-05	18.025233851359886
12766	287.0039050212174	3.526009413603674e-05	1.0039050212174105	1.2384381113807805e-05	18.430976082520555
12949	286.9921455643915	3.519144940721795e-05	0.9921455643914949	1.2482423505469609e-05	18.418827707774387
14159	285.01244814126414	3.533047339828552e-05	1.0124481412641584	1.2328950982006704e-05	18.370022768722905
14342	285.0165405100197	3.511260597279374e-05	1.0165405100197	1.2128342019313893e-05	18.479069667234025
14525	284.9775566562578	3.48257692223932e-05	0.9775566562577604	1.2406791915000694e-05	18.099040620664297
15392	283.005892510206	3.5223276274362516e-05	1.0058925102060319	1.2334113028100262e-05	18.366944886357146
15575	283.01446965839483	3.511995590558203e-05	1.0144696583948356	1.2158188198172583e-05	18.277082079686426
15758	283.0007087698872	3.4868593602513686e-05	1.0007087698871715	1.214957694389288e-05	18.262303921180727
16830	281.00651397452066	3.485624326271103e-05	1.0065139745206504	1.2070947102030135e-05	18.571984397686666
17014	280.9975123411231	3.474326855957875e-05	0.9975123411231329	1.210105038744588e-05	18.47703080325927
17198	281.00624217520283	3.478656405488458e-05	1.0062421752028439	1.2025982100190229e-05	18.41073478392177
18202	279.0171558610412	3.467849780511005e-05	1.0171558610411833	1.1823145852868767e-05	18.443752240097503
18386	279.00440666466824	3.438480166129909e-05	1.0044066646682632	1.1771273796529151e-05	18.889621284377178
18571	278.9925132327466	3.430928999051008e-05	0.992513232746601	1.1860067360466599e-05	18.638162497709857
19577	277.0163858347748	3.4438448513930766e-05	1.016385834774766	1.1668863294513374e-05	18.830208595543972
19762	277.0007464053841	3.415971793576957e-05	1.000746405384111	1.1660160088243912e-05	19.181983336152737
19948	276.99775780615806	3.4146976569301e-05	0.9977578061580591	1.1686363179800347e-05	19.069712704344226
20784	274.9721710735225	3.418532313698431e-05	0.9721710735224535	1.2020891690859837e-05	18.386722344088533
20968	275.0481525263761	3.4671157596566975e-05	1.0481525263761169	1.1468647346985725e-05	19.171971502286763
21154	274.98807895028955	3.386539140034517e-05	0.9880789502895486	1.1607015151597885e-05	18.938889761944015
22299	272.99770794422017	3.406906977244592e-05	0.9977079442201713	1.1633680195530727e-05	18.927492918365783
22484	273.0196785827695	3.410818112349401e-05	1.0196785827694776	1.1409164017089881e-05	19.224502819260305
22670	272.99177130027624	3.377745404421399e-05	0.991771300276249	1.150382554315895e-05	19.04431493556752
23816	271.0173626886524	3.39172899022887e-05	1.0173626886523683	1.1307496993424527e-05	19.22732920547896
24002	271.00357242139	3.3626621884192484e-05	1.003572421390004	1.1267245644079194e-05	19.225445114476184
24189	270.9909278294006	3.3566718106003735e-05	0.9909278294006161	1.1370399851313516e-05	19.113778650234142
25026	268.9898863532132	3.3720023504311964e-05	0.989886353213193	1.148657097292527e-05	18.792506312526115
25211	269.0353101518137	3.389184411171111e-05	1.0353101518136758	1.1094811494703185e-05	19.429258175448183
25398	268.99350929257196	3.3308874935523094e-05	0.9935092925719436	1.1167295140221116e-05	19.724258720988285
27267	267.0153689621372	3.3417503108731984e-05	1.0153689621371886	1.0998263248775848e-05	19.528953483731385
27454	266.9873929790285	3.316362954921528e-05	0.9873929790285136	1.1138688933758604e-05	19.314844938471612
27641	267.00937658833817	3.337467443100922e-05	1.0093765883381456	1.1035216253725012e-05	19.680003245855215
28721	265.0077503053497	3.3219295979483085e-05	1.007750305349716	1.0950347715246285e-05	19.507718112193622
28909	265.0028700590114	3.3091309607276474e-05	1.0028700590114241	1.0919009513595962e-05	19.80442965992355
29097	265.02581705561016	3.3043924575625034e-05	1.025817055610149	1.0644207418740381e-05	20.3327555117504
30248	262.9790268889057	3.262546155802302e-05	0.9790268889057226	1.0872231947212009e-05	19.818221730940486
30437	263.0042800709162	3.297306771777841e-05	1.0042800709161879	1.0825896343132105e-05	19.7488356002739
30625	263.0016553930169	3.2902729891503084e-05	1.001655393016916	1.0808004847380956e-05	19.85892544817504
31673	261.0314634364466	3.287553018185556e-05	1.0314634364465636	1.0478320864785088e-05	20.508642527479708
31864	260.9638911949446	3.237023457558671e-05	0.9638911949445864	1.08708544281157e-05	19.71993776673605
32052	261.0146774340691	3.297097879668679e-05	1.0146774340690647	1.07136061797702e-05	20.55757543604343
32964	259.0013062294423	3.2731645512821685e-05	1.0013062294423007	1.0699630008031984e-05	20.267323407657372
33154	259.00663424326103	3.271028891347794e-05	1.006634243261051	1.0629113880896696e-05	19.840824909472165
33342	258.99665772441983	3.260232182053404e-05	0.9966577244198171	1.0664758442607976e-05	20.090901338713152
34288	257.02271207744013	3.265694174690579e-05	1.022712077440134	1.0427918744542506e-05	20.44211062667677
34479	256.9982261122459	3.229228815761204e-05	0.9982261122459143	1.044644957351464e-05	20.30169404281589
34670	257.0022142167763	3.23209677663195e-05	1.0022142167762824	1.0423369972855346e-05	20.44583686377794
35651	255.02545026149735	3.228524426553924e-05	1.0254502614973424	1.0164676302910433e-05	20.76769529175486
35842	254.97613508722378	3.188208949066926e-05	0.9761350872237836	1.0413186080442708e-05	20.420248675875804
36033	255.0057281738844	3.2269468666903564e-05	1.0057281738844013	1.0353877271056348e-05	20.398764399856265
36979	253.0172410819926	3.217744127654706e-05	1.0172410819926194	1.0178390800708409e-05	20.863228471825565
37171	252.9864509166783	3.190359039466939e-05	0.9864509166783042	1.0318192855436038e-05	20.421427466726477
37362	252.9998729572842	3.2121943987617e-05	0.9998729572841889	1.0319503873233917e-05	20.875639246892455
38310	251.0265803964681	3.2123984611554524e-05	1.026580396468099	1.0052309501270119e-05	21.178255788122577
38503	250.98797171546263	3.1705377306176505e-05	0.9879717154626483	1.0174693611104864e-05	20.614278318045436
38695	251.00114949650595	3.1897795552521913e-05	1.001149496505939	1.016301126516574e-05	20.71103507241469
39986	249.0256724038256	3.187947814059343e-05	1.0256724038256086	9.908632841499087e-06	20.86073848028434
40178	248.98951082357254	3.1477980941443956e-05	0.9895108235725478	1.0013667971538483e-05	20.73987435487696
40370	248.99721429738796	3.1644380182804154e-05	0.9972142973879503	1.004164099709335e-05	20.611748438967098
41386	247.04040211519646	3.1688548400160825e-05	1.0404021151964566	9.651692216328504e-06	21.43127134140292
41581	246.98305679350858	3.1067172733173684e-05	0.9830567935085865	9.81804131771579e-06	21.40631316721186
41775	247.01341862744704	3.133375387296548e-05	1.0134186274470258	9.688041103457026e-06	21.281420869372838
42932	244.98814688748416	3.1125618232345245e-05	0.9881468874841534	9.804252005613276e-06	21.129158948169604
43126	245.00201327585052	3.1311742215362716e-05	1.0020132758505125	9.784553001347603e-06	21.237592391338637
43319	244.98147563436072	3.1280270141652556e-05	0.9814756343607188	9.96922660002736e-06	20.904980109646953
44337	243.05308445994976	3.1574082092797817e-05	1.0530844599497626	9.466692349161565e-06	21.639048766740164
44532	242.98757866320088	3.076799042700314e-05	0.9875786632008905	9.585760306402933e-06	21.697545705877594
44727	242.9896258922074	3.09608790353293e-05	0.9896258922074185	9.68624647140278e-06	21.11908054738678
45850	241.00997669168376	3.11227352130284e-05	1.0099766916837531	9.59056436763371e-06	21.375763664211018
46044	240.99175788041185	3.096863634006785e-05	0.991757880411846	9.670267871883257e-06	21.387805198496924
46238	241.02255443193187	3.109705431690156e-05	1.0225544319318585	9.456971257377202e-06	22.04327896877089
47330	239.011840610557	3.075218895847449e-05	1.0118406105569828	9.346305296218022e-06	21.555877793962388
47524	238.99040409346952	3.057172761918767e-05	0.9904040934695167	9.43686052778384e-06	21.637249363813666
47719	238.99756848023546	3.071947351076161e-05	0.9975684802354473	9.459862370106703e-06	21.698207696087007
48741	237.03163959395835	3.075688926095535e-05	1.0316395939583354	9.16973565720739e-06	22.35890854431805
48938	236.9728221566796	3.0281571387904216e-05	0.9728221566796031	9.425911605986812e-06	22.0494319780742
49135	237.00792534044209	3.070164752254642e-05	1.0079253404420832	9.351795443353508e-06	21.921172611419312
50296	235.00091664634573	3.0580705425731286e-05	1.0009166463457237	9.34323100479571e-06	21.68448360195348
50491	235.01923394730747	3.0566699208118154e-05	1.0192339473074767	9.166915043869801e-06	22.199638786774624
50688	234.99691788355278	3.027691371964752e-05	0.996917883552786	9.195255893294868e-06	22.169568619323357
51746	233.0256456111076	3.0323680339455614e-05	1.0256456111076024	8.965334413477227e-06	22.245084654569908
51943	232.98139904342483	2.9942168280666026e-05	0.9813990434248283	9.135258968859938e-06	22.199291817578715
52140	233.01638002526656	3.0224590930002577e-05	1.0163800252665496	8.988034732839405e-06	22.4539794080408
53062	230.971426165779	2.998005125552557e-05	0.9714261657790011	9.25241160827881e-06	21.887328208787867
53257	231.01472747866046	3.0417777052701945e-05	1.0147274786604519	9.118124622477925e-06	21.97130347996783
53454	231.01643320917813	3.0196232583681573e-05	1.016433209178128	8.970707115965544e-06	22.38379965191011
54616	229.00701993171606	2.9951138736224276e-05	1.0070199317160464	8.90817235432342e-06	22.272755461490704
54814	229.0071816468083	2.9846561534494086e-05	1.0071816468082937	8.844653179049634e-06	22.68090096354526
55012	228.97929560332878	2.9739961632540203e-05	0.9792956033287862	9.031648001875234e-06	22.50308702929622
56072	227.0456625064557	3.0052700380956173e-05	1.0456625064557101	8.637249539039272e-06	23.12711036108997
56273	226.976172516241	2.9389197911884688e-05	0.9761725162410119	8.84807694883594e-06	22.55088286701274
56471	227.00219617232068	2.9745717252801183e-05	1.0021961723206718	8.828687629436312e-06	22.597406403247735
57428	224.98248450292277	2.971310759485839e-05	0.9824845029227652	8.986083346019302e-06	22.551627895218825
57626	225.0173099597016	2.9976796603405275e-05	1.0173099597015969	8.833181333106332e-06	22.31890541668759
57824	225.00791450780306	2.9720668453294134e-05	1.0079145078030716	8.763820011242637e-06	22.865962101033023
58886	223.02870786682715	2.9603749781476395e-05	1.028707866827161	8.519250502353838e-06	23.14515464503265
59086	222.98396861886522	2.918775514210341e-05	0.9839686188652083	8.658051018109627e-06	23.053749298929997
59286	223.0031977740722	2.9424566297754717e-05	1.0031977740721845	8.630452779978599e-06	22.943307160747754
60762	221.0069101504196	2.9377632273514825e-05	1.0069101504195976	8.571224330574216e-06	22.952749341444942
60962	221.00281135835206	2.927665337871495e-05	1.0028113583520677	8.54719510223679e-06	23.101093889525163
61162	220.99578984357333	2.9235586367023306e-05	0.9957898435733428	8.583332273771342e-06	22.936944682605553
62225	219.02482519149973	2.929732457712025e-05	1.0248251914997386	8.375411089583402e-06	23.513890911843855
62427	218.98267382800313	2.894030250288238e-05	0.9826738280031434	8.523083500252344e-06	23.149888714416324
62627	219.01235270597044	2.9194320509736724e-05	1.0123527059704343	8.419085018478984e-06	23.479127124522748
63795	217.01070697505153	2.9015659596981393e-05	1.0107069750515252	8.329897018915679e-06	23.414443579450644
63997	217.00097926796096	2.8861560974617572e-05	1.000979267960952	8.321747797918057e-06	23.39562237343219
64198	216.98926019355	2.8847439744140305e-05	0.9892601935499865	8.412092038248547e-06	23.24934849251944
65331	215.01731984546487	2.900360673821197e-05	1.0173198454648755	8.268876377226818e-06	23.036941344378103
65531	215.00862995924393	2.875565401312726e-05	1.0086299592439454	8.198126876406735e-06	23.81346894313893
65734	214.9693164970893	2.863237132409178e-05	0.9693164970892887	8.457636799770222e-06	23.261108823083493
67454	213.03560849639138	2.9082016435883918e-05	1.0356084963913663	8.166828322905147e-06	23.504531967661215
67656	213.00770278674315	2.857766317056933e-05	1.0077027867431418	8.104401843821465e-06	23.84613283295436
67859	212.99127485344545	2.84682311424884e-05	0.9912748534454491	8.175736341593233e-06	23.64216874628275
69029	211.0160726994688	2.8593244554602804e-05	1.0160726994688047	8.046408830654976e-06	23.7799073146567
69232	210.99506287396153	2.836619260784742e-05	0.9950628739615196	8.086332071279891e-06	23.844784047819708
69435	211.00102165391635	2.8436476700322584e-05	1.0010216539163534	8.078079070161247e-06	23.94893172373871
70573	209.03321725450104	2.8421961702460385e-05	1.0332172545010418	7.818374146357332e-06	24.498625282285442
70778	208.97600894829165	2.7961355736725876e-05	0.9760089482916408	8.010555804885024e-06	23.900576179830523
70981	208.9985987862587	2.8302925299136524e-05	0.9985987862587009	8.021796055748238e-06	23.76658046993472
72153	207.01507060392507	2.8322775386159167e-05	1.015070603925061	7.902697629829556e-06	23.932151830895357
72356	207.00461297075938	2.8111737103618403e-05	1.0046129707593712	7.866410110010854e-06	24.15067225751317
72560	206.99420803586523	2.8047121260498117e-05	0.9942080358652388	7.91223750587057e-06	24.13491566671721
73700	205.0183760070402	2.812869976708943e-05	1.0183760070401855	7.769465748576253e-06	24.297089078598635
73904	204.99536526342789	2.7873761404905964e-05	0.9953652634278779	7.805642846947926e-06	24.358012953853336
74109	205.005128374223	2.7938580577667013e-05	1.0051283742229937	7.765816832085767e-06	24.735798782755804
75457	202.98573713705886	2.786721520368651e-05	0.985737137058849	7.878182265970711e-06	23.898891671659985
75660	203.008628461932	2.80680998038177e-05	1.008628461932018	7.810787186076556e-06	24.00758429086627
75864	203.02650791282207	2.7947785576099863e-05	1.0265079128220567	7.609086192626886e-06	24.81463128072466
77179	200.99269726392583	2.7584572123973372e-05	0.9926972639258467	7.665062118268595e-06	24.553522857822504
77384	201.00247218634127	2.7685848584192962e-05	1.002472186341254	7.646159387467845e-06	24.39883797047843
77589	201.00607608939933	2.765168961829972e-05	1.0060760893993421	7.599981222128868e-06	24.637981592866016
78592	198.98482576652978	2.7568063446910575e-05	0.984825766529788	7.717082026507878e-06	24.126972886475585
78796	199.02314759465872	2.7779636474417512e-05	1.0231475946587347	7.542491490762746e-06	24.54481419337752
79001	199.0017607387131	2.7463596797875446e-05	1.0017607387131058	7.529234476140554e-06	24.95100420585523
80282	197.00332670507206	2.7439450570557263e-05	1.0033267050720525	7.504269983125638e-06	24.534524777232818
80488	197.0132969095332	2.7393922652890803e-05	1.013296909533215	7.405795786530676e-06	24.95283261034037
80695	196.9935999073317	2.7213591799927248e-05	0.993599907331721	7.4534988700015986e-06	25.034157617744544
82114	195.0133183165905	2.7301096809471957e-05	1.0133183165904858	7.355535519263485e-06	25.022856638232977
82321	194.99439529430654	2.7121090537188e-05	0.9943952943065375	7.396993490795853e-06	24.77263165299323
82528	194.99551179361663	2.71974143822457e-05	0.9955117936166198	7.43034240099068e-06	25.0236185973705
83636	193.02307341987296	2.725865440734498e-05	1.023073419872961	7.26276556174564e-06	25.50226431815182
83845	192.98321467387635	2.694951866313319e-05	0.9832146738763585	7.38675464749924e-06	25.10674906357301
84053	193.01493625454054	2.7178584671574125e-05	1.0149362545405567	7.2780478719257995e-06	25.38754550014309
85716	191.01640610682938	2.6977857349919025e-05	1.0164061068293755	7.160570782705429e-06	25.130483270680656
85924	190.98215748848483	2.675924285682506e-05	0.9821574884848353	7.290654367205378e-06	24.90459232823513
86131	191.0099360769209	2.7001211763929e-05	1.0099360769208934	7.2189265576423645e-06	25.207223445064017
87275	189.02261536551165	2.6868060141443713e-05	1.0226153655116548	7.0592783964579385e-06	25.598612663653697
87484	188.97911799870096	2.6569302581095236e-05	0.9791179987009673	7.209834162811582e-06	25.32759106279183
87693	188.9998177571775	2.685113435743746e-05	0.9998177571775192	7.2111483428389104e-06	25.160279534769888
89598	187.0275677886182	2.6853581405166258e-05	1.0275677886182009	7.017686251664178e-06	25.363486045606773
89807	186.98451685471983	2.6490915898972193e-05	0.9845168547198406	7.128050899302448e-06	25.627033804237968
90016	187.00653702012767	2.6698409876437303e-05	1.0065370201276547	7.081757309232828e-06	25.56665387951803
91057	184.98567525250462	2.6611571372680773e-05	0.9856752525046245	7.184675978460363e-06	24.750516664596184
91264	185.03178951517665	2.680424589213501e-05	1.031789515176667	6.9633155530080924e-06	25.439480463925022
91472	184.99467170187592	2.6388094953990318e-05	0.9946717018759182	7.000616927047897e-06	25.647454500406642
92792	183.01002665686067	2.6458678967491737e-05	1.01002665686068	6.931120955566562e-06	25.64633529276877
93001	183.00907918664626	2.6327022155129057e-05	1.009079186646261	6.8687582176802045e-06	25.765532810650473
93211	182.99503991579166	2.620831588958017e-05	0.995039915791673	6.902997667400395e-06	25.836743842766797
94496	181.01723846252466	2.6273556415910645e-05	1.01723846252466	6.786017164813064e-06	26.11212385127809
