时间秒	晶中温度K	设定电流	电压差V	κ	时间常数
99	0.8424085475815188	5e-07	0.03688660864736404	2.6422895753785973e-07	2
145	0.8277700837531474	3.4439327682197877e-07	0.019132192006525384	2.529417082993514e-07	2
191	0.8251088377226321	3.2937552412947154e-07	0.01772133335858095	2.5082931979561513e-07	2
298	0.8255146891578771	3.2731216772772964e-07	0.017087678389435257	2.5700973427308473e-07	2
344	0.8239602298908271	3.3941754938750705e-07	0.018923438977723972	2.4898144296452085e-07	2
389	0.8230865826581507	3.344628879156263e-07	0.018379366248786	2.4936777799273807e-07	2
497	0.8239393508316524	3.344231576305919e-07	0.018214774630352926	2.5179262536319624e-07	2
543	0.8232834555444601	3.441856547796451e-07	0.019533909293936946	2.4804399900613595e-07	2
589	0.8239828053635525	3.4206331920265343e-07	0.01903929350434741	2.5127133273597985e-07	2
696	0.8233995156174027	3.443415377134484e-07	0.019308330102846383	2.512190219261121e-07	2
742	0.8233695424644248	3.5271183304676227e-07	0.02033515430324151	2.499336170948358e-07	2
788	0.8236305843069066	3.52045880556205e-07	0.020236475316067204	2.498563729601767e-07	2
895	0.862594229782875	3.522368624253315e-07	0.017565915910552676	2.797678554625139e-07	2
941	0.8641418733246026	3.876118330235721e-07	0.021186806268218894	2.7857941904165603e-07	2
987	0.865166117963414	3.8838451085579465e-07	0.02105166031323713	2.8136173595269085e-07	2
1094	0.9066697706818865	3.9040587737827034e-07	0.018554065621467886	3.128738269070301e-07	2
1140	0.9089500878922456	4.283404366190117e-07	0.022087985247739583	3.1381522197913347e-07	2
1186	0.9088434996902195	4.30728189172473e-07	0.02232670914475865	3.1382623368964824e-07	2
1293	0.9521538847117147	4.308074548686889e-07	0.0194429611101542	3.500701563865631e-07	2
1339	0.9547652423646567	4.7313919617057624e-07	0.023063190375254172	3.5303040341894574e-07	2
1385	0.9554245717574723	4.771074051967716e-07	0.02344586082118072	3.529764821248974e-07	2
1492	0.9998664951861702	4.771665457182413e-07	0.020527092619402554	3.9180523648807467e-07	2
1538	1.0029001209922963	5.226221806433277e-07	0.024397865086710824	3.9236341529291977e-07	2
1584	1.003222173706554	5.250413356691608e-07	0.02439049517073688	3.960544941923047e-07	2
1691	1.0502558453679507	5.275513739832376e-07	0.021886347779598525	4.330681630055578e-07	2
1736	1.0529319443590968	5.733955670909527e-07	0.025517047346687916	4.358364418784363e-07	2
1782	1.0534183575839426	5.771854066303226e-07	0.02551161261559365	4.4141035673379306e-07	2
1889	1.1029182644114015	5.810621768548872e-07	0.022934754250943046	4.837808301984179e-07	2
1935	1.1057462498823578	6.321882671402667e-07	0.026828753518582715	4.864359827557479e-07	2
1981	1.106197002817583	6.359413344318842e-07	0.0270435581885613	4.879906309188217e-07	2
2088	1.1580629051063869	6.371710097493364e-07	0.023757838536214937	5.425445351015958e-07	2
2134	1.1615376683259964	6.979399602093092e-07	0.028325038749178466	5.421756841935584e-07	2
2180	1.1615195562009113	7.001616633456281e-07	0.028624528840177632	5.399295288532425e-07	2
2287	1.2160866287746637	6.987063237985617e-07	0.025060831860899357	5.978419458793583e-07	2
2333	1.2196362721170724	7.635844960430726e-07	0.029447476386880833	6.038724869543675e-07	2
2379	1.2197676713975993	7.698271612829073e-07	0.029900319882822934	6.039243440062993e-07	2
2486	1.2772596462282748	7.702212242472315e-07	0.02654426025514045	6.634978058544504e-07	2
2532	1.2809628063486838	8.380790554242859e-07	0.031165544490125985	6.650213482424848e-07	2
2578	1.2806821924730016	8.415936434937539e-07	0.030953212364762228	6.750286318236472e-07	2
2685	1.3413174987836363	8.480166937659597e-07	0.02814739406365363	7.340743162729927e-07	2
2731	1.3450154521911708	9.181946825880459e-07	0.03267163846172494	7.375477659756433e-07	2
2777	1.344824789909937	9.227812985622926e-07	0.03241406662594137	7.503305252792745e-07	2
2884	1.4091177261742582	9.310681969085214e-07	0.029485618527578916	8.183932681700414e-07	2
2930	1.4123481270274838	1.0093005013969826e-06	0.03453231205766216	8.168304540130236e-07	2
2976	1.4129286018289289	1.0110014498780223e-06	0.03476014514963399	8.139885069956695e-07	2
3083	1.4791187971229085	1.0093809535986986e-06	0.030604844953834753	8.993037083042379e-07	2
3128	1.4831268217513731	1.1005221327519875e-06	0.03601308629915234	9.031814986455315e-07	2
3174	1.4836576058369904	1.1061330726379725e-06	0.036342192216640035	9.038761612391564e-07	2
3281	1.553449744167605	1.106727201904055e-06	0.032540303075860644	9.86401382421406e-07	2
3327	1.5574865734239145	1.1991215406451404e-06	0.037455486075345545	1.0009484503366738e-06	2
3373	1.557928138201535	1.210985387620581e-06	0.038136488022188386	1.0019299284417192e-06	2
3480	1.6318143024992486	1.2119981904145667e-06	0.03436108913342517	1.087772350135774e-06	2
3526	1.6355642223443223	1.3094730879099302e-06	0.03979991645907188	1.0910991094269767e-06	2
3572	1.635712921954845	1.3145695354876352e-06	0.04043028501152213	1.0820646244079205e-06	2
3679	1.7129210308388505	1.3093574647184224e-06	0.036027817423856856	1.1775111984347089e-06	2
3725	1.7173210397290677	1.4156698011253044e-06	0.04166511417479657	1.1847848931968736e-06	2
3771	1.7174319319587275	1.4233063786899886e-06	0.042105976058943506	1.184575921330675e-06	2
3877	1.7986307429258035	1.4234730264668121e-06	0.03781378148356507	1.2898371345101594e-06	2
3923	1.803129420767576	1.539364803446548e-06	0.04274990869829676	1.3280675146976025e-06	2
3969	1.804050516517672	1.5656378867015456e-06	0.04471378956654837	1.3120844295006516e-06	2
4076	1.888814927298121	1.556997618995201e-06	0.0396131644349087	1.4330969029727984e-06	2
4121	1.8940436959428784	1.6856996440799006e-06	0.04655875407248233	1.4227362745400841e-06	2
4167	1.8939271685048713	1.6834163278812e-06	0.04564533392221226	1.4473623497541179e-06	2
4274	1.9840859310488876	1.697873601428493e-06	0.0425551621699507	1.5446342008329243e-06	2
4320	1.9883845441230585	1.8173387865086605e-06	0.048311888659055224	1.5528170123862206e-06	2
4365	1.989098127614902	1.8256417222581321e-06	0.04884498044299068	1.549552855623471e-06	2
4472	2.082523646866215	1.8239471359491728e-06	0.04357439077197345	1.6975559618045293e-06	2
4518	2.0887274154838145	1.9769600764741744e-06	0.05082871210648898	1.702207201582107e-06	2
4564	2.088544154146078	1.9840136708455043e-06	0.05113259560429029	1.7039473685100212e-06	2
4671	2.1872501889912233	1.9851670353945154e-06	0.046527290116945785	1.8363139586372446e-06	2
4716	2.1925552851687065	2.1337284073255624e-06	0.053467961922232465	1.8392530695213738e-06	2
4762	2.1931828423165602	2.139381755348277e-06	0.053619826973012596	1.8430825799953747e-06	2
4869	2.2966643541510976	2.142010263131326e-06	0.04854956245445452	1.999820207909511e-06	2
4915	2.3031056523298403	2.309508156674794e-06	0.05618183378410402	2.001769980312043e-06	2
4961	2.302904941467643	2.3147929891069427e-06	0.05630965294096635	2.0059231245160914e-06	2
5068	2.4119185027974064	2.317455194087708e-06	0.05213508024620106	2.128497238065896e-06	2
5114	2.4171218837613586	2.4707658255310466e-06	0.05724736358463467	2.1969752313270034e-06	2
5160	2.418685902406986	2.5138485124217773e-06	0.0602389406145849	2.159234875038519e-06	2
5266	2.532817168128869	2.4933641047452034e-06	0.05349883280077039	2.346577605595099e-06	2
5312	2.5390613383161433	2.6890164665993756e-06	0.06086592133733015	2.390376561850898e-06	2
5358	2.540467924993158	2.7188564212987618e-06	0.06358504423269595	2.3381794734558874e-06	2
5465	2.6593694390864986	2.689606199509676e-06	0.056973832631414645	2.507254342090794e-06	2
5511	2.665632330333191	2.8802192004601707e-06	0.06370607836909725	2.563031247967623e-06	2
5556	2.6668046146092483	2.9168202555427174e-06	0.06554944325605128	2.5534419602121438e-06	2
5663	2.7933818203966005	2.912056019850668e-06	0.05926800346669303	2.7634062274677036e-06	2
5709	2.801395599796087	3.1329884069284637e-06	0.06955747622317299	2.7160402948252754e-06	2
5755	2.800491939088001	3.1114017467765155e-06	0.06778148212419399	2.749369322152559e-06	2
5862	2.931186068150912	3.1301833139827294e-06	0.06139756412970376	3.0168680081697177e-06	2
5908	2.939353506411841	3.390455606028716e-06	0.07024704897824074	3.08242691045507e-06	2
5954	2.9410026659776642	3.433269384052299e-06	0.07268348088641652	3.0530700680611637e-06	2
