时间秒	晶中温度K	设定电流	电压差V	κ	时间常数
227	2.152068579689489	1e-05	0.011203750690806258	0.00016477091734242726	2
310	2.1130325306175166	9.285443599168212e-06	0.010149295228423005	0.0001592240199711966	2
392	2.101037220509597	9.058766972716012e-06	0.009852101796260282	0.00015691680593412846	2
683	2.168245604760192	8.969929243625788e-06	0.009128430298426471	0.0001655772886147024	2
766	2.198985667770602	9.571220337533765e-06	0.009965158104533245	0.00017048266726472122	2
848	2.2096281089944148	9.774657891245962e-06	0.010228858369118576	0.0001725073812324001	2
1139	2.289024462814015	9.852905837909785e-06	0.009739110538768525	0.00018294727693677915	2
1222	2.3250101331456547	1.0557789720274505e-05	0.010809585805625188	0.00018673032830351311	2
1304	2.3343650537545253	1.073833143924772e-05	0.011011072526321719	0.00018900176122724503	2
1596	2.4173657828681385	1.0821571066568828e-05	0.010404563870917816	0.00020192414350398102	2
1678	2.458992720533673	1.1636936727382563e-05	0.011445481017133385	0.00020932214495945675	2
1761	2.4742934768718463	1.1931140107627275e-05	0.011534066019385225	0.0002173071713056801	2
2052	2.5690838393599646	1.218571528035928e-05	0.011417103951371743	0.0002271162452489823	2
2134	2.609771065189582	1.297553640992414e-05	0.012158777683904276	0.00023895709687501358	2
2217	2.631457491033208	1.3388521906055885e-05	0.012706889948735256	0.00024199377982517674	2
2510	2.7229646226720092	1.3513419874340875e-05	0.012158498389315042	0.0002561677527859958	2
2593	2.7721665902186805	1.4463371655272259e-05	0.013356100871549259	0.0002637837826990913	2
2675	2.7884055582031975	1.476977729621925e-05	0.013652647084771541	0.00026806080596350625	2
2967	2.8844920802207605	1.4917971080365967e-05	0.012858194022601577	0.00028872786018638725	2
3049	2.9463604994997636	1.6104824400903822e-05	0.014391630804460043	0.00029646744523048135	2
3131	2.9637106267759084	1.6433770189856675e-05	0.014776230815460867	0.0002995630733067613	2
3423	3.061688058575104	1.6549756053004234e-05	0.014408869382578793	0.0003100383737220177	2
3505	3.111549276925684	1.7506722143870785e-05	0.015543790441433725	0.0003183720317719258	2
3588	3.128594936162811	1.7830132366089417e-05	0.015899955355994866	0.00032177603433019387	2
3879	3.2313612522461197	1.7954975192833808e-05	0.015260941684528628	0.00033836915067385874	2
3961	3.293213943715754	1.9143190092843006e-05	0.016581602316613875	0.0003500314437538254	2
4044	3.3165819317809806	1.958038528962423e-05	0.017299277525801404	0.0003496104999753592	2
4335	3.418035859125296	1.9607734570077055e-05	0.016658405541078114	0.00036280180007541797	2
4418	3.4778669851845287	2.075500523069921e-05	0.01773825842725474	0.00037801578380092536	2
4501	3.505750979345586	2.1290188247249055e-05	0.018204808097342706	0.0003858623728731298	2
4792	3.6242388144664703	2.155750979291713e-05	0.017281077255584254	0.00041458215188866406	2
4875	3.712603038325673	2.3238992924117954e-05	0.0193679320607254	0.0004244645508598217	2
4957	3.735325265711801	2.3663544376410168e-05	0.019586748687947964	0.00043376746502584194	2
5249	3.859253116404956	2.3960878486845427e-05	0.019173890131767735	0.00045208322378410457	2
5331	3.9378163969637967	2.543570100776222e-05	0.020601830835315305	0.0004695330060986737	2
5414	3.970707653185949	2.6048750422145046e-05	0.02093958706870236	0.00048253691613526643	2
5706	4.105070277700945	2.6460553834798536e-05	0.020556781813656055	0.0005045212498677195	2
5788	4.195079294395384	2.8139050113248555e-05	0.02248141341341814	0.0005165274341728273	2
5871	4.220267776649083	2.8614469128372926e-05	0.022795055792124153	0.000525183652248581	2
6162	4.352508479554922	2.8897044678343024e-05	0.022208498271555133	0.0005475738983153801	2
6244	4.447832080538394	3.066718220238465e-05	0.023694300612729258	0.0005726445995803693	2
6327	4.493745565395972	3.150880749301175e-05	0.024640945463178632	0.0005786928763861475	2
6618	4.628621342160024	3.1745584191751745e-05	0.023872262547947276	0.0006042903923946238	2
6701	4.7349527260572355	3.370610327518534e-05	0.02618297521027335	0.0006152517976950096	2
6784	4.760754628938352	3.417205247337701e-05	0.026701887901410704	0.0006186959132734705	2
7076	4.895089866283682	3.430615892189519e-05	0.02605138360706416	0.0006373429794102263	2
7158	4.997062039271874	3.6167682969207875e-05	0.027788431892912246	0.000658765674850198	2
7240	5.038558589185202	3.6919231827918546e-05	0.028994319794881207	0.0006557750799292166	2
7532	5.170178623529754	3.689437713745951e-05	0.027595465870783986	0.000686502800691238	2
7614	5.297527180476335	3.920101220481942e-05	0.031107473445824763	0.0006814355711199609	2
7697	5.299159886434131	3.923023185164255e-05	0.03128624852149464	0.0006784669392360885	2
7989	5.434933495361012	3.9147144846624756e-05	0.030755815745365567	0.0006859284014263967	2
8072	5.5299121671012195	4.086809602881476e-05	0.032966026354017686	0.0006930580807575853	2
8154	5.548186554064104	4.120966101346202e-05	0.03299894373138379	0.0007030903993342969	2
8446	5.714370356856117	4.1533349854850185e-05	0.03301352699464655	0.0007113555778043436	2
8528	5.818225538843016	4.341011236624168e-05	0.035223187991485716	0.0007238799387899404	2
8611	5.847516321727525	4.392547753347255e-05	0.035815656467121926	0.0007277460544172572	2
8902	6.0117300507105655	4.4077803619437256e-05	0.0365799245954177	0.0007154728538597757	2
8985	6.084310058876925	4.5397342328277134e-05	0.038420015314367006	0.0007197112218650629	2
9068	6.096875495491965	4.562296941719991e-05	0.038118663206540226	0.0007320236017567944	2
9360	6.284365930444884	4.603059658678074e-05	0.039273410595293434	0.0007207495573206697	2
9442	6.362980062691367	4.745928108064865e-05	0.03988704003353227	0.0007513339952059552	2
9525	6.42378642771483	4.855445806864873e-05	0.041801096599257015	0.0007480175624157645	2
9817	6.596620265091259	4.852428381085452e-05	0.04207789252433969	0.0007405205904764939	2
9899	6.685230469786937	5.013580344023176e-05	0.04405030302643631	0.0007520038606818845	2
9982	6.712480749090013	5.0627835894928445e-05	0.04528727943441968	0.0007449228740654941	2
10274	6.88640441482233	5.0421653386974846e-05	0.044353891902905396	0.0007530270386771574	2
10356	7.006472724652767	5.2633109081377193e-05	0.047600385848237003	0.0007603484543121448	2
10439	7.028817439601336	5.30348808508561e-05	0.048408093723244505	0.0007583575882252429	2
10783	7.223015232482194	5.299201287156953e-05	0.0453497747067626	0.0008065057634071005	2
10866	7.427979177281294	5.67443509390601e-05	0.05187610638752549	0.0008015111457005599	2
10948	7.431733153464178	5.681182362658058e-05	0.05224500044099756	0.0007976483673033221	2
11292	7.629845376838944	5.6678212475735704e-05	0.05109522447192294	0.0008102377694123628	2
11374	7.775073356802785	5.930861017509398e-05	0.05570759438012196	0.0008092529164966529	2
11457	7.782202755934833	5.9436373392666136e-05	0.05458553956084167	0.0008292275755077502	2
11801	8.038763412581174	6.0173497691092976e-05	0.05586769142633852	0.0008273249633773209	2
11883	8.165535731004521	6.246095578073115e-05	0.06051744601018694	0.0008193202649073518	2
11966	8.155950622444944	6.229483816086695e-05	0.05971083589135606	0.0008261825166127532	2
12310	8.399781733431759	6.254739381330702e-05	0.05869941095468523	0.0008450464544656856	2
12393	8.57473403766689	6.570040599244149e-05	0.06398884960363382	0.0008504664996119756	2
12475	8.597564790598014	6.609850067234031e-05	0.0636572981327026	0.0008647035048317118	2
12819	8.870731670786455	6.667195868613083e-05	0.06531488352640036	0.0008546869075151622	2
12902	8.994281950877994	6.886599334904843e-05	0.0666925133322227	0.0008898740184753443	2
12985	9.080255845038568	7.039372623088106e-05	0.07125217885314239	0.0008680320160196992	2
13329	9.29193662081714	6.961495725100825e-05	0.06951924081775207	0.0008693374064222186	2
13412	9.443795562170095	7.229524025989337e-05	0.0735324233639858	0.0008828051875627936	2
13494	9.482741257231723	7.300118683427032e-05	0.07419551029115823	0.0008910428581088613	2
13838	9.775339006995754	7.338389561416497e-05	0.0751232296642872	0.0008869231326843797	2
13921	9.927780609227048	7.604405489236551e-05	0.08009218350699854	0.0008898954726703302	2
14004	9.94381203291056	7.631709472047001e-05	0.08055121988610026	0.0008908792556205322	2
14348	10.233618530019319	7.637256862395633e-05	0.08083790690747428	0.0008870003786286972	2
14430	10.392634949563309	7.913588634338784e-05	0.08527793444102105	0.0008994581511685504	2
14513	10.433886925181021	7.983599425274526e-05	0.0868720207174869	0.0008978199111874534	2
14857	10.735579851930236	7.979990603186394e-05	0.08776548511190185	0.0008859883071951909	2
14940	10.880992407215867	8.231444967180905e-05	0.09153916827313324	0.0009009441691167109	2
15023	10.93010488418232	8.313964691927443e-05	0.09246352226690213	0.0009090117348495712	2
15367	11.276978383869057	8.355232453487063e-05	0.09536397814771291	0.0008877780182504264	2
15449	11.405744258526429	8.576180431640426e-05	0.09680763902444767	0.0009189927563157702	2
15532	11.501310447516584	8.737086740282391e-05	0.10131822334351703	0.0009096412395315503	2
15928	11.824156888648202	8.700624316086994e-05	0.10103635527781663	0.0009030795462282451	2
16011	12.000886050032769	8.999763717009318e-05	0.10845621086976287	0.0008971425497265004	2
16094	11.99152632835694	8.985110453180723e-05	0.10779781873499239	0.0008998048954389795	2
16489	12.365185618870973	8.997833658072234e-05	0.1070098395139727	0.0009069481619355594	2
16572	12.595147134955772	9.38075091864335e-05	0.11670084292164873	0.0009003458328922534	2
16655	12.58617206335088	9.365093309996872e-05	0.11591006418907313	0.0009035669755275448	2
17051	12.98427796294163	9.381300263521106e-05	0.11638751679663706	0.0009008686807044556	2
17134	13.195396467794009	9.727770372787317e-05	0.12556913919230972	0.0008948189242918629	2
17216	13.185443820380483	9.711254303910597e-05	0.1218721435335901	0.0009189385749882923	2
17665	13.677310543211053	9.840713252717524e-05	0.1290740905094907	0.0008880056741431511	2
17747	13.8081116556421	0.00010050843014419412	0.13311157361361836	0.00089645912093536	2
17830	13.842909675594118	0.00010108577156569329	0.13444003641849456	0.0008973858337442121	2
18278	14.2895164300167	0.00010116287632454817	0.13372486769248226	0.0009015131528356991	2
18361	14.546917772348952	0.00010529372842456221	0.14301664946058779	0.0009099185676347257	2
18443	14.589738941128399	0.00010597334143072654	0.1478907479674998	0.0008908252752904893	2
18892	14.992753924235858	0.00010488504024993634	0.14362270677932543	0.000897477427528065	2
18974	15.269568992612225	0.00010926508136836512	0.15262102733085925	0.0009133073101344457	2
19057	15.344127546974251	0.00011042149053106297	0.15733270791817233	0.0009039040597089352	2
19558	15.810348829497972	0.0001099065294909634	0.15484092261731952	0.0009083863391816086	2
19640	16.101976943206306	0.00011438050021507848	0.17233447728237294	0.0008809154872715417	2
19723	15.998782570399552	0.00011283329692761544	0.16694628704868997	0.0008859560376839933	2
20224	16.550018091141574	0.00011308897509505888	0.1675161960918885	0.0008848551477037513	2
20307	16.83167671028518	0.00011736948891042376	0.18167380026290125	0.0008760847092370044	2
20389	16.80348008829973	0.00011696943970099962	0.17609945681218697	0.0008979289371176362	2
20890	17.461492479962196	0.00011840137557141868	0.1816817666491648	0.0008889903680801282	2
20973	17.732567961554164	0.00012239294835936318	0.19522424955205864	0.0008816205317966376	2
21055	17.71020235825381	0.00012205198208615283	0.1916088921779	0.0008934866637446062	2
21608	18.38135999426995	0.00012285485609253195	0.19253753597007517	0.0008984742430719768	2
21691	18.730561789714777	0.0001279622647745064	0.21255357808479935	0.0008800513377033485	2
21774	18.651999286636805	0.00012685132358019078	0.20899752057745857	0.0008801987197490645	2
22326	19.297335803918592	0.00012681532273554146	0.2060627572501339	0.000890432398332264	2
22409	19.69124682015949	0.00013243758337178461	0.2323381470309105	0.0008583267016087214	2
22492	19.53512371837413	0.0001302537562311035	0.2207597670350161	0.0008749123481516024	2
23096	20.31183566905009	0.0001314224509313251	0.2251465259858687	0.0008709079825642513	2
23179	20.655487455278575	0.00013619720051797482	0.237074917126618	0.0008858871876694683	2
23262	20.754210938035392	0.0001375487414452204	0.2426822954275174	0.0008820004167462733	2
23919	21.477003750925807	0.00013729945639462667	0.24058289471102512	0.0008848040599736803	2
24002	21.883802652119584	0.0001427774636840749	0.26021288798694187	0.0008820461820194072	2
24084	21.884960760344118	0.00014276392502312704	0.2670291170646273	0.0008593421865418471	2
24742	22.533871926672454	0.00014091667517529067	0.2557411835568857	0.000873355478869283	2
24824	23.03273092968078	0.00014742707354951391	0.2772396240160333	0.0008788621421061198	2
24907	23.091548227555933	0.00014813742341723783	0.28081374430007244	0.0008757519948221729	2
25616	23.911826376519883	0.00014790089390484816	0.2787814216738269	0.0008777451489088319	2
25699	24.373272733334332	0.00015372554850589536	0.29329997190713186	0.0008988485185338063	2
25782	24.546876352337264	0.00015577480179348113	0.30259478754562963	0.0008937241085293022	2
26543	25.41258339546897	0.0001554081006679952	0.28911251890885836	0.0009295537465968761	2
26626	26.19927927547964	0.0001645278206172762	0.3242814082097141	0.000925219158083761	2
26709	26.18580301786131	0.00016446650397081402	0.32391764952259905	0.0009255879837855972	2
27522	27.148911103679353	0.00016449749758767646	0.31885194533793637	0.0009391073489563807	2
27605	27.8243451785388	0.00017201086327508743	0.34316389745801246	0.0009512803001157813	2
27688	27.951475603855588	0.0001733788807179834	0.3422752406358853	0.000968512842137288	2
28554	29.130190524933337	0.0001749844948149276	0.3381101103048536	0.0009966198826330253	2
28636	30.037649728298955	0.0001843119860772544	0.3771493665192196	0.0009880797701534937	2
28719	29.981089223345244	0.00018381458889420431	0.3674622056330854	0.001008810675040835	2
29689	31.273508824529927	0.00018571916745247898	0.3554697084504497	0.0010626032024258392	2
29772	32.54601333454556	0.00019789302766692876	0.3981290837710638	0.0010732996931401787	2
29855	32.69581079601439	0.00019924783208132517	0.39126317588025117	0.0011067493489394945	2
30877	33.952383419147495	0.0002	0.3954342646138258	0.0011020080701038065	2
30960	33.9430449034796	0.0002	0.3859162257824522	0.0011292019254086907	2
31043	33.94453319304412	0.0002	0.3930620535221969	0.0011086834638322335	2
32170	35.183314367586725	0.0002	0.3743543162860554	0.001162921406433952	2
32253	35.184008766988214	0.0002	0.38526319710944534	0.0011299931601728558	2
32335	35.174175070811344	0.0002	0.39092791306653396	0.0011136249253347796	2
33515	36.49359443882361	0.0002	0.35280661455792384	0.001232740840601771	2
33598	36.48741223480111	0.0002	0.3604269020201478	0.0012066762213429009	2
33680	36.478436160986945	0.0002	0.35262337455374393	0.0012333888794252713	2
34965	37.85761854199603	0.0002	0.3570238515524302	0.0012170172309515616	2
35047	37.8695948622797	0.0002	0.3330735505145306	0.0013045192052289502	2
35130	37.84279970215226	0.0002	0.33415935845924594	0.0013002843326112977	2
36518	39.28443010895021	0.0002	0.32705004579626973	0.0013272984486001596	2
36601	39.28552827171656	0.0002	0.3335174492539359	0.0013015545224726419	2
36684	39.287747664567945	0.0002	0.31517434713060055	0.001377314267331922	2
38177	40.76692796434818	0.0002	0.30506858288924477	0.00142165941603189	2
38260	40.77453116937393	0.0002	0.2967446953374946	0.0014615360416358565	2
38342	40.77028177813353	0.0002	0.29172172120995654	0.001486700654312462	2
