时间秒	晶中温度K	设定电流	电压差V	κ	时间常数
280	1.980946501349609	1e-05	0.002047766028722142	0.0009178518837783848	2
362	1.89996961037967	7.031651672734035e-06	0.0011465526899472334	0.000881155667045159	2
444	1.8903128786474634	6.607814705059481e-06	0.0010217088045205713	0.0008856597058615807	2
735	1.9701951765905954	6.5779687217290615e-06	0.0010332752768809073	0.0008620162374281089	2
817	1.9757143950980978	6.837079030845397e-06	0.0010411504056906384	0.0009165322277539566	2
900	1.9809656954385444	7.0794689070020554e-06	0.001260599721638167	0.0008054059465843316	2
1190	2.0589282973403513	6.66191197899954e-06	0.0008559136054664407	0.0010555566808351008	2
1273	2.0861625927998144	7.988404347885802e-06	0.0012855628265522334	0.0009723523668059735	2
1355	2.082536239888819	7.816089082580758e-06	0.0010524237966216266	0.0011424961717802884	2
1646	2.186229987896712	8.45221011829545e-06	0.0011712274320787586	0.0011722445210599348	2
1728	2.1998933072855937	9.097353700276807e-06	0.0011884516799582912	0.0013174765782602692	2
1810	2.213652275500547	9.720525164071674e-06	0.0012307603362753383	0.0014317948300394583	2
2101	2.317719715280523	1.0206301562322816e-05	0.0012123680263833592	0.0015763774195661118	2
2183	2.343052179977941	1.1337201647986454e-05	0.001397329423238336	0.0016499946514084527	2
2265	2.3521873576326104	1.1730355700727381e-05	0.0017454317740783765	0.0014036590004583938	2
2556	2.4302099974442792	1.0859615653697936e-05	0.001173832786977247	0.001808882197378997	2
2639	2.4745029102741105	1.2872276152252862e-05	0.0016605694598181842	0.001733359626165841	2
2722	2.4734093895400493	1.2828351060739084e-05	0.0017809080463715432	0.0016064254432681376	2
3012	2.564587887873051	1.234508542697833e-05	0.0014604369204316292	0.0018198042933633648	2
3095	2.595798251398104	1.3774822399460571e-05	0.0016908035046823144	0.0019132673467578435	2
3177	2.607472997886836	1.42847534441141e-05	0.0018137497408958758	0.001903592169946424	2
3468	2.7146782892793193	1.4302678531122547e-05	0.0015388053177143313	0.002238936964693664	2
3551	2.7601679451104757	1.632481046450423e-05	0.0020341557844516522	0.002147855663841156	2
3633	2.757330536648901	1.6206105139379737e-05	0.001999490052784214	0.002156594405976401	2
3924	2.8689815014668385	1.622712709210347e-05	0.0019200570484771973	0.0022422199938901205	2
4006	2.8953699715070034	1.740990814623079e-05	0.002039604186691246	0.002395959566870593	2
4089	2.9118705351842724	1.812322327540598e-05	0.0021040238072571604	0.002496613306650502	2
4380	3.0380669457380156	1.8574709256686767e-05	0.0023187386444352143	0.002359943687942882	2
4462	3.048580149591576	1.9041332298290544e-05	0.002371972446656212	0.0024125753276926522	2
4544	3.0544889442452137	1.9299396106361608e-05	0.002170590232313696	0.002701272619895888	2
4835	3.2020736412763346	2.044824336151136e-05	0.0022092635999313437	0.0029365363496200994	2
4917	3.2503183339064092	2.254876410672566e-05	0.002756170686706305	0.0028099046669683215	2
5000	3.243635440290908	2.226179581992328e-05	0.0026232203171070445	0.0028845341962824753	2
5290	3.3766895854215826	2.25285540428959e-05	0.002561113868610132	0.003010258406670478	2
5373	3.4158828607591976	2.4226946481595123e-05	0.002844156259393049	0.0030931280940107437	2
5455	3.427459383717305	2.4723033601060238e-05	0.002896977514888377	0.0031495223701608543	2
5746	3.566356975711641	2.4998215211810616e-05	0.002561230079510146	0.0036258802554639835	2
5828	3.642516558290315	2.822629074014318e-05	0.0031582579684386047	0.0036677133553201864	2
5911	3.654167359169966	2.8701137884368076e-05	0.0032129787394010734	0.003716136421952299	2
6202	3.7964839089836437	2.8934387539250922e-05	0.0031005082397186357	0.0038983981919910936	2
6284	3.8508139825645897	3.11785743402022e-05	0.00340272486831239	0.004072159981805242	2
6366	3.873249333451579	3.207016831326319e-05	0.0035045615515993944	0.004163054129270678	2
6657	4.026287235883817	3.2504448146132426e-05	0.003509738263190343	0.0042512012090392005	2
6740	4.07723020969563	3.45663190973426e-05	0.0037227681413147806	0.004486837142218933	2
6823	4.105628003305705	3.569175008625525e-05	0.004217952883117881	0.004198914776707726	2
7114	4.228270763173198	3.462299908398501e-05	0.0039030601122203024	0.004282676443884687	2
7196	4.278051867068529	3.666055760165145e-05	0.003749586771098379	0.004952152590197713	2
7278	4.35289172707221	3.960448443478424e-05	0.004863392948349254	0.004400414066612458	2
7570	4.458231150932804	3.756744728721618e-05	0.004117547442894054	0.004708298315454196	2
7652	4.534673148368535	4.066480376051213e-05	0.004503612214574737	0.004980411062383945	2
7735	4.571204107387436	4.2088600750223555e-05	0.004248147328404617	0.005626160021460128	2
8026	4.804940298699741	4.485294914676986e-05	0.005207206364411299	0.005153821326393768	2
8109	4.817309354054488	4.5331929979277726e-05	0.004937046708151094	0.0055436673327254665	2
8191	4.8626697266890915	4.70528779042358e-05	0.0055643681052393035	0.005269650349161709	2
8482	5.00655083804614	4.600381679478445e-05	0.005300383114744456	0.005298201721834066	2
8565	5.067374700159077	4.838883135773398e-05	0.005309424641977145	0.00580857461497485	2
8647	5.131830123511992	5.0854138581605445e-05	0.004947476820556851	0.00683480692680574	2
8991	5.4303185858637235	5.536551159801889e-05	0.0057763572228601845	0.0068471945145348575	2
9074	5.51901551921449	5.857421729799432e-05	0.006837870868801055	0.006422727792479452	2
9156	5.474393455323538	5.695610012137297e-05	0.006734348069317164	0.006190947426201771	2
9499	5.630061026772136	5.580674125623141e-05	0.005876840531890082	0.006822032904567846	2
9582	5.783369096227395	6.146079980407267e-05	0.006767658105211183	0.007090538146486318	2
9665	5.82923940368088	6.307576110270803e-05	0.008733461943418952	0.005767356695745545	2
10008	5.85987941745264	5.698398026236531e-05	0.006387216725543432	0.0065166350080294215	2
10091	6.026576968698775	6.320766558593635e-05	0.006691449018590312	0.007548704539416521	2
10173	6.176392225352228	6.849872072694558e-05	0.007867931584486954	0.007460971950043927	2
10516	6.375771094259803	6.845812021636974e-05	0.007704953433732342	0.0076031261885755146	2
10599	6.494571673369838	7.259422213639675e-05	0.00808490554933261	0.008086637886212689	2
10682	6.569981843117497	7.514960049749528e-05	0.009172985119590749	0.007605322417718726	2
11025	6.724840651744308	7.303540252446452e-05	0.009525820193453605	0.006935922290350362	2
11108	6.729228337912087	7.313640887222809e-05	0.009473719137292669	0.006992213980371148	2
11190	6.737376039094618	7.343866505772644e-05	0.0085132479899368	0.007841126826818035	2
11533	7.091436693357136	7.779085164182664e-05	0.010333183911229504	0.007190423310450331	2
11616	7.113894766016148	7.853299134661015e-05	0.009945076461780111	0.0076051839285513	2
11699	7.18121152882863	8.081440328554519e-05	0.009457022942680915	0.008440125168763551	2
12042	7.5553028369157165	8.528099187683747e-05	0.010868708766874846	0.00811924856287903	2
12125	7.643804440214801	8.814410242250276e-05	0.011747402059549827	0.007993848308960036	2
12207	7.628567960611976	8.762990399904459e-05	0.011186254069939672	0.008303290424386546	2
12551	7.931905274493108	8.927708241910915e-05	0.011338566898302815	0.008476927067964324	2
12633	8.110158745778735	9.485936157589213e-05	0.012790314632516342	0.008425798368235253	2
12716	8.111128045939758	9.489839672145184e-05	0.013867543712878572	0.007777413760627273	2
13060	8.261725074332803	9.117555071882306e-05	0.0124259741903332	0.008040852245333472	2
13142	8.452691075830478	9.716766409563428e-05	0.012989206039946133	0.008674957300442538	2
13225	8.588097549431787	0.00010128358156809935	0.013097857547898606	0.009304047359555178	2
13568	9.000633681262517	0.00010513504618826278	0.016334697891948302	0.007999249747582714	2
13651	8.918537230799522	0.00010261003751771091	0.016207865326395954	0.0076996414140624355	2
13734	8.84968487798906	0.00010053674645681695	0.015053195035446443	0.007976420651259105	2
14077	9.20890690892546	0.00010221352648677341	0.015075469529531205	0.008209561939588272	2
14159	9.441291129958984	0.00010903354627181862	0.01736927449089798	0.00805292464365693	2
14242	9.418630117293635	0.0001083568789319599	0.016378008128839383	0.008440738840609663	2
14637	9.827523573794615	0.00011089529871621153	0.018852750095430082	0.007654536627529097	2
14720	9.837020594638906	0.0001110714055783299	0.0169058572718761	0.00856103154373951	2
14803	10.065597048090527	0.00011747897719178267	0.017158557887855252	0.009382342498565998	2
15198	10.62176768923165	0.00012333781565550833	0.019962839182644743	0.008837386455938795	2
15281	10.729582141613816	0.00012605233231044718	0.022383822908029316	0.008214014917909795	2
15363	10.56377045647493	0.00012166048465853548	0.021337373536717053	0.008055693925629596	2
15759	10.87272737874418	0.0001202665490076723	0.021015232205140677	0.007994792888161734	2
15842	11.083840974709096	0.00012578615413357406	0.02039589006584208	0.008970819507819286	2
15925	11.38685466980197	0.00013354160570437274	0.02311096879910224	0.008870647069216751	2
16320	11.753885437013768	0.00013318723545760003	0.024855310355667015	0.008199742899001897	2
16403	11.811573969330091	0.00013449229190565034	0.02371971515088589	0.0087530130280119	2
16485	11.994908626728357	0.00013902312457153823	0.027195236477513873	0.00813127256943849	2
16933	12.205132534760036	0.0001342100414799811	0.024032982254377444	0.008596395277890332	2
17016	12.639461481305737	0.00014471543754131905	0.029302756933875074	0.008139493606095925	2
17099	12.497584793024206	0.00014131696607551519	0.030398515801387305	0.007498597010246969	2
17547	12.69258030964167	0.000135488301811662	0.028047148312513315	0.0074929927686942475	2
17629	12.960449149596457	0.00014199741139858717	0.03085168749586842	0.007449593900624289	2
17712	12.954585392971886	0.000141893972949525	0.028603154486486204	0.008023767714229491	2
18212	13.6343117350057	0.00014725836234348824	0.03187573018333545	0.0077216168376310484	2
18294	13.8427215604436	0.00015200650647128269	0.03601130716302059	0.0072620800508966556	2
18377	13.652270014688826	0.0001476233366804528	0.029406893622509145	0.00840917464011252	2
18877	14.62073906594799	0.00015865096735891807	0.03636530466466503	0.007797204602711562	2
18959	14.728079236306236	0.00016099066371440723	0.04032480097091273	0.007231275386550206	2
19042	14.46385943336728	0.00015513727405437212	0.035566887709952866	0.00763792794695266	2
19542	15.158062085527728	0.00015918231109757252	0.03730068285269006	0.007643644515695204	2
19625	15.53692964611626	0.00016746624988120716	0.044230725645908464	0.00710428094337901	2
19707	15.272720200052191	0.00016179166469294432	0.041791189744284196	0.007038153761743059	2
20207	15.775577962322494	0.0001608068914011017	0.04186412101799064	0.006938057812769543	2
20290	16.087415307755037	0.0001676732752227345	0.04293029767744194	0.007330399668190565	2
20373	16.317698848898665	0.00017264820896539023	0.04915729989053119	0.006771453270156911	2
20872	16.589965109734443	0.0001661300696203909	0.046396319924543405	0.006657723074987694	2
20955	16.896009956375078	0.00017277303352264078	0.0470254012204272	0.0070823566503068255	2
21038	17.16592821795618	0.0001784757363836847	0.058182663340158314	0.006093092034005782	2
21589	17.179555356606652	0.0001657493609128001	0.04890896852471016	0.0062819998843443746	2
21672	17.664199222094577	0.000176285417478307	0.051185430929493236	0.006758012557773781	2
21755	17.998991785027975	0.00018327447507828165	0.06358645063427737	0.005862645443093601	2
22359	18.04203042089449	0.00017095368643827422	0.053486225341757176	0.006090705941553233	2
22442	18.596764613399145	0.00018255997700232862	0.06091102078865518	0.006069715733219972	2
22524	18.603875901353	0.00018268618658156586	0.05857904391324453	0.006319898140879308	2
23128	19.470718189837356	0.00018641576939335396	0.06786527396219455	0.005667438129395469	2
23211	19.40751708008201	0.00018556506595331218	0.05962278462148163	0.006394296209563378	2
23294	20.00114528615388	0.00019707315461394193	0.06788351438079054	0.006308311376313651	2
23897	20.666319918617603	0.0001961474585840525	0.07138549021328089	0.005940434897693294	2
23980	20.83871562147271	0.00019989613053938561	0.07477676240754327	0.005882841419335056	2
24063	20.801293658392204	0.00019904337801292645	0.0758969514270671	0.005748063741653338	2
24719	21.435663454618357	0.00019672621792749548	0.07261711175697272	0.005869072417081121	2
24802	21.583452820751255	0.0002	0.07857722978219783	0.005600146103645088	2
24884	21.587383163228317	0.0002	0.0859552722591026	0.005119415978039672	2
25593	22.130083459607118	0.0001950337223415518	0.08527110519148096	0.004911361130594407	2
25675	22.3634935859085	0.0002	0.08400550710322108	0.005234721110125156	2
25758	22.362283219416014	0.0002	0.08939611373724077	0.0049190554780997224	2
26519	23.198883058348194	0.0002	0.09763496139047945	0.004500763639804642	2
26601	23.188240871857438	0.0002	0.08878301310707215	0.004949566154845852	2
26684	23.184798617466242	0.0002	0.08849194904105673	0.004965864169136086	2
27496	24.067339498781305	0.0002	0.09457784469405439	0.004642989199219987	2
27579	24.051371685357722	0.0002	0.08872878608976364	0.004949124888914276	2
27662	24.048798473138362	0.0002	0.09563600059220789	0.004591694574017757	2
28526	24.973908414974815	0.0002	0.09714056949751892	0.0045172985938816	2
28609	24.9651392572804	0.0002	0.09580334819753489	0.004580371670259548	2
28692	24.958688354728043	0.0002	0.09293463813649794	0.004721786210169409	2
29609	25.928973419203636	0.0002	0.10652153090350325	0.004116491134522166	2
29691	25.920136500314012	0.0002	0.10531050113117146	0.004163859716647065	2
29774	25.916690865203364	0.0002	0.09094110411955825	0.004821791908568814	2
30743	26.944059063852187	0.0002	0.09878584053991091	0.004435617371934699	2
30826	26.93242267246223	0.0002	0.10023058750911318	0.0043717079994184385	2
30908	26.918431650563022	0.0002	0.10562786578957173	0.004148358391268947	2
31982	27.999726963095085	0.0002	0.10307620330051392	0.004247863116605664	2
32064	27.98886042181678	0.0002	0.09864720959376072	0.004438603291498411	2
32147	27.984672333582417	0.0002	0.10872188954660089	0.004027325728296168	2
33272	29.112210662785188	0.0002	0.10237698267804163	0.004273743575506298	2
33355	29.110799648504944	0.0002	0.11534589321938071	0.003793232310125147	2
33438	29.099526999155273	0.0002	0.12241465856655154	0.0035742558148142683	2
34719	30.244193743433524	0.0002	0.13490622571630695	0.0032410062729013775	2
34802	30.247681358678065	0.0002	0.12909368139386856	0.003386933306720051	2
34885	30.2405463595734	0.0002	0.1274699960512784	0.0034301126221429343	2
36271	31.4739740829349	0.0002	0.1404408616170798	0.003110990190242929	2
36354	31.475199643861906	0.0002	0.12994164890000448	0.003362361660780687	2
36436	31.46725914902855	0.0002	0.1368828538591842	0.003191869278598368	2
37927	32.763559395713855	0.0002	0.14861786958404366	0.0029376683935918467	2
38010	32.75527119349444	0.0002	0.14761876247422379	0.002957564842587235	2
38093	32.75121641593893	0.0002	0.1390579175219031	0.0031396548688515467	2
39739	34.11423626586701	0.0002	0.15111912048636356	0.0028869309164578382	2
39822	34.111904240618955	0.0002	0.1515602328841652	0.0028785276909242654	2
39905	34.10496171819128	0.0002	0.13689181542324036	0.0031869761829890495	2
