时间秒	晶中温度K	设定电流	电压差V	κ	时间常数
1685	1.9509468305511328	1e-05	0.00046183907278529723	0.004059961849247184	2
1768	2.08940644234448	1.4806492113940378e-05	0.0007610596631344446	0.004949864724044791	2
1850	2.1625025753602385	1.7078131109401535e-05	0.0011137087057988548	0.004359546033299778	2
2140	2.202950823195356	1.628366098224429e-05	0.0013033958855381833	0.003415547912885683	2
2223	2.1663043065307788	1.5069564238937603e-05	0.0010930686925705313	0.003547739626999929	2
2305	2.1710333914829913	1.5228733315846352e-05	0.0010849721657137934	0.0036416902122172546	2
2596	2.251778624784718	1.5446898684715475e-05	0.0008156705484818616	0.004955858237736075	2
2678	2.3568778433977156	1.897404915705058e-05	0.0015497635449126523	0.003765967768400658	2
2761	2.294219845254912	1.690843510841127e-05	0.0011979001333306538	0.003965454480489487	2
3052	2.3783817730491403	1.7138358476096586e-05	0.001111150166885455	0.004369281310395882	2
3134	2.4305030237658185	1.8938616846993014e-05	0.0011634972295309076	0.004989805529567832	2
3216	2.4757641303622773	2.04517744348264e-05	0.0015951813258174852	0.004176652403497092	2
3507	2.5092191817333473	1.8862158020894225e-05	0.0011020120784657195	0.005218527096483807	2
3590	2.599225792036007	2.197621593999942e-05	0.0016972374836736748	0.004458586233072732	2
3672	2.559703412945062	2.0631761973445392e-05	0.0016742253034558452	0.00403478619882896	2
3964	2.6135935066542246	1.9502221301491374e-05	0.0012187011909614576	0.004998572243219142	2
4046	2.70240998035536	2.268712551771265e-05	0.0019019066696737141	0.004205930316158028	2
4128	2.6580084271471254	2.112656471724082e-05	0.001919674403564553	0.003665080576906601	2
4419	2.7089502634148044	1.9582092990807484e-05	0.0013566352266152215	0.004512058933543164	2
4502	2.7908327876888195	2.2670488276042376e-05	0.0021418917664233206	0.003721807187939218	2
4584	2.7429385326782647	2.0887930977009617e-05	0.00180445675367924	0.0038109645300354864	2
4876	2.8431655766505273	2.096792695718229e-05	0.0016669867939276273	0.00414349009029136	2
4958	2.894930829893612	2.2993867520266616e-05	0.002439059864067339	0.0033453812564550227	2
5041	2.840141831724921	2.084603220644667e-05	0.0018709961321743407	0.0036530122119033614	2
5333	2.9628956197861025	2.1577919521169524e-05	0.0017344041657758602	0.004183920314545208	2
5415	3.0323966739450148	2.4358263459605084e-05	0.0025588082599989903	0.003532742350055298	2
5497	2.988821302727518	2.2638067994732548e-05	0.0019397943893610936	0.004080753264691417	2
5788	3.1357910893644396	2.416425550070199e-05	0.0022612227941865015	0.003929578570554767	2
5871	3.1586507805476414	2.508435563103428e-05	0.00215395911330285	0.004415385377597786	2
5953	3.199245228487486	2.6679975674825024e-05	0.0022993688454890915	0.004626843197602127	2
6244	3.33190337532313	2.746517151678439e-05	0.0028008791367950536	0.00399643640031361	2
6327	3.3178788746602903	2.6898349846423867e-05	0.002777585011963346	0.0038789880483703553	2
6409	3.306964802781864	2.6453458812286424e-05	0.002129491952223894	0.004907333456344849	2
6700	3.5069896129844373	2.9712210932012843e-05	0.00315366823571539	0.004086688443406212	2
6782	3.4843816526579667	2.8794316455596373e-05	0.002869709474154991	0.004240459004782768	2
6865	3.495443323203357	2.9252811542595922e-05	0.0030483589904481967	0.004109110542448729	2
7156	3.6130916934733035	2.8834628723358656e-05	0.0033736082949298307	0.0036083432926227402	2
7239	3.602332374500681	2.8368484832291888e-05	0.0027587352479416793	0.004283125233776374	2
7321	3.660583384398814	3.086385951571614e-05	0.0035806596400891344	0.0038498583812627287	2
7612	3.763990650769193	2.947391439143894e-05	0.0030265191591749563	0.004176602523472477	2
7695	3.8250622804168053	3.2145819947405964e-05	0.0038297779994036496	0.003870750509567805	2
7777	3.8022055496914033	3.116707971072817e-05	0.0037207871602089604	0.0037643550206458314	2
8069	3.9350318838864897	3.065752574567697e-05	0.003360614983564325	0.004033819705799154	2
8151	3.9939726055455145	3.331773156783728e-05	0.0038083214312347735	0.0041475896797741945	2
8234	4.009826978809417	3.401389207954343e-05	0.004178608677510187	0.003925507878556339	2
8525	4.141397693169775	3.3150354841177965e-05	0.00391404474182977	0.003988179521560223	2
8607	4.183280740904639	3.505195863729613e-05	0.004663429206964054	0.0037096468162651653	2
8690	4.158718575391572	3.3954442046291634e-05	0.004650077697454513	0.003508006299296579	2
8981	4.298514312553861	3.2938475564682525e-05	0.0038332751381857655	0.00401403284659237	2
9064	4.383817533599201	3.695258294033551e-05	0.004911840924014754	0.0038731197862792587	2
9146	4.376550144051699	3.662258156315897e-05	0.00527679754361321	0.003546298391213632	2
9437	4.512833727159318	3.501789531453803e-05	0.004486781571404919	0.003829961755396203	2
9520	4.578039224917276	3.812748654521857e-05	0.005541029830703259	0.003629981912527128	2
9602	4.561581962730104	3.735584222875844e-05	0.005077815150190901	0.0038142530633567943	2
9893	4.758966909731285	3.823276339077547e-05	0.005262253901630487	0.003831898109719257	2
9976	4.803626866480755	4.036032817962163e-05	0.006517531205470384	0.0034207359221072172	2
10058	4.7597724272072774	3.828406355509134e-05	0.005459296946517256	0.003702752162183064	2
10350	4.979021985246105	3.96784381669785e-05	0.005329594448528319	0.0040435256357963505	2
10432	5.06372597598005	4.370203754402308e-05	0.006914503111330461	0.003728786314619252	2
10515	5.032794518261069	4.225862829728835e-05	0.006451740103715409	0.0037548944277925977	2
10806	5.233466563135781	4.230299948095669e-05	0.006343229713803744	0.0038166079909548543	2
10889	5.286270387767262	4.4843493610501984e-05	0.007919696677795685	0.003407698953985409	2
10972	5.238151282061106	4.2543053978778596e-05	0.006529572542595119	0.0037469433485177324	2
11263	5.49108214040122	4.444979726769577e-05	0.006952065440671618	0.0038094883538693533	2
11345	5.5500734357359915	4.72591226864717e-05	0.008013517856917396	0.003705335532377778	2
11428	5.540503401809781	4.680010711433639e-05	0.007453396005974611	0.003911779475708388	2
11771	5.790812898547963	4.8055438592434066e-05	0.007459448854809203	0.004097182533081782	2
11854	5.8714095601869545	5.179063912838539e-05	0.009755644712668321	0.0036026351012565113	2
11937	5.80644222195539	4.8807366857830615e-05	0.007838720040838076	0.004013474175898529	2
12280	6.095437239175062	5.131270349104995e-05	0.010216527870762881	0.0033733126223541325	2
12362	6.059745353165612	4.9616329068024614e-05	0.008362391826416626	0.0038703042320415927	2
12445	6.1325307028357905	5.302867397344221e-05	0.010097114606526958	0.0036302182833921905	2
12788	6.350287017329283	5.157788375775511e-05	0.009141384833235122	0.003797877925153085	2
12871	6.431188897612594	5.536027216607519e-05	0.010533789779934466	0.0037635556688008012	2
12954	6.4308837725995796	5.535369120651747e-05	0.0108570978255349	0.0036504286375887043	2
13297	6.675015391376862	5.45168061399904e-05	0.01003550064610259	0.0038294402886902214	2
13380	6.7640689888403935	5.863958335438868e-05	0.012138629142111057	0.0036304123545929192	2
13462	6.735936281412831	5.73503466139002e-05	0.011851761490679458	0.0035663218865874717	2
13806	6.998579089918868	5.676420871514224e-05	0.011948032371981832	0.0034613516633672553	2
13888	7.04205032340262	5.875511554763048e-05	0.012798126950394284	0.0034486900942464664	2
13971	7.041923533493387	5.8761350636147764e-05	0.012068634988274596	0.00365753150572822	2
14314	7.370246729998594	6.051764021668742e-05	0.012210603784552632	0.0038123406893144016	2
14397	7.470683998662491	6.506119057268963e-05	0.016007922770950422	0.0033332246360293274	2
14479	7.382533521052096	6.108901279161e-05	0.01395900096697833	0.003394406771612722	2
14823	7.695440780099198	6.142491003667289e-05	0.013635699830511605	0.0035022774329508733	2
14905	7.787041711218784	6.561508606648184e-05	0.015869936571385246	0.0034091574118707267	2
14988	7.772475092693776	6.497016911734713e-05	0.01569055848186629	0.003383989566129142	2
15331	8.088575242348824	6.469827270735629e-05	0.017498845003906638	0.0030033200709996756	2
15414	8.075615245496936	6.405826665243677e-05	0.015307544984747956	0.0033692659439547774	2
15496	8.156570850603524	6.781247567240472e-05	0.017079535638442778	0.0033631508841877092	2
15840	8.499199213248907	6.796084330883127e-05	0.016614282353057952	0.0034636372000150977	2
15922	8.601207422502373	7.250942378311328e-05	0.01974037570435705	0.0032958298719640705	2
16005	8.566744238703048	7.097301174263799e-05	0.01781187390793537	0.0035072901641135415	2
16348	8.971183684480891	7.313325728901679e-05	0.01727075965909286	0.0038198161425282437	2
16431	9.141760621774427	8.035723481768543e-05	0.023944254613269322	0.0032944786115962827	2
16513	9.014587104986422	7.498771323452627e-05	0.020624563111493188	0.003354570312655775	2
16909	9.399442352494958	7.539864100658402e-05	0.021132867406246092	0.0033003750810419183	2
16992	9.47524772972784	7.863925495981978e-05	0.024886058597623162	0.003035781909905763	2
17074	9.40488761715648	7.558165837460941e-05	0.022122221954411714	0.0031671289635653794	2
17469	9.833387987364931	7.70472478615581e-05	0.022663884872507367	0.003199108261517483	2
17552	9.93788729077006	8.147687017821862e-05	0.025367516481168195	0.003178736234442608	2
17634	9.93664646976432	8.144037176044752e-05	0.026493843087340707	0.0030409902851346107	2
18030	10.311089465007168	7.965474521277005e-05	0.025313850934926663	0.0030436899131219487	2
18112	10.407229213815494	8.368858558774795e-05	0.027753074443570114	0.003050419120255569	2
18195	10.413983664245269	8.39739074204525e-05	0.026532149994068277	0.00321149030934906	2
18590	10.905471999271253	8.617708989939068e-05	0.03005685132408331	0.00297164147095897	2
18673	10.93360529838279	8.724550608881472e-05	0.03196823760389833	0.0028603421518003493	2
18755	10.895710252556588	8.564592463643278e-05	0.0296974033625812	0.0029723140054155176	2
19203	11.395529819727454	8.723091879574882e-05	0.03147879948079613	0.002896946930433066	2
19286	11.47869970065626	9.060948224101452e-05	0.034373109374298494	0.0028526951117996977	2
19368	11.466276533572419	9.006924477932579e-05	0.0345059441832678	0.0028094177770166527	2
19816	11.936743704724453	8.935972960575198e-05	0.03597945523332413	0.002647648232695954	2
19899	11.982991572674422	9.116248094904332e-05	0.03476986814523997	0.0028462633017251235	2
19981	12.070055569926655	9.460545863764603e-05	0.03891915789881395	0.002729799089837222	2
20429	12.536139445808338	9.279745369467834e-05	0.03832518323987877	0.0026653094818476575	2
20511	12.625945251686268	9.631297994177804e-05	0.03997462327843948	0.002743706148237786	2
20594	12.666161675389366	9.787764491123336e-05	0.04171993946692254	0.0027114222893083128	2
21094	13.194908137261748	9.736493018847027e-05	0.042946748985480454	0.002601319047386092	2
21176	13.271165117212384	0.00010023458336554567	0.044539944906487605	0.0026518352099812914	2
21259	13.297541363387182	0.00010132647430184109	0.04666663836255047	0.002584192929031251	2
21759	13.829365202757938	0.00010006906739488123	0.04326401977494676	0.0027151483278883798	2
21841	14.034637300610596	0.00010777198869286886	0.05382218442284881	0.0025159849039683908	2
21924	13.935251461675588	0.0001040626103209257	0.053006597393462584	0.0023888284327458335	2
22476	14.46740586248853	0.0001012509789546897	0.04968878183073855	0.002411941623814155	2
22558	14.614310528150595	0.00010683875877917897	0.05461464083475143	0.002432937072062707	2
22641	14.633246038400607	0.00010753084800319872	0.0531852921425191	0.0025294849304392576	2
23193	15.325140467913787	0.00010967207842271989	0.062444850495706916	0.0022324692188951814	2
23275	15.286663405235945	0.00010839165208417051	0.06136613116812839	0.002221031559360387	2
23358	15.278366476900647	0.0001080636271796565	0.059949110192942356	0.0022602138356307548	2
23910	15.968434294219513	0.00010900244682122607	0.06303419796767429	0.002180612656916795	2
23993	16.060938761407428	0.00011258628969693579	0.06366897875669153	0.0022977348950839666	2
24075	16.150428820651936	0.00011570681552245037	0.06841669444469645	0.002253716863103425	2
24679	16.824669120070002	0.00011471369618403559	0.06855996366990347	0.0022068358280422852	2
24761	16.95051603011273	0.00011929071976547716	0.07690198216706001	0.0021215527255088605	2
24844	16.888637352558284	0.00011712903547959	0.06870774451717487	0.0022923846634977717	2
25500	17.75863154563625	0.00012167136939102004	0.08244618707995244	0.0020512110561397537	2
25583	17.73603679617043	0.0001211487904092364	0.0777100849217156	0.0021583177667205957	2
25665	17.830648223162534	0.00012424999063244597	0.08509365261977742	0.0020694294145742744	2
26322	18.527026751630387	0.000121776575142061	0.08386722366705968	0.0020155013480146118	2
26404	18.657769818964617	0.0001262329977046697	0.08798788359162302	0.0020590952429690996	2
26487	18.703426040890772	0.00012775171325137257	0.0942577509786453	0.001967085258712151	2
27195	19.428786488002405	0.00012491467709961206	0.08809409925106593	0.002011043524625836	2
27278	19.663468041835095	0.00013265836251819438	0.0996911414184467	0.001996324124901273	2
27361	19.6555708572686	0.0001324344341316741	0.10209654706064697	0.0019428246383650033	2
28121	20.44944959767748	0.00013064414929789617	0.09515123535361525	0.00202645155177708	2
28204	20.748999469039745	0.0001401737270980076	0.1161851133939713	0.001901789742877449	2
28286	20.612691999962813	0.00013610536646015017	0.10640149798212306	0.00196178033762142	2
29099	21.57386108946739	0.0001380973196535936	0.11667296309047259	0.0018366244639888376	2
29182	21.646747910098647	0.0001404990235516899	0.11483233598708864	0.0019294647716251155	2
29264	21.760019636028467	0.00014408354211793503	0.12915195410277747	0.001801242995759377	2
30129	22.54321929159854	0.0001393275678998777	0.12395672479051711	0.0017554582964695298	2
30211	22.700152426875768	0.00014439909761397904	0.13183045177197172	0.001769126129259105	2
30294	22.72496203175235	0.00014511726291551485	0.12942436134134283	0.0018195080107919577	2
31263	23.7711914555711	0.0001471883824679398	0.14911626488571983	0.0016204820571036366	2
31346	23.729869866817054	0.00014603696300184124	0.1395143117211255	0.001705823389245931	2
31428	23.855525459447584	0.000149797712268504	0.14685879236169797	0.001702540189575451	2
32450	24.881031671440567	0.00014976384206808217	0.15074580378745495	0.0016552054804617141	2
32533	25.058742963374574	0.00015517631153245492	0.15560462120211227	0.0017182834943225212	2
32615	25.16419250173783	0.00015825420075987938	0.16712810116558785	0.001662019291642318	2
33741	26.150983542697087	0.00015572974591944068	0.1657767176562821	0.0016215976500788007	2
33824	26.35733165617666	0.00016156235442431072	0.18046028771460243	0.0016002670247296645	2
33906	26.31893887576168	0.00016064962546397254	0.17432934313878334	0.0016383832977275288	2
35084	27.504934044060334	0.00016252674482153889	0.18537248170700948	0.0015739251985876519	2
35167	27.68291020645897	0.00016742560262108478	0.2005892847641384	0.0015413346964707794	2
35249	27.620646579849723	0.00016580120081112986	0.19577644746431844	0.001549413123895988	2
36532	28.804796967138195	0.00016619850601340465	0.19443239940766688	0.0015654289072837121	2
36614	29.15271937379449	0.0001755301655708773	0.21528309141396207	0.0015730766663846459	2
36697	29.17881255041221	0.00017617965966018593	0.24255649688247516	0.0014063300807897884	2
38084	30.04276950630946	0.00016659358559915847	0.21995351139622699	0.0013884688307600362	2
38166	30.307198148422387	0.0001736965088965213	0.24034729215987483	0.0013788775073793399	2
38249	30.284200345205015	0.00017324860118121338	0.21828724823893708	0.0015105585003189546	2
39740	31.870080410454214	0.0001813233848231627	0.25550461696098026	0.001409331795716674	2
39823	31.983465045022246	0.00018417980312089146	0.2699388491122967	0.001375523086437739	2
39906	31.890084525122177	0.00018201067964281065	0.2559874941453373	0.0014171795791101632	2
