时间秒	晶中温度K	设定电流	电压差V	κ	时间常数
118	288.3532480492275	1e-05	0.022179096156608437	4.508750009192968e-05	5.249260553427342
258	288.8963411450125	6.71472263700666e-05	1.4227899339558685	3.1689498931560605e-05	9.286988756001659
408	287.51061374615983	5.629342673133392e-05	1.0023189257524314	3.161618334979717e-05	9.24272851029698
559	286.52011851622484	5.622826989139642e-05	1.0092156670016437	3.1327479728617494e-05	9.245694461646474
709	285.4685601656522	5.597095651194241e-05	1.0064653301565807	3.1126238321337626e-05	9.336008480804221
860	284.3028533555926	5.579089381013502e-05	0.999773781919379	3.113328123246146e-05	9.27388574002874
1011	283.1844652460033	5.5797205335447994e-05	1.0066875144535155	3.092646008365594e-05	9.313979265131465
1162	282.01019407142405	5.5611563620937634e-05	1.0038740450606314	3.0807111943797756e-05	9.33097258766906
1313	280.8415901978927	5.550415474880935e-05	1.0022277045907524	3.0738635344726844e-05	9.358112352919477
1464	279.69900861348395	5.544243442051119e-05	1.0027666543464282	3.065382680157161e-05	9.334941074689981
1615	278.4658866613891	5.5365898169876746e-05	1.0036850523998904	3.0541280582266207e-05	9.355662821762081
1766	277.3025027634812	5.526416613165009e-05	1.002080380820204	3.047787499568461e-05	9.351051628234847
1917	276.0900170616745	5.5206770414220584e-05	1.0021180802272567	3.0413456854079464e-05	9.371251009693964
2068	274.8661351923265	5.514839694322897e-05	1.0028291461987833	3.032765548285215e-05	9.348503869942363
2219	273.6844097791075	5.507055064447072e-05	1.0029629248012484	3.0238062377890994e-05	9.386031054727361
2370	272.49676412938885	5.498914654537838e-05	1.0005247732597082	3.0222202574130603e-05	9.35215502412603
2521	271.30965067703085	5.497472380479106e-05	1.0017535851438055	3.0169298141111312e-05	9.36165502085238
2672	270.09296866989155	5.492658567680255e-05	1.0024781917708174	3.0094717659462558e-05	9.350686701775587
2823	268.94110521887336	5.485865260782711e-05	1.0013835814259708	3.0053136697735412e-05	9.345132032933728
2974	267.73608470884534	5.482074123699479e-05	1.0018147633907517	2.9998696162170025e-05	9.348412384559373
3125	266.56939643871385	5.4771065501932696e-05	1.0009392243634019	2.9970547094154704e-05	9.335901483028973
3276	265.40977367172377	5.47453624466536e-05	1.0020767315765455	2.990843530215764e-05	9.352393658578306
3426	264.24458957476384	5.468860512223515e-05	1.0010015363638696	2.9878510887006037e-05	9.33695518018556
3577	263.09352303079174	5.466123936301302e-05	1.0010778771493003	2.9846340198915386e-05	9.319834737590112
3728	261.9633259670608	5.463180410613893e-05	1.0014941154600403	2.9801812849599575e-05	9.312921065780886
3879	260.8210190621607	5.459103667233255e-05	1.0017695598596523	2.9749169912664145e-05	9.304286037968843
4030	259.6887751734714	5.454279962805736e-05	1.000171477903386	2.974406946199463e-05	9.305976045121596
4181	258.5949711584797	5.4538123786938835e-05	1.0021506680576313	2.9680237124068973e-05	9.3020589577105
4332	257.5087098194623	5.4479571514531004e-05	1.0010446382099754	2.9649264369610825e-05	9.298563202784214
4483	256.4022944291854	5.445113806855723e-05	1.0000987777052712	2.964633597257375e-05	9.280319324475546
4633	255.3309310754949	5.444844898853754e-05	1.001044572089087	2.961540055175026e-05	9.267900000944323
4784	254.23860150887063	5.442003358300163e-05	1.001364135716438	2.957505616132493e-05	9.26897068904927
4935	253.19349410868833	5.438295335978447e-05	1.0018694170890026	2.951987120962051e-05	9.275197314500259
5085	252.0739637035307	5.433219230771064e-05	1.0001646845330174	2.9515010543892085e-05	9.254109384225712
5236	251.0113238022167	5.4327719024354484e-05	1.0015606706413365	2.9469019110936658e-05	9.252462226870431
5387	250.03526496042429	5.4285374743973774e-05	1.0009297131055248	2.944164682603426e-05	9.23877716704407
5537	248.9798429435093	5.426015741410474e-05	0.9999454864134485	2.9443251883294156e-05	9.218766013249367
5688	247.99095130578308	5.426163643246871e-05	0.9999704671024674	2.9444121453515984e-05	9.211078393720499
5838	246.9888676554712	5.4262437701890964e-05	1.000774395718526	2.942133769557122e-05	9.204153943039795
5989	245.98741457299894	5.424143959701957e-05	1.0018676519224516	2.9366491311617424e-05	9.190304943883019
6139	245.00381045699862	5.419085837262354e-05	0.9995865528804871	2.9378637824801302e-05	9.165219614385549
6289	244.03041045732195	5.42020643747093e-05	1.0006631707761902	2.9359167682780822e-05	9.182232467485647
6440	243.05038772964983	5.4184100696404314e-05	1.0022434288871027	2.9293449911047483e-05	9.17162372704346
6590	242.0734744089195	5.412342368240158e-05	1.0002804525529394	2.9285236791625833e-05	9.15576928799352
6740	241.11849029676688	5.41158357522323e-05	1.000178062581785	2.928002311511523e-05	9.140170461345601
6890	240.17023239022757	5.411101839285159e-05	1.0006737939268155	2.926030769749191e-05	9.137081059567716
7041	239.22070567485758	5.409279776226398e-05	1.0006394424169793	2.924160937211864e-05	9.133629794913437
7191	238.26980243297788	5.407551143735826e-05	0.9999879753126244	2.924196099755788e-05	9.097198374256244
7341	237.35392168430278	5.407583656085024e-05	1.001981471381586	2.9184133472286155e-05	9.112157716996816
7491	236.43797840263443	5.4022341186111284e-05	0.9985069689382092	2.9227771442917352e-05	9.08769008393063
7641	235.53387385527807	5.406271491787788e-05	1.001581598879551	2.9181617828855754e-05	9.085984022754163
7791	234.62319640517723	5.40200127997539e-05	0.9994203611794752	2.91985424375553e-05	9.093162137587475
7941	233.72860614109297	5.403567565743516e-05	1.0017143882998238	2.9148570469386e-05	9.081626483416496
8091	232.8087890277099	5.3989416064063886e-05	0.9995797746909938	2.916082458590848e-05	9.050741482430263
8241	231.93017264041637	5.4000763500073295e-05	1.0014272458756055	2.91192642361268e-05	9.05514735902744
8391	231.0585014214554	5.396226851803657e-05	0.9991110153636333	2.914517384790183e-05	9.05243064254729
8540	230.18352433033624	5.398627033598619e-05	1.0015839924927925	2.9099081121857645e-05	9.033696756789299
8690	229.3215619416345	5.394356414055123e-05	0.999806241116983	2.9104720419976744e-05	9.0329699003229
8840	228.46750194035806	5.394879092248199e-05	1.0014832371812377	2.9061615151836725e-05	9.024435133484513
8990	227.6075987636556	5.39088259488525e-05	0.9991767648117053	2.908555940781247e-05	9.005961389021534
9140	226.73715640084023	5.393102948007989e-05	1.0005779311588003	2.9068759665853887e-05	8.990603964546011
9290	225.89318412086172	5.3915452020597854e-05	0.9992095568857171	2.909175504331028e-05	8.960699794202641
9439	225.01414681515917	5.393677321022299e-05	1.001601427418802	2.9045241197670615e-05	8.954965907508056
9589	224.17243141015732	5.389363709907749e-05	1.00001517575682	2.904480042084254e-05	9.111772060228237
9739	223.30002651669255	5.389322816536651e-05	1.0000791171174206	2.904250266174926e-05	8.939870080269955
9888	222.47519660940202	5.389109635343232e-05	1.0008338695977153	2.9018305179283038e-05	8.94424932126738
10038	221.62866691134	5.386864132246426e-05	0.9999617224502525	2.9019415971421528e-05	8.911930181249716
10188	220.83574434268968	5.386967233186176e-05	1.0004993781992289	2.9004931540939857e-05	8.926979693856469
10337	219.99060073516128	5.385622669751368e-05	0.9987998203570929	2.9039784499130118e-05	8.8495004129822
10486	219.20756983925034	5.388857439117323e-05	1.0015555849153348	2.8994680811035518e-05	8.867460217116145
10636	218.3833423221102	5.38467091018899e-05	1.0008240666809511	2.897080693432068e-05	9.026279251404736
10786	217.6327777501071	5.3824536165507905e-05	0.9991364038748612	2.8995847635984236e-05	8.86982058708432
10935	216.85990555036267	5.3847792560126585e-05	1.0010814746649737	2.8964523237919388e-05	8.856232913783986
11084	216.06936352293314	5.3818698644541185e-05	0.9992556933830771	2.898609778229753e-05	8.844423061411879
11233	215.24534440385122	5.383873863891829e-05	1.000826787700001	2.8962152231067326e-05	8.79891316384797
11382	214.53407040720856	5.38164958270857e-05	1.0013638494688881	2.8922706013831557e-05	8.819185658862725
11531	213.75858743377248	5.377983452357543e-05	0.9978700198142791	2.898444230162819e-05	8.789781283764224
11680	212.99891984722137	5.383720117319268e-05	1.0008616743831453	2.8959488652107688e-05	8.876351837901272
11829	212.22659394582058	5.381402108382878e-05	0.9990469431627306	2.8987115020270467e-05	8.758073655450483
11978	211.49067401761687	5.383968333884447e-05	1.0016744091179044	2.8938659864333693e-05	8.764565603408013
12127	210.7365106472086	5.3794665036910205e-05	0.999639684207	2.8949090678898293e-05	8.786309981819015
12276	209.9932132104945	5.3804359190402304e-05	0.9993694298774259	2.896735662851818e-05	8.754061283175034
12425	209.24889355151237	5.382133092791201e-05	1.0002488900488253	2.8960148735685366e-05	8.711945794352308
12574	208.53552067508568	5.381463438107274e-05	1.0007970678436209	2.8937083916607276e-05	8.656950999063385
12722	207.78989671048672	5.379320023628198e-05	0.9991440974802146	2.8961872456220258e-05	8.667009548369727
12871	207.06816541767648	5.381623589235898e-05	1.0013640889035396	2.892241970443793e-05	8.751085871129154
13020	206.33291153963094	5.377956833634678e-05	0.9977251423392048	2.898836410659975e-05	8.649569887415607
13168	205.63076208108393	5.384084333161931e-05	1.0019369355100334	2.893232406073872e-05	8.65246024794291
13317	204.91895019136282	5.3788775837286655e-05	0.9987355897602627	2.896895270116855e-05	8.638450116451148
13465	204.2011939286806	5.3822813658492945e-05	1.0026022437413875	2.889376408441475e-05	8.701953762570158
13614	203.4779668828173	5.375291999921004e-05	0.9976313947027633	2.8962364494376635e-05	8.602409690192184
13763	202.77611471254443	5.381669303699051e-05	0.9999544615429306	2.8963683455832253e-05	8.57963282835311
13911	202.09235547380138	5.3817918443425754e-05	1.0011102304188022	2.8931562754798397e-05	8.58806828612563
14059	201.38227071806003	5.3788068151587666e-05	0.999423806027367	2.8948242557678446e-05	8.732856750127395
14208	200.6819963812335	5.380357103174328e-05	0.9989355674409209	2.897908884337578e-05	8.532574479617951
14356	200.0081368742443	5.383222904856884e-05	1.0005400225537786	2.8963447928259334e-05	8.74961506757359
14504	199.3357200395304	5.381769962406358e-05	1.0005279392218687	2.8948165056524863e-05	8.507942562422562
14653	198.64113316486265	5.380349900938123e-05	1.001380637949254	2.8908253225075682e-05	8.538937287405718
14801	197.95086322617306	5.376639584822074e-05	0.998075453352977	2.8963995786050114e-05	8.475866197315836
14948	197.28480204547765	5.381820861571864e-05	1.0002513661986496	2.8956717046160853e-05	8.47728109162472
15096	196.62355501977495	5.3811445851380775e-05	0.9990270731901081	2.898491724923513e-05	8.469409931340815
15244	195.9381980339059	5.383764226750195e-05	1.0014028345237136	2.894431316745864e-05	8.492080709254866
15392	195.25270078786204	5.3799919300551594e-05	1.000345878267818	2.8934305420019443e-05	8.470035314509309
15539	194.6024547630195	5.3790617601975385e-05	1.0008282974467175	2.8910359043440073e-05	8.444338391517842
15687	193.982350012934	5.376835411600403e-05	0.9981695821876952	2.8963374119332546e-05	8.397339151812341
15835	193.31984171128835	5.381763105092284e-05	1.0006712277433587	2.8943946139681305e-05	8.407094554773856
15983	192.66139265213275	5.3799578195076315e-05	0.9990730847627403	2.8970799615280312e-05	8.441432246542648
16130	192.00810803868973	5.38245293665261e-05	0.9995397845582183	2.8984138563413922e-05	8.371815564876046
16278	191.37193538358142	5.38369190829248e-05	0.9991623250888263	2.9008438204310007e-05	8.349514564615097
16425	190.73164445986356	5.385948217752378e-05	1.0015906129853485	2.8962370282052915e-05	8.316036795190916
16572	190.1024701079528	5.3816698414203106e-05	1.0022927149258183	2.889611971707933e-05	8.336073892169239
16720	189.46864674319676	5.375511112171505e-05	1.0003097253732427	2.8887172626755582e-05	8.523967336686793
16868	188.82221721336916	5.374678839405717e-05	0.9973514932868843	2.8963883667085764e-05	8.288127053671314
17015	188.2228584075309	5.3818104451091336e-05	0.9996524598807414	2.897395327826349e-05	8.284338663198456
17162	187.60933890401833	5.382745886465707e-05	0.9995330377340091	2.8987489341972005e-05	8.223310995480913
17309	186.9412709674279	5.3840030963932406e-05	0.99956881651337	2.899999366035072e-05	8.221567118566277
17456	186.30224690452934	5.385164218512813e-05	1.0014061119783886	2.89592736787456e-05	8.223481967356767
17603	185.71875844939396	5.3813821346142664e-05	0.9986574386371867	2.8998205549106747e-05	8.22215846933106
17750	185.11290425936636	5.384998193974326e-05	0.9993152999514343	2.9018074225938535e-05	8.191242256893458
17897	184.50990715351801	5.386842695488567e-05	0.9999842341284546	2.9018531728382196e-05	8.174827525200328
18044	183.90490252231822	5.386885160125673e-05	1.0004923367301577	2.900425186985592e-05	8.181792356837148
18191	183.28953463440695	5.385559568870808e-05	1.0017475947503232	2.8953652618537088e-05	8.24113864026778
18338	182.69550538274535	5.380859840075477e-05	0.9981579112624415	2.900708624541916e-05	8.13915585755311
18485	182.10146085033662	5.3858227083166376e-05	1.0010236277475735	2.897742415000601e-05	8.150051899485252
18632	181.49178739090988	5.383068283981359e-05	0.9992030634746363	2.9000535736189298e-05	8.126789780872006
18778	180.89597168163579	5.3852145487612e-05	0.9991357263951576	2.9025621814988132e-05	8.13714282828895
18926	180.29716423563744	5.387543207714266e-05	1.0023141172133418	2.8958608201275133e-05	8.215421939031701
19075	179.68951542598532	5.381320302795136e-05	0.9982394016011333	2.900968260201587e-05	8.065279837644141
19221	179.08986209193745	5.386063739134162e-05	0.9991885515823173	2.9033241579956124e-05	8.064085898244732
19368	178.49790153753852	5.388250326400595e-05	1.0003883069025796	2.902197214784464e-05	8.03360255325751
19514	177.89768409821133	5.387204483574449e-05	0.9993487075759887	2.9040886257050434e-05	8.008972047682995
19661	177.32501840291155	5.388959663706013e-05	1.000688336056454	2.9020910118224938e-05	7.991088278506634
19808	176.72193766344233	5.387105913032056e-05	0.9997825326798876	2.9027222590532013e-05	7.974748882228497
19955	176.14833485872532	5.3876917683301084e-05	0.9989427613621289	2.9057943771424245e-05	7.962789758563081
20103	175.57121757311054	5.390542066566613e-05	1.0005667013441213	2.9041485922316797e-05	7.9575326030571665
20251	174.99078703787302	5.389015301733406e-05	1.000386461277666	2.9030266848299613e-05	7.935764641503976
20399	174.41525474017746	5.387974280590026e-05	0.9979003840495971	2.9091347505540955e-05	7.770358791453682
20545	173.85352421607686	5.393639541676933e-05	1.0020886236583464	2.9030713270984507e-05	7.893646264829166
20693	173.29008935211087	5.3880157081234e-05	0.9975207149209107	2.9102867576325197e-05	7.533537759560133
20838	172.72879399446597	5.3947073670705445e-05	1.0009181847085344	2.9076170281390087e-05	7.850703043225808
20986	172.16834016416828	5.392232402390506e-05	1.0023765320525797	2.9007233660838435e-05	7.895307092887442
21135	171.5846420035606	5.38583639380537e-05	0.9989480948381988	2.9037778650087702e-05	7.614105474702868
21282	171.0448579903382	5.388671325112314e-05	0.9986323263215624	2.9077547246089705e-05	7.690263526080553
21430	170.47167777977603	5.392360081271438e-05	0.9999952063245601	2.9077686635081976e-05	7.547323811843839
21578	169.90932153030226	5.392373005929947e-05	1.0009191465369196	2.9050984523263314e-05	7.705438203557493
21727	169.3750049307494	5.38989652250053e-05	0.9980521798327919	2.9107681051435954e-05	7.424375489353675
21874	168.84851215690188	5.3951534780241384e-05	1.0004675362922426	2.909407851384138e-05	7.773999556630292
22023	168.3168438837063	5.3938927050731534e-05	0.9992802359902558	2.9115034467793764e-05	7.507427116611338
22172	167.76245230536531	5.395834918508327e-05	1.0013867957491769	2.9074713778317454e-05	7.671022102837761
22322	167.22459637030443	5.392097345033513e-05	1.0009572167259417	2.9046909590620397e-05	7.563530447301871
22470	166.66327541052405	5.389518493392559e-05	0.9986573888541869	2.908596072567738e-05	7.592356634608377
22619	166.13620424105088	5.393140154462647e-05	0.999584810896728	2.9098041915607295e-05	7.510449910932994
22769	165.58970895839303	5.394260089725679e-05	0.9985073457926675	2.9141540158132477e-05	7.366104844095463
22917	165.05454187375938	5.3982904847861304e-05	1.0020079450513864	2.9083142805457495e-05	7.770654009489816
23067	164.49953535706933	5.3928788977184986e-05	0.9987926740830475	2.9118298081388695e-05	7.631081623972408
23218	163.96412377140928	5.3961373297376985e-05	1.000492219314843	2.9103972543963906e-05	7.523511806035982
23369	163.43170790615036	5.394809778292827e-05	0.9985421873464428	2.9146462625986495e-05	7.330384301589762
23519	162.95379512046384	5.398746393931326e-05	1.0016164421420202	2.9099425088964134e-05	7.468645867137672
23669	162.42424025617987	5.394388296087346e-05	0.9974343396259946	2.917427637379667e-05	7.254863220373718
23818	161.897923482563	5.401321724707451e-05	1.0015707064832091	2.9128524012284268e-05	7.760367297618018
23970	161.36071778741018	5.397084769788618e-05	0.99979474089039	2.9134504134661875e-05	7.3703676754115115
24119	160.83548309876812	5.397638755480203e-05	0.9995736450904653	2.9146931071822216e-05	7.245006819145134
24269	160.3132588356186	5.398789778443148e-05	0.9996857409314529	2.9156093638651568e-05	7.655161128109096
24419	159.7946369228844	5.399638287760724e-05	1.0007381134875135	2.91345890055534e-05	7.3427458382263415
24570	159.2712159558508	5.3976466173280926e-05	0.998108752992635	2.9189794116321496e-05	7.158312840534822
24720	158.7516296297034	5.402758010157543e-05	1.0003886431234004	2.9178454110779884e-05	7.1206028416204745
24870	158.2353202160328	5.4017084437037035e-05	0.9995267859204706	2.919226830315434e-05	6.954489512492146
25020	157.71536698342086	5.4029869797320764e-05	0.9997947213577572	2.9198262082750542e-05	7.165271510300259
25170	157.188865475655	5.403541624041638e-05	0.9981881168010421	2.9251261952831193e-05	6.988292188577167
25319	156.68113970784717	5.4084435795181584e-05	1.00159391623223	2.920471208817624e-05	7.54527027442134
25470	156.14866332305408	5.40413842237375e-05	0.9995103328346389	2.9219019682718914e-05	7.056095078042303
25620	155.63861489074813	5.405462023057688e-05	0.9988669744287435	2.925216313156154e-05	6.652964946588696
25770	155.13751210266352	5.4085268910824084e-05	1.000924106845158	2.9225155964883585e-05	7.0815909286395815
25922	154.62951882138975	5.4060295934154475e-05	1.0006931443797535	2.9204912743754062e-05	7.16581969553959
26073	154.1118865626509	5.404156987334293e-05	0.998902125063215	2.9237011325715066e-05	6.723890805218189
26223	153.61865056500872	5.4071259764975946e-05	1.0010009947724205	2.9207774496130396e-05	6.887557979951314
26374	153.09832900985836	5.4044217540945496e-05	0.9982314190461076	2.925952233004331e-05	7.099677448161088
26525	152.59036620789686	5.4092071812829754e-05	1.0015271767403564	2.9214906005120592e-05	7.003959105862289
26677	152.078691477352	5.405081498471655e-05	0.9983896697025326	2.9262027534624922e-05	6.783650992570249
26828	151.57877109180777	5.4094387448814806e-05	1.000823561451685	2.9237948287488994e-05	6.776184086102541
26979	151.05801027390814	5.4072126171890996e-05	0.9970712878614041	2.9323829342434297e-05	6.512215867106909
27129	150.54842779043076	5.41514813670266e-05	1.00168003972526	2.927464677291284e-05	6.937678520521838
27282	150.03747883399515	5.410605028359845e-05	1.0021240352189145	2.9212598185530776e-05	7.063284511739972
27434	149.52739216109413	5.404868008150687e-05	0.9972467052473013	2.9293251140184534e-05	6.679743293283468
27585	149.02746467351471	5.412324005469788e-05	0.9998049521877321	2.9298965839373207e-05	6.67577523602877
27737	148.52836142394878	5.4128519136748245e-05	1.0004822933931894	2.9284841953578403e-05	6.801037876177279
27890	148.02826858245834	5.411547094277052e-05	1.00083294439757	2.9260469609347026e-05	7.00361727043511
28043	147.51588813676256	5.4092947423251976e-05	0.9995165422994902	2.9274622651097218e-05	6.593516285100407
28194	147.02631250285427	5.410602799235702e-05	0.9982959070753492	2.9324594485077487e-05	6.521127962756408
28346	146.5260261287384	5.4152187845993344e-05	1.0002456057570155	2.931739396433916e-05	6.595489875205737
28499	146.02037345462628	5.4145539026164616e-05	1.000626950409341	2.9299024928666836e-05	6.637796243565379
28649	145.53012031222153	5.412857371912439e-05	1.000563832470219	2.9282514496184228e-05	7.071544671946291
28803	145.04344622741735	5.411332044532494e-05	0.9981923327403218	2.9335543397528803e-05	6.7168131231896275
28956	144.5243285364861	5.416229629320456e-05	0.999467953607438	2.935115957609878e-05	6.333934179694545
29109	144.0563615754077	5.4176710472396516e-05	1.0008126526774053	2.9327326645579118e-05	6.55134797625366
29261	143.55530637876063	5.415471045585888e-05	0.9985030755956034	2.9371293251235575e-05	6.445492228851645
29416	143.07072471400025	5.4195288772397533e-05	1.0003750795605204	2.9360280810012606e-05	6.250647934318422
29568	142.57011261458146	5.418512785812414e-05	0.9993275036741426	2.9380038778144453e-05	6.391389534931351
29722	142.08835823660013	5.420335670246305e-05	1.0017859523352	2.9327660973542804e-05	6.3909511424889915
29876	141.5984755894412	5.4155019133541816e-05	0.9997027279340681	2.9336381860385406e-05	6.82066656608215
30031	141.10060169157225	5.41630703158392e-05	0.9993321968288831	2.935598588084791e-05	6.4144291899959756
30185	140.61228130769246	5.418116451392302e-05	0.9995311669938384	2.936975539155837e-05	6.4803711593249025
30339	140.1200727282221	5.419386994075841e-05	0.9992468166269081	2.939189287657671e-05	6.307123754421406
30492	139.6333544901771	5.421429043764818e-05	0.9986291223778726	2.9432240876964004e-05	6.0184463169897455
30644	139.1554420065679	5.42514892670828e-05	1.0010658866424142	2.94009028473441e-05	6.406214807929561
30800	138.66043246948132	5.422259939116171e-05	0.9988137431910714	2.9435821290776688e-05	6.308288413573017
30953	138.17325764892863	5.425478899671133e-05	1.0015820192127314	2.9389326811112263e-05	6.4409869803085815
31107	137.79003825780833	5.421192379090809e-05	0.9981610150492248	2.9443472914700953e-05	6.0707930509124814
31262	137.3027354480117	5.426184010398187e-05	0.9988156126188863	2.947838674397611e-05	5.956996586023018
31416	136.82905706159238	5.429400219543233e-05	1.0014573750697628	2.9435488197311047e-05	6.550876715206987
31574	136.3299821662231	5.4254482024355414e-05	0.9995039603183927	2.945009661385869e-05	5.901919127214967
31728	135.84366412045674	5.4267943220522636e-05	1.0015630489628664	2.940413650878465e-05	6.427800680220669
31884	135.34888150733468	5.4225581148370044e-05	0.9981344407360232	2.945909419486825e-05	6.406309526897717
32042	134.85829056710807	5.427623254691527e-05	0.998913963192381	2.949112263955281e-05	5.992981763257487
32196	134.38122253105544	5.430572956839158e-05	1.0017450092141091	2.9439750004533817e-05	6.342978556173718
32354	133.8973082960619	5.425840949063455e-05	0.9978261519240662	2.9503886972461466e-05	6.078137671637397
32510	133.407234586769	5.4317480586328256e-05	0.9991460563424559	2.9529103162820322e-05	5.822781876135043
32664	132.92372329950985	5.434068748444422e-05	1.0013077161977388	2.9490537908717067e-05	6.149131599504011
32820	132.43733771506626	5.4305191196346105e-05	1.0005460379809643	2.947444374296561e-05	6.0780800819010645
32978	131.97183698445926	5.429037091691823e-05	0.99833353680516	2.9523643808750454e-05	6.035804643667477
33134	131.48593444635995	5.4335663986695196e-05	1.000778924708705	2.950066501184949e-05	6.032610831599861
33291	130.99838317924255	5.431451464558023e-05	0.9986676215268219	2.9540023503262415e-05	5.726814834704796
33449	130.50512665016907	5.435073458865336e-05	1.0016350707507733	2.949180231990155e-05	6.022432322193035
33605	130.01998234206278	5.430635535542921e-05	0.9988252673316812	2.95264880499946e-05	6.075078668786639
33764	129.51008082506212	5.43382812113105e-05	0.9980962367118077	2.9582806711373398e-05	5.926002348307647
33921	129.0598105487407	5.4390078793262834e-05	1.000120060989858	2.9579255396691208e-05	5.6504106959737
34079	128.5738350564404	5.438681402388929e-05	1.0012674509089143	2.9541812599461045e-05	6.020682295642172
34237	128.08718167350563	5.4352380444154455e-05	0.9987856733621134	2.9577729624432193e-05	5.676377015427437
34394	127.59652582481833	5.438541130159097e-05	0.9999203906669655	2.958008447522837e-05	5.6324372020950495
34552	127.12061901808119	5.438757622401311e-05	0.9996770517699625	2.9589640397222092e-05	5.561768175268941
34709	126.62775352482777	5.439636053746803e-05	1.0004660879711043	2.9575855446763238e-05	5.662837900453703
34869	126.1381868871708	5.4383688222447026e-05	1.0040711908835942	2.9455934713888302e-05	5.938712931594797
35027	125.6616221227865	5.427332191223263e-05	0.9970297095530433	2.9543688048265937e-05	5.843721962572765
35185	125.18082692126974	5.4354105685096086e-05	0.9983009474194428	2.959396975895383e-05	5.565814410002615
35345	124.69631841646599	5.440033985091805e-05	1.0005240095099606	2.9578470359195522e-05	5.5068199304538865
35504	124.20054950392924	5.438609230234833e-05	0.9985611591152109	2.9621090395108038e-05	5.444051368111242
35664	123.71681439498045	5.442526104219257e-05	1.0004934728201709	2.9606480401728866e-05	5.633546754864065
35824	123.22064544863952	5.441183731664358e-05	0.9994259300848783	2.962348635402573e-05	5.496430671627832
35985	122.73425636229472	5.442746214368784e-05	1.000026602851794	2.9622698305772963e-05	5.821258491046026
36147	122.24854964779097	5.442673819527767e-05	1.0007052633524345	2.9601821226096888e-05	5.844335294337871
36306	121.7557436273539	5.440755574926784e-05	0.998553577241736	2.9644699994831314e-05	5.531471902576396
36468	121.25815441998739	5.444694664977212e-05	1.0006354406593796	2.962587450959824e-05	5.049134127621092
36628	120.77413689026868	5.442965598788793e-05	0.9985480709536478	2.9668951722378784e-05	5.254647464970938
36789	120.27841581768239	5.44692130679146e-05	0.9985069110317193	2.9713316347227864e-05	5.357928911441519
36950	119.78868350048552	5.4509922351098495e-05	1.0012282582793495	2.9676865491482815e-05	5.325803063402975
37112	119.30581070229874	5.4476477025852926e-05	0.9981445852499191	2.9732030739867428e-05	5.285380234695632
37275	118.80949029942558	5.4527085691303386e-05	0.999741980927167	2.973970415075873e-05	5.263243778575127
37437	118.32126383470502	5.4534121566922426e-05	1.0014741158614144	2.9695928910931695e-05	5.013866592921551
37599	117.8326436479056	5.449397114445936e-05	0.9996204001961079	2.9707205760412532e-05	5.133471976908613
37761	117.33800335632151	5.450431704040748e-05	0.9955048722867039	2.9841346423723882e-05	4.994770678529474
37925	116.8372347829736	5.462723352296351e-05	1.004948802200219	2.9694394737711723e-05	5.339826382684852
38087	116.34228060680536	5.449256347219474e-05	1.0007891139783	2.967098095189271e-05	5.208683362102846
38250	115.83890688907306	5.4471075766770666e-05	0.9962665498345232	2.978217120390217e-05	4.955279552084192
38414	115.34054894588898	5.457304389889039e-05	1.0023768113495761	2.9711552448828275e-05	5.346740973010944
38577	114.87013419003158	5.450830436624155e-05	0.9995389937070376	2.9725255978894464e-05	5.210372999977936
38741	114.36668549864895	5.452087304775526e-05	0.9983560634030465	2.9774202880655086e-05	4.917293167711527
38907	113.86687532017528	5.4565742806870216e-05	0.9995724910651004	2.9786937062392554e-05	5.119217674175817
39071	113.36618168909999	5.457741021924048e-05	0.9986572951074993	2.982698590229211e-05	5.1547740272672025
39234	112.86533654810702	5.461408783664899e-05	1.000672466996743	2.9806941717713103e-05	5.054218916836417
39399	112.36747764631536	5.459573400707523e-05	0.9978854572148703	2.9870103329198944e-05	4.646233448275609
39565	111.87331361220038	5.465354821893903e-05	1.003968390200282	2.975203564251673e-05	5.069183877635599
39730	111.35130048723843	5.4545426611693787e-05	0.997856984998806	2.981593163127713e-05	4.7334019787637205
39896	110.87383009127123	5.460396655122879e-05	0.9988401590929334	2.985055352435325e-05	4.649072591454328
40061	110.38522788235278	5.463566008053097e-05	1.0022662261219317	2.9783058379462705e-05	5.438615220027345
40226	109.87396420814001	5.457385672596605e-05	0.9983736242401754	2.9831575731109145e-05	4.985144961779594
40391	109.39175773611349	5.4618289730738686e-05	1.0013351041571175	2.9791800574314368e-05	5.434206402681108
40559	108.89768286694805	5.458186564630634e-05	0.9993770879301167	2.981036981347887e-05	4.742213132089589
40725	108.40413740442601	5.4598873443944675e-05	0.9986066393889573	2.9851964364787017e-05	4.809906021982354
40892	107.91666696373562	5.463695120043487e-05	1.0004743913336804	2.983780956651265e-05	4.794467575555709
41060	107.42368317062186	5.462399616149724e-05	1.0014660073758803	2.9794131150488093e-05	4.763034275619169
41226	106.92798385308765	5.458400054089851e-05	0.9982620692229224	2.9846001434954598e-05	5.3330768522758305
41393	106.42634163619765	5.463149406244954e-05	0.9995153534286565	2.986047321091496e-05	4.745364264197934
41559	105.93656409537525	5.4644737359525266e-05	0.9991772139175633	2.9885062224185778e-05	4.895027590392398
41726	105.44447077383933	5.4667231706192865e-05	0.9989374360771965	2.9916850790519683e-05	4.776852272794898
41894	104.96921315317296	5.4696298586394026e-05	1.002350055531055	2.9846709366090125e-05	4.71413630696853
42063	104.47601052535002	5.463214197346661e-05	0.9960556577378183	2.9964901192244788e-05	4.189237090181394
42231	103.99551014454812	5.474020569220103e-05	1.0028466171239971	2.987984471461778e-05	4.988563553054588
42401	103.50521241455789	5.466245943480569e-05	0.9982818755820186	2.993127036108636e-05	4.861945252995888
42570	103.0196484039534	5.470947848507273e-05	1.0044281381660538	2.9799314877554803e-05	4.773440602990581
42738	102.52956520900246	5.458874872861147e-05	0.9950302019403501	2.9948151140985376e-05	4.074822087816602
42908	102.05343669144676	5.472490396609699e-05	1.0017648201482892	2.989539115233875e-05	4.436082474172793
43077	101.56324832820765	5.4676677982791487e-05	0.9983802702282609	2.9943892165961708e-05	4.320487414432615
43246	101.07973028815647	5.47210125691783e-05	0.9981620132597567	2.999902998529483e-05	4.337515087746968
43415	100.60677931174669	5.477137024513338e-05	1.003228014567051	2.9902504265933087e-05	4.834749707313416
43584	100.11208813938465	5.468318230126433e-05	0.9975924190432023	2.9974670712326368e-05	4.175673939026474
43754	99.64425075954163	5.474912849747142e-05	1.0026985514406663	2.989400021497896e-05	4.460788387163825
43923	99.1561195939033	5.46754060021313e-05	0.9966141228668203	2.999556150076127e-05	3.955237744239799
44094	98.6774924700218	5.476820382371625e-05	1.0018406561706374	2.994045142409584e-05	4.483196890527323
44266	98.18881573260708	5.471786858430785e-05	0.9987480374927117	2.9977982734523598e-05	4.12916019429418
44436	97.70992950900231	5.475215313987533e-05	1.0036207947806142	2.9869830209204275e-05	4.434703907763299
44610	97.21575319202438	5.4653298353534234e-05	0.9965620424995016	2.9972875681966596e-05	4.551675277500972
44783	96.74274185586751	5.474748914970129e-05	1.000199559450753	2.9966895504758906e-05	4.3001090912403805
44954	96.26543591534092	5.4742027277731416e-05	1.0011788740460652	2.993160990668297e-05	4.128910846394649
45128	95.77379922906003	5.470978880116699e-05	0.9961477339002774	3.0047360334284883e-05	4.027583792710986
45301	95.31403753214374	5.481547257324786e-05	1.0042617892948063	2.9919848245330702e-05	4.414409140315853
45476	94.11404676801094	5.469903860702737e-05	1.002077147005168	2.985782914494148e-05	4.434728162565171
45649	93.62512888954159	5.4642317982440566e-05	0.99848277072694	2.9903199154056153e-05	4.014716497547661
45822	93.16727604860087	5.4683817674021406e-05	1.002822848825447	2.981902455561337e-05	3.7639097952908696
45999	92.68707318165332	5.460679862033058e-05	1.0007822400343698	2.979571715280369e-05	4.327959727994392
46174	92.21131143605523	5.458545333035505e-05	0.9979934040510797	2.9855625329642635e-05	4.044422355652381
46352	91.74241622673402	5.46403013623119e-05	1.001714981296061	2.980451115048132e-05	3.724999014459817
46527	91.25997968950959	5.4593507993607924e-05	0.9978017936054917	2.987017195347451e-05	3.7076749448497828
46702	90.79901459303377	5.4653611000074374e-05	1.0023563008167191	2.9799954296826698e-05	3.960041487598956
46878	90.32534629820475	5.458933439494083e-05	0.9969546127923734	2.989098391687051e-05	3.708786367211757
47054	89.87148485204237	5.4672647564271575e-05	1.003239089405068	2.979447694227723e-05	4.520621625644454
47231	89.39153941138973	5.4584317291944974e-05	0.9998907830918204	2.9797731358366957e-05	3.826086095996952
47409	88.9204931593687	5.458729830131452e-05	0.9972400538372418	2.9880199099213277e-05	3.5827338595274183
47589	88.45711772571055	5.466278359104417e-05	1.0032254208223992	2.9784132737305273e-05	4.052210469400534
47765	87.990754868976	5.45748410325722e-05	0.9981744967954581	2.9838603203071525e-05	4.142747444762871
47944	87.51605020731348	5.4624722610802816e-05	1.0020473178935196	2.97776389101041e-05	3.799098142157709
48123	87.04674739934154	5.456889123860233e-05	0.9972977534875664	2.9858323460542467e-05	3.7380336805287966
48300	86.58660574842682	5.464277029996051e-05	0.9996283536452821	2.9869424323209705e-05	3.7933041389465507
48480	86.11730825110975	5.465292702427722e-05	0.9994098000118333	2.9887063667832803e-05	3.7601621940350953
48657	85.65973407164431	5.4669062245325554e-05	1.0015375561627684	2.984118117581164e-05	3.7159888747292564
48834	85.2027130594583	5.4627082272268246e-05	1.0021382804913235	2.9777508510283875e-05	4.154327663561677
49014	84.72822140810678	5.4568771756641066e-05	1.0001581116450904	2.9772801083725578e-05	4.068606151395567
49194	84.26056366407401	5.456445828900492e-05	0.9970744904397564	2.986015725925791e-05	3.5186765263231807
49373	83.80429279825782	5.4644448262616676e-05	1.0045395479435615	2.9725218206078587e-05	3.8136644786425626
49553	83.33532961750157	5.452083840705184e-05	0.9970706515299838	2.981254955249748e-05	3.8410208724136576
49735	82.86241072370136	5.460086954664502e-05	0.9984784974860419	2.98579785419107e-05	3.318751458409362
49917	82.40622439487608	5.464245468672752e-05	1.001932151357558	2.9800399659253306e-05	3.4904430023320887
50099	81.93488525878547	5.458974231415029e-05	0.9987612488206487	2.9837360725040176e-05	3.3751457702141954
50279	81.48079513170057	5.4623585313525677e-05	0.9997288985816202	2.9845451869374153e-05	3.359264860327835
50459	81.02241714936497	5.463099108507382e-05	1.0008083310911227	2.9821346347941973e-05	3.2801025329740896
50640	80.54631489323035	5.4608924497688076e-05	1.0002558738850875	2.9813717796140567e-05	3.398392903412415
50828	80.07624510687305	5.4601939339313365e-05	1.000512018606511	2.9798460429955045e-05	3.2382136684667873
51027	79.56722014076782	5.458796610055649e-05	1.0006501916593258	2.9779098308612543e-05	3.37898614028622
51210	79.10172842616174	5.4570228429623186e-05	0.9974819757227172	2.9854272090517075e-05	3.441052441242862
51422	78.56763236192522	5.4639063032337104e-05	1.0058541944311479	2.9680516575666215e-05	3.998193933118825
51606	78.08378125414883	5.447982798767468e-05	0.9950801124190312	2.9827263358236685e-05	2.8297232147792912
51809	77.58144401031252	5.461434185105291e-05	1.0055493163037088	2.966265589824923e-05	3.530766348921461
51991	77.1202929891339	5.446343351116347e-05	0.9980797824796737	2.9719724233421523e-05	3.3212773564017817
52191	76.61883982549024	5.451579975880526e-05	1.0030734208861178	2.962866288209195e-05	3.059278592204061
52378	76.12718776932714	5.4432217373621615e-05	0.9974517782286934	2.9704356169184914e-05	2.820306422603772
52578	75.62563284419073	5.4501702880905394e-05	0.9981391711929674	2.9759733939388957e-05	3.2391151302277574
52781	75.11919725379137	5.455248293101694e-05	1.00129827715208	2.9721147652458164e-05	3.508132705997913
52980	74.62905633244785	5.451710525372579e-05	1.0053668699032565	2.9562489616669134e-05	3.296426230155562
53168	74.14400820479106	5.437139837880678e-05	0.9924618462942865	2.978702881833828e-05	2.767038108890404
53377	73.62665112121785	5.4577494279545566e-05	1.0058461558699159	2.9613901335216305e-05	3.5753999712714655
53568	73.13784401543649	5.441865611646093e-05	0.9988639915425531	2.96475812382458e-05	2.7746561475804383
53769	72.62760603468853	5.44495925037514e-05	1.0003039879400664	2.963857146995814e-05	2.995705078083866
53971	72.11885370273936	5.444131838039756e-05	1.0005742221507223	2.9621562112853937e-05	3.0546917812654506
54171	71.63207303684334	5.442569440333668e-05	1.0033988345422573	2.952122435578377e-05	3.5095245519254785
54363	71.13797318475267	5.433343754612234e-05	0.9998905115730367	2.9524456942131313e-05	2.882923129110229
54569	70.62194155219935	5.433641223169902e-05	0.9983668700943407	2.957275308959461e-05	2.8623698066863503
54773	70.11182654532291	5.438083586116952e-05	1.0031055892214422	2.948119660318853e-05	2.8771343518474586
54972	69.6078817962189	5.42965897669352e-05	0.9959989119493163	2.9599627318356694e-05	2.7515946137132774
55170	69.10632087730548	5.4405539532621764e-05	1.0024435221981156	2.9527476274625316e-05	2.9084445590005723
55362	68.62827573322757	5.43391905300634e-05	0.998903289128555	2.955989493275685e-05	2.683496629737864
55579	68.08452314284786	5.4369012252161485e-05	1.0055770132663568	2.939595331116329e-05	3.061611904486523
55770	67.59862100744175	5.421803510932805e-05	0.9959907061303774	2.9514284752086127e-05	2.6883517358170668
55970	67.09600678678338	5.432705104465557e-05	1.0019839228947112	2.945584662358649e-05	2.601822926442119
56181	66.55230515377244	5.427324075784169e-05	1.0062030364500605	2.927425733826875e-05	2.9937747860350186
56370	66.08281996290971	5.4105690401536096e-05	0.9965324526742604	2.937612042609286e-05	2.9358724720453657
56574	65.57154404652965	5.419974208987793e-05	0.9982781857161352	2.942678788980979e-05	2.3417010421592592
56784	65.05515113217113	5.424646337763392e-05	1.0061896337797245	2.9245767300611952e-05	2.6325426170226827
56978	64.5513711482139	5.407935585841602e-05	0.9977758643815706	2.9310958848196543e-05	3.070693610433162
57201	63.9919380915718	5.413959627499687e-05	1.0034496380272453	2.921019425132396e-05	2.4153725291632036
57394	63.500877506490674	5.404645617551993e-05	0.9978257824222416	2.9273841953066842e-05	2.809983783991567
57601	62.97896578465088	5.41053065355579e-05	1.0005058915861507	2.9259040050886255e-05	2.3413871592872226
57813	62.45400662769148	5.40916260163126e-05	1.0045087390855612	2.912771080271713e-05	3.0268783741648173
58018	61.91587322261293	5.397009431408948e-05	0.9985303834796954	2.9170580369535078e-05	2.2905000880615773
58231	61.36669262283143	5.4009795749970275e-05	0.9998760911628641	2.9174195310150328e-05	2.46235560265529
58449	60.82097160705758	5.4013142206457804e-05	1.0052655959930505	2.902138044556338e-05	2.4479058389101307
58653	60.29714458930006	5.387149565917339e-05	0.9993669977879596	2.903976267957668e-05	2.357070164653152
58869	59.74051811379051	5.388855414610479e-05	1.0019565854194203	2.8983054857033148e-05	2.2043745771657233
59076	59.212469485214086	5.383591260212197e-05	1.0037253379717326	2.8875483920332585e-05	2.752569488575076
59289	58.656562243984695	5.373591342885369e-05	0.9994774269393625	2.8890581359857406e-05	2.0784291714656074
59502	58.11771349923733	5.3749959404503186e-05	1.0011886983911167	2.8856279946311608e-05	2.6599909016053864
59705	57.58076328576886	5.371804161202418e-05	0.9972914740873999	2.893465019613988e-05	2.230351973289063
59919	57.03248204810804	5.37909380808142e-05	1.0075375678919718	2.8718184927514527e-05	2.365192047478603
60124	56.49195001180765	5.358935055355171e-05	1.0004503240768607	2.8705258258588177e-05	2.4579616167769545
60352	55.89649655321825	5.357728833991898e-05	0.9997373081411198	2.871280087762438e-05	2.230483040862568
60555	55.367272869185655	5.358432688540967e-05	1.000109793147618	2.8709648754920572e-05	2.729854087280022
60776	54.79445050373267	5.358138553165695e-05	1.0085451339462186	2.8466399557733153e-05	2.5872176901231128
60975	54.261055042245424	5.33539122817935e-05	0.9975923711775498	2.85351014905333e-05	2.5086884111018906
61191	53.69532118098895	5.341825670174318e-05	1.0052053530134026	2.8387335388725128e-05	2.104312070207345
61397	53.13540435327501	5.327976669311262e-05	0.9978378495187225	2.8448846074957886e-05	1.8373065868135674
61608	52.58108838257797	5.33374597023123e-05	1.0017095033113557	2.840029567545721e-05	2.1236745426462127
61833	51.9686761581955	5.3291927789729296e-05	1.0019948415232975	2.8343754377299234e-05	2.112793976986751
62061	51.35865409216085	5.323885270861801e-05	1.0072357017700384	2.8140140711345026e-05	2.31032621683854
62283	50.75030456653337	5.304728146789902e-05	1.0022891610076405	2.807587052328755e-05	2.308177968225163
62508	50.12524454212053	5.2986668628332873e-05	0.998063203721107	2.813035328685748e-05	1.855142130772554
62739	49.49670596772201	5.303805547609894e-05	1.006650489905408	2.7944508614405786e-05	2.6001601559057743
62955	48.89429085821556	5.286256578563491e-05	0.9998126866610988	2.7949743974271044e-05	1.6266028414208638
63160	48.308099479142726	5.286751741312527e-05	0.9923568692109581	2.8165012851167557e-05	1.5656911575400518
63363	47.7519802680491	5.307071965893015e-05	1.011592984768058	2.7842238207716846e-05	1.9508014776075624
63565	47.171856351757896	5.27657447665783e-05	1.002070469179343	2.7784710820306448e-05	2.4885189893001827
63769	46.59605183383973	5.271120452077191e-05	1.0045879173176435	2.765781903339489e-05	1.7958670643785728
63987	45.97126243384307	5.2590701681376044e-05	1.0045104580718502	2.7533629750837888e-05	2.0357996265344305
64224	45.28472496509481	5.2472497320823115e-05	1.0079078415950025	2.7317606446305885e-05	1.775892582531849
64437	44.65573313613105	5.226624766166583e-05	0.9982564790836572	2.73653184514083e-05	1.620105302264281
64659	44.002206379986	5.2311870977253625e-05	1.0041891243414633	2.7251159953912258e-05	1.4641064874829701
64902	43.28422920848894	5.220264356707642e-05	1.0101365747150983	2.6977698497451437e-05	1.8604920018831588
65132	42.57666959706667	5.194006016308745e-05	1.0009946249961266	2.69508924661367e-05	1.3296872337432417
65374	41.838803775783376	5.191424897476289e-05	1.0063217446123263	2.6781586118383256e-05	1.5528575177971662
65616	41.09813138646253	5.1750928608463884e-05	1.0076070944825684	2.6579394155751035e-05	1.9633666373135807
65865	40.31350660238778	5.1555207453516303e-05	1.0036244016098312	2.6483407650428998e-05	2.054664588035349
66109	39.530034177454	5.146203226693345e-05	1.0046319605106784	2.6361303135296284e-05	1.1384605121532028
66360	38.7268849920294	5.134325966988878e-05	1.0079577997255786	2.615318135587945e-05	1.4790857831469792
66630	37.83969654681003	5.1140181223651775e-05	1.0099392989744032	2.589579530417135e-05	1.4465715054609831
66891	36.96392647470742	5.088791143697229e-05	1.009988952921979	2.563968173043155e-05	2.160597285632331
67146	36.09450762290264	5.063564133140959e-05	1.007978088449989	2.543674512792117e-05	1.6524164576211433
67425	35.1192773032784	5.0434854146632734e-05	1.0074780387874347	2.5247940052902736e-05	1.1611800515719515
67684	34.19331517104887	5.0247328339825924e-05	1.0039892504047487	2.514761990003804e-05	0.8655089785278927
67974	33.142763076697655	5.014740262470036e-05	1.019443383176494	2.4667990704574803e-05	0.8528895738952383
68265	32.047680007066226	4.966688102204003e-05	1.018969761099295	2.4208756379543826e-05	1.2899987291040906
68560	30.88888431111585	4.920239463638312e-05	1.014437627860932	2.386421374233821e-05	1.475300154423643
68841	29.78030591202044	4.885101200828721e-05	1.018031344189261	2.3441531420963442e-05	1.2273505469757748
69151	28.466800693476813	4.841645528223173e-05	1.0168475599144742	2.305314222609246e-05	0.6389757455039198
69448	27.179806966084225	4.801368786720351e-05	1.0253219852176327	2.248380758284359e-05	1.440743805523878
69748	25.813540761990264	4.741709352421718e-05	1.0261557551798919	2.1910716252721337e-05	0.9148746483133189
70069	24.288635325153972	4.680888404215735e-05	1.0399321105744903	2.1069371769487128e-05	0.49938066517389057
70417	22.51803236484522	4.590138534890546e-05	1.0398644220735775	2.0261652694562834e-05	0.44639785256158726
70738	20.821384341065542	4.501294557631486e-05	1.062723469117887	1.906578078244664e-05	1.5722389936819525
71101	18.744050332742905	4.366437997091753e-05	1.0866213790100676	1.754592827891526e-05	1.8141935499876556
71446	16.676270705347907	4.1887860149350265e-05	1.0845935340059103	1.617742290432984e-05	0.8302388492495272
71824	14.452587324084	4.022116719381704e-05	1.165037769892533	1.388574973481083e-05	0.41902083375381366
72211	12.227434645781091	3.726358776984689e-05	1.1927497495326973	1.164179639547279e-05	2.3129445819418333
72565	10.668374220149405	3.41200767810871e-05	1.1124947037456798	1.0464585904342558e-05	0.9086617875144328
72889	9.836667890728545	3.234901220183169e-05	1.0779656103661	9.70771776363864e-06	0.2514809002309744
73180	9.40249543650705	3.115721066404796e-05	1.0004831912495151	9.703029344765462e-06	0.15618417425447811
73418	9.25238764863374	3.1149685945070875e-05	1.0008057256758993	9.6952176589642e-06	0.8603144170981614
73652	9.17470348214532	3.1137144472421036e-05	0.9956469684290072	9.737605764282e-06	0.6378149958820944
73868	9.141097999279342	3.1205137019859404e-05	0.9976542780511055	9.760501186146554e-06	0.553926690391332
74080	9.132076675595505	3.124180082221022e-05	1.0063409635481053	9.69900017955493e-06	0.08344048017595329
74296	9.118102111373075	3.114321784844162e-05	1.0002156866302627	9.696908685996479e-06	0.3969029084321305
74503	9.107368854772	3.113985980378923e-05	0.9938920067705114	9.756501330064008e-06	0.39411143100287793
74719	9.131393892428791	3.123539871694295e-05	1.019875552811154	9.566364546313015e-06	0.40348176044722694
74923	9.103084391000083	3.0929540161976246e-05	0.9925450049652973	9.638217409242302e-06	0.88117619644092
75125	9.099618428905677	3.104547859067775e-05	0.9915255504765602	9.72059409322317e-06	0.9415217807007695
75331	9.092107138315663	3.1177867299132526e-05	0.9845034112289633	9.873601231192158e-06	0.3957919305279438
75547	9.13063336964946	3.142228704469514e-05	1.0210727368621233	9.669831418215025e-06	0.4230280737479422
75751	9.097522848736274	3.1096352548514465e-05	0.9874728643638357	9.79250343698777e-06	0.11740915922831603
75955	9.12338262646646	3.1292975948266366e-05	1.015778899379761	9.64038871349574e-06	0.9444919004463991
76156	9.098028844080224	3.104897536714495e-05	0.9894467642579211	9.743211117301465e-06	0.11344430553707543
76358	9.111767594022691	3.1214117186461425e-05	1.0036747155935741	9.7075386735625e-06	0.3911517025395676
76562	9.094753906525444	3.115692326524315e-05	0.9837250687444565	9.868142006335552e-06	0.37678191253520177
76772	9.131263445237405	3.1413598976137e-05	1.0163171896733603	9.709706877541972e-06	0.3918193873616269
76978	9.115071875877327	3.1160402560849516e-05	0.9996357175142667	9.713245242663506e-06	0.3930465133492741
77188	9.113851005793347	3.1166079706410796e-05	0.9969448381059078	9.74301172080661e-06	0.41904323048113723
77392	9.117334966867455	3.121379778368312e-05	1.000918852449336	9.734067548997212e-06	0.47403155499991323
77599	9.11989582385606	3.1199467221408146e-05	1.002009399113249	9.714547146575267e-06	0.41323243961326606
77807	9.111164287240562	3.1168168291664604e-05	0.9913167461341024	9.799639907688106e-06	0.3827292598358858
78014	9.128101049425288	3.1304376543365475e-05	1.0087438627079504	9.714695940138057e-06	0.9657383199121595
78223	9.107528648541331	3.116840698550065e-05	0.9857191877131294	9.855439623404483e-06	0.4735675825213512
78430	9.131595514386687	3.1393374497502625e-05	1.0073325235360537	9.783700409879342e-06	0.7741375786552256
78643	9.128334476000155	3.1278907285708274e-05	1.0025987639527552	9.758340785607006e-06	0.38790977490131334
78850	9.122215696103527	3.1238343082831724e-05	0.9945156517072657	9.812154055951811e-06	0.02030587838114016
79058	9.14101643301795	3.132435802367194e-05	1.0128251797603711	9.687904933676027e-06	0.02030587838114016
79267	9.12563796868188	3.112539948928532e-05	0.9954813766827261	9.731879631901642e-06	0.02030587838114016
79475	9.13108514972773	3.119596068708518e-05	0.9999455862867476	9.732409208425563e-06	0.02030587838114016
79684	9.123976035394017	3.1196809465753965e-05	0.9918532990593873	9.812347468779083e-06	0.02030587838114016
79895	9.133502008238578	3.1324666748074246e-05	0.998428543978703	9.827791410767586e-06	0.02030587838114016
80107	9.147541322605964	3.134930846249656e-05	1.0119758939403463	9.711487664494616e-06	0.02030587838114016
80321	9.12347533312414	3.116325988162121e-05	0.9874178896297966	9.835235685405352e-06	0.02030587838114016
80542	9.154577302780615	3.136117932317812e-05	1.0140894556906257	9.698587861469533e-06	0.02030587838114016
80755	9.132585308073653	3.114255587049581e-05	0.9930823483731955	9.766146661812228e-06	0.02030587838114016
80965	9.128725270924335	3.125083464775338e-05	0.991191480339016	9.852936446217158e-06	0.01644817094437646
81178	9.149711794695108	3.138938745215835e-05	1.0126701702475938	9.729659997596412e-06	0.01644817094437646
81394	9.130159523713695	3.119240291737142e-05	0.9936100149609471	9.792232214948863e-06	0.01644817094437646
81610	9.125927361174027	3.1292542585972244e-05	0.9888857367265124	9.902288860352953e-06	0.01644817094437646
81824	9.163230925117759	3.1467902472762545e-05	1.027665496452142	9.635712101397868e-06	0.01644817094437646
82039	9.123970135181441	3.104144342874195e-05	0.9893885849109777	9.739057280779989e-06	0.01644817094437646
82252	9.129953926054586	3.1207462698495676e-05	0.9958642393638988	9.77950296417988e-06	0.01644817094437646
82468	9.134426212562616	3.127219685947868e-05	1.0008283390487178	9.77140892460664e-06	0.01644817094437646
82681	9.123018419312933	3.1259252909509274e-05	0.9904040209704	9.866083656478487e-06	0.01644817094437646
82898	9.140296896000285	3.141032259700382e-05	1.0066990224863879	9.800430353166348e-06	0.01644817094437646
83114	9.139176494266241	3.130563903383278e-05	1.0036110656006256	9.765167692029319e-06	0.01644817094437646
83330	9.130965545177936	3.1249268298680715e-05	0.9954001165123196	9.810293900953603e-06	0.01644817094437646
83546	9.13782924654577	3.1321388699982e-05	1.0012797377930223	9.797755343154182e-06	0.01644817094437646
83765	9.125592567768782	3.130136633304396e-05	0.9890430590160342	9.906298066437713e-06	0.01644817094437646
83983	9.124566653306402	3.147427213842714e-05	0.9840788062164126	1.0066569876172271e-05	0.01644817094437646
84212	9.173648838166272	3.17278582261272e-05	1.0297122944325006	9.776099528577743e-06	0.01644817094437646
84431	9.147689779765454	3.1266754754175786e-05	1.0037532360316828	9.739544718408425e-06	0.01644817094437646
84650	9.13297886587658	3.120824365197187e-05	0.9885494491005998	9.852359664222807e-06	0.01644817094437646
84868	9.1544256536971	3.138846868552655e-05	1.0109819324688634	9.74533703106138e-06	0.01644817094437646
85087	9.147439473471444	3.121752237295808e-05	1.0049812456710887	9.69703372380229e-06	0.01644817094437646
85306	9.108222305217959	3.1140060571235714e-05	0.9687193455175034	1.001015801808108e-05	0.01644817094437646
85528	9.172385030768377	3.163883376182042e-05	1.0328820710679203	9.69148201762409e-06	0.01644817094437646
85750	9.137451977284174	3.1131145204801075e-05	0.9974565991305141	9.716194194386186e-06	0.01644817094437646
85970	9.111862814635021	3.117081037507075e-05	0.9718674364813618	9.997448036291438e-06	0.01644817094437646
86194	9.163521818190858	3.161874133530846e-05	1.0215562613262406	9.78648794468961e-06	0.01644817094437646
86416	9.154567403328933	3.128336290217151e-05	1.0096450629674127	9.692998365115042e-06	0.01644817094437646
86641	9.123988802820959	3.1133580528289775e-05	0.9770942625497832	9.920228514924048e-06	0.01644817094437646
86866	9.164094477856333	3.14963942617628e-05	1.0112784807628066	9.809591228957258e-06	0.01644817094437646
87089	9.126538172428527	3.132026696718477e-05	0.9707587121524377	1.0105076685025787e-05	0.01644817094437646
87311	9.20071109501713	3.178848326835646e-05	1.0399884729086186	9.716527584929969e-06	0.01644817094437646
87533	9.119402594406141	3.117134515052241e-05	0.9552167389040632	1.0172065866515186e-05	0.01644817094437646
87764	9.221719206154582	3.189367627996996e-05	1.0515905852678251	9.673028656798506e-06	0.01644817094437646
87985	9.138022053996835	3.110149298152503e-05	0.9688844026222843	9.983676722030478e-06	0.01644817094437646
88208	9.19325246081031	3.159695669210957e-05	1.0211412901294947	9.776978777113608e-06	0.01644817094437646
88433	9.162903151952275	3.126816076636681e-05	0.9898004008815744	9.877727639234795e-06	0.01644817094437646
88658	9.201905196075531	3.1428852411812296e-05	1.0263226025757277	9.624388680951771e-06	0.01644817094437646
88883	9.153684796134176	3.102319886947794e-05	0.977109908939019	9.849852706337077e-06	0.01644817094437646
89108	9.185733190389458	3.13844749937562e-05	1.0061801983520156	9.789352565742975e-06	0.01644817094437646
89336	9.182146866341125	3.128794107278869e-05	1.0006074507371487	9.78340962635362e-06	0.01644817094437646
89563	9.183699966395979	3.127844245859058e-05	1.001167032744701	9.772005376098318e-06	0.01644817094437646
89791	9.17074856399466	3.1260206934853004e-05	0.986227981449632	9.90846493904451e-06	0.01644817094437646
90016	9.194721108085092	3.147771424205467e-05	1.0092063945851515	9.81807585862308e-06	0.01644817094437646
90244	9.186937902467152	3.1333808990646316e-05	0.9984395694189911	9.833420228263171e-06	0.01644817094437646
90475	9.179654754510986	3.135828475580763e-05	0.9921511658137541	9.911211685366397e-06	0.01644817094437646
90700	9.201364924023506	3.148207694127946e-05	1.0128665909753458	9.785308128114226e-06	0.01644817094437646
90928	9.163413473945258	3.128147715200519e-05	0.9744176920097913	1.0042211064468132e-05	0.01644817094437646
91159	9.200928166356292	3.168944787223049e-05	1.0099420773009318	9.943353475583393e-06	0.01644817094437646
91390	9.182745536978512	3.153308338171736e-05	0.9907639873256529	1.0036046528521153e-05	0.01644817094437646
91616	9.20030061797691	3.167971989857416e-05	1.0068254934779655	9.968009941675955e-06	0.01644817094437646
91847	9.222585667771616	3.157215536145094e-05	1.0306041181187584	9.672006706000104e-06	0.01644817094437646
92080	9.133793401334925	3.1099850009284775e-05	0.9428073122795664	1.025873111082968e-05	0.01644817094437646
92311	9.250239410679583	3.2029253988861e-05	1.057262195665048	9.703109742211719e-06	0.01644817094437646
92543	9.17162194896992	3.114981499497504e-05	0.9806358599145597	9.894712338030475e-06	0.01644817094437646
92779	9.197583649082006	3.145586167637198e-05	1.0060998553200258	9.834721956980214e-06	0.01644817094437646
93013	9.183441303275687	3.136036026097311e-05	0.9914597536228295	9.919436387653445e-06	0.01644817094437646
93247	9.20455599878931	3.149513674784322e-05	1.0110808742903652	9.810724977480636e-06	0.01644817094437646
93481	9.190029942919672	3.1322076842828666e-05	0.9945626683006152	9.864360779038674e-06	0.01644817094437646
93716	9.20836728671405	3.140757994344466e-05	1.012401846485319	9.743523101310067e-06	0.01644817094437646
93953	9.186733569378104	3.121461693071063e-05	0.9897716441868261	9.844213216792166e-06	0.01644817094437646
94189	9.181651374769807	3.137548918629344e-05	0.9846894495785281	9.997277030850424e-06	0.01644817094437646
94424	9.189174598614873	3.161847091630211e-05	0.9932091583861423	1.0065631137649717e-05	0.01644817094437646
94661	9.227292585223491	3.1726378831580696e-05	1.0293339700333521	9.778780678270605e-06	0.01644817094437646
94915	9.208689798981606	3.127104200098008e-05	1.0107311837914679	9.674956937202941e-06	0.01644817094437646
95149	9.172232918674627	3.1104592807498604e-05	0.9732774083948003	9.940595408620016e-06	0.01644817094437646
95384	9.199782261049656	3.1528709787461994e-05	0.9998296505348325	9.942289072246015e-06	0.01644817094437646
95621	9.223610784205041	3.153139558003422e-05	1.0211645252342538	9.7362264616128e-06	0.01644817094437646
95861	9.183730474008396	3.1202926884529277e-05	0.9807853313715492	9.926969898700944e-06	0.01644817094437646
96098	9.214187241100444	3.150709427843346e-05	1.0072491802907213	9.855525418085455e-06	0.01644817094437646
96335	9.20991534441616	3.1393511141771726e-05	1.0004800396172786	9.850796645433891e-06	0.01644817094437646
96575	9.206620617040429	3.138597878899731e-05	0.9941869222010646	9.908394915942844e-06	0.01644817094437646
96818	9.203990120420274	3.147760301538674e-05	0.9895564695648892	1.0012965627216396e-05	0.01644817094437646
97058	9.261033632114437	3.164327041760443e-05	1.0465999812590507	9.567137212415085e-06	0.01644817094437646
97303	9.177207516322722	3.093078921142344e-05	0.965273681793552	9.911320895684855e-06	0.01644817094437646
97541	9.20653621362817	3.148225038920321e-05	0.995601945334754	9.955103987218852e-06	0.01644817094437646
97784	9.204249700040236	3.155170991756049e-05	0.9998075983327267	9.957019734416825e-06	0.01644817094437646
98026	9.205896879548998	3.1554745656425165e-05	0.9984594727597194	9.972382461248878e-06	0.01644817094437646
98272	9.204177988938788	3.157907924757921e-05	0.9962411847676611	1.0010008232669677e-05	0.01644817094437646
98518	9.193765432763751	3.163859704960016e-05	0.9853291798016286	1.0159049826054014e-05	0.01644817094437646
98771	9.253436201912539	3.1873264385773255e-05	1.0440008971136576	9.730882276194087e-06	0.01644817094437646
99019	9.162868600514054	3.119436211271852e-05	0.9539328473449474	1.0200804284366304e-05	0.01644817094437646
99266	9.249920741467543	3.1938697976539845e-05	1.0374870466281796	9.832223272106187e-06	0.01644817094437646
99512	9.214857638439883	3.135637618109941e-05	1.0004239875844974	9.828056298255984e-06	0.01644817094437646
99757	9.237219281714086	3.1349730937052686e-05	1.02128512314107	9.623224773928714e-06	0.01644817094437646
100006	9.168576402164978	3.102132294717412e-05	0.9491392554466658	1.0138896604165866e-05	0.01644817094437646
100253	9.211449166714013	3.184163407265065e-05	0.9900091781701911	1.0241214756115024e-05	0.01644817094437646
100502	9.288643361866734	3.200189800014215e-05	1.0651997059931342	9.614361230570067e-06	0.01644817094437646
100751	9.19016373296718	3.100703344496223e-05	0.9652167845947945	9.960830959447359e-06	0.01644817094437646
101003	9.239808574067904	3.156078414654389e-05	1.0108505729434496	9.853910386025575e-06	0.01644817094437646
101252	9.221636412918983	3.139093879772565e-05	0.9906716449088633	9.946696704872465e-06	0.01644817094437646
101503	9.283501596344083	3.153838408173834e-05	1.0500272058719688	9.472799037252064e-06	0.01644817094437646
101753	9.180318920611901	3.07779125953208e-05	0.9453381356094486	1.0020540461054248e-05	0.01644817094437646
102008	9.277171739749699	3.165523726187224e-05	1.036663519684615	9.666145543640626e-06	0.01644817094437646
102260	9.229164632985853	3.109042544520841e-05	0.9821158994780648	9.842163790218239e-06	0.01644817094437646
102515	9.231502052300147	3.137222304877077e-05	0.9794161816794885	1.0049010802885696e-05	0.01644817094437646
102769	9.25235228923638	3.170017476747675e-05	0.9992583672392775	1.0056469009760523e-05	0.01644817094437646
103024	9.284297708171255	3.171193625397308e-05	1.0352347435505762	9.714191947682845e-06	0.01644817094437646
103277	9.231325363554673	3.116759847611433e-05	0.9862900300334313	9.849224520046675e-06	0.01644817094437646
103535	9.222410502947179	3.1383474186339975e-05	0.9758651973368205	1.0092812559486338e-05	0.01644817094437646
103793	9.256251161415639	3.1769187209442955e-05	1.003661291117556	1.0055994635648647e-05	0.01644817094437646
104045	9.27269144747613	3.1711188302630116e-05	1.0195975254790293	9.862709926570414e-06	0.01644817094437646
104302	9.273525269725022	3.140495172193457e-05	1.0209353994269397	9.660464248870635e-06	0.01644817094437646
104560	9.244041243757376	3.108128737499564e-05	0.9899390622699177	9.758645372291212e-06	0.01644817094437646
104816	9.226387203627004	3.1238830599577854e-05	0.9712765544797719	1.0047236626151315e-05	0.01644817094437646
105074	9.27286379931053	3.169737627336262e-05	1.0147264976128054	9.901423338986356e-06	0.01644817094437646
105331	9.271060194722963	3.146652719793901e-05	1.0124182686315217	9.779973006976688e-06	0.01644817094437646
105589	9.22256007448798	3.127294838510863e-05	0.962908743287768	1.0156697688281259e-05	0.01644817094437646
105848	9.288325617532276	3.186957434337845e-05	1.0256448199352182	9.902743611499717e-06	0.01644817094437646
106109	9.246828673698332	3.146862502795398e-05	0.9831376367601553	1.0072591304848573e-05	0.01644817094437646
106373	9.278417676865782	3.173734598993522e-05	1.0142214419991347	9.931353142164357e-06	0.01644817094437646
106636	9.232818651381224	3.151404947347192e-05	0.9681171664048659	1.0258420661049486e-05	0.01644817094437646
106897	9.276648283389306	3.202876935045972e-05	1.0104307349268848	1.0152522391148151e-05	0.01644817094437646
107161	9.28775755874658	3.186302306930112e-05	1.0195178613434444	9.958160397278296e-06	0.01644817094437646
107422	9.276461132117896	3.1556553039389926e-05	1.0077157669047352	9.881913853412691e-06	0.01644817094437646
107684	9.275706702154967	3.14355115329983e-05	1.0084781836681462	9.798837509274739e-06	0.01644817094437646
107953	9.215436832328166	3.1303094909728556e-05	0.9466914671150037	1.0350613531075991e-05	0.01644817094437646
108217	9.30117130763962	3.2172369404624196e-05	1.0309086255052786	1.0040282208331364e-05	0.01644817094437646
108482	9.269707102916808	3.1686404353178613e-05	0.9999502453450104	1.0040781783964853e-05	0.01644817094437646
108754	9.29821555361578	3.168719265565325e-05	1.0233980976675756	9.811217948175568e-06	0.01644817094437646
109021	9.265293988653983	3.132286377101488e-05	0.9914890707780619	9.895437314781797e-06	0.01644817094437646
109286	9.275597132141014	3.1457014026734635e-05	1.0012859713892384	9.882728408800465e-06	0.01644817094437646
109553	9.277190600920306	3.1436807103776406e-05	0.9978141326278606	9.904378065655519e-06	0.01644817094437646
109820	9.276170110918377	3.147122187913192e-05	0.9947660530702701	9.956489804900763e-06	0.01644817094437646
110092	9.271122621012726	3.1553905946650666e-05	0.9892115347473217	1.0065076533346315e-05	0.01644817094437646
110359	9.280125038161366	3.17255047766719e-05	0.9966925520641283	1.0098476719327104e-05	0.01644817094437646
110633	9.292657818433451	3.177810050856895e-05	1.007196064945973	1.0026326621787183e-05	0.01644817094437646
110908	9.284240829587878	3.166437528483261e-05	0.9982716280845323	1.0043685846331762e-05	0.01644817094437646
111181	9.303231941124595	3.169177471573935e-05	1.0157400806577803	9.888047186075003e-06	0.01644817094437646
111458	9.276574407374897	3.1445265440245536e-05	0.9885748889249333	1.0002324858593332e-05	0.01644817094437646
111731	9.292986270878766	3.16264523122549e-05	1.003463463395283	9.967801742128036e-06	0.01644817094437646
112003	9.287065137193833	3.157182563952873e-05	0.9970344616478155	9.997449562228857e-06	0.01644817094437646
112277	9.300780148031933	3.1618743748335185e-05	1.009225553045955	9.906060674004376e-06	0.01644817094437646
112558	9.28623963540079	3.147389501476482e-05	0.9951930661105249	9.953908453884085e-06	0.01644817094437646
112835	9.291202110773616	3.154981529880022e-05	0.9986313067139393	9.967550973980639e-06	0.01644817094437646
113114	9.292389309167492	3.157142849790082e-05	1.0008347141815137	9.95923785690441e-06	0.01644817094437646
113393	9.284214378920161	3.155826018161396e-05	0.9901188669390397	1.0058628503558843e-05	0.01644817094437646
113675	9.292058642559647	3.171534093078433e-05	0.9979631305785261	1.0079158433165546e-05	0.01644817094437646
113951	9.309706900092634	3.1747690361923253e-05	1.0130691562787304	9.949131676448375e-06	0.01644817094437646
114232	9.2968415698129	3.154224417578492e-05	1.0007123775946867	9.942049183364876e-06	0.01644817094437646
114515	9.295697498225145	3.15310151808737e-05	0.9985511501869179	9.95647461975667e-06	0.01644817094437646
114800	9.290412750785466	3.155388188441585e-05	0.9922490363846302	1.0034249724277074e-05	0.01644817094437646
115085	9.311946117553996	3.1676883881273856e-05	1.0142911126558118	9.892869610188613e-06	0.01644817094437646
115370	9.292748823212339	3.145293247089786e-05	0.9940763466591467	9.951820746400602e-06	0.01644817094437646
115657	9.290633010305875	3.154650653622458e-05	0.9924692959050384	1.0027333628820707e-05	0.01644817094437646
115945	9.310541036370623	3.1665965371074206e-05	1.010850877535504	9.919696219948642e-06	0.01644817094437646
116230	9.291207402639728	3.149554924104141e-05	0.9889721162377434	1.0030309305064372e-05	0.01644817094437646
116518	9.295657339538648	3.167066356277426e-05	0.9939311840338391	1.0091553083541126e-05	0.01644817094437646
116803	9.31254096076048	3.1767204918817025e-05	1.009796490755345	9.993650379981488e-06	0.01644817094437646
117095	9.302329612254871	3.161273537671406e-05	0.9960193806689464	1.0033590283423554e-05	0.01644817094437646
117386	9.30525390848528	3.1675842977612374e-05	0.9979244131210859	1.005445918698664e-05	0.01644817094437646
117668	9.310608287148764	3.170876722136425e-05	1.001749500276413	1.0036899628312577e-05	0.01644817094437646
117959	9.305214915078544	3.168106631461854e-05	0.9953363365580107	1.0083927673153525e-05	0.01644817094437646
118250	9.30542638472189	3.1755200634153656e-05	0.9940177226238445	1.0144615577412076e-05	0.01644817094437646
118547	9.31197960525391	3.18506131454515e-05	0.9980197471088936	1.0164744341782251e-05	0.01644817094437646
118838	9.315402234776482	3.1882196194400174e-05	1.0024630136052854	1.0139769950439852e-05	0.01644817094437646
119132	9.29837571084202	3.184300543359539e-05	0.9839054549113996	1.0305634448741762e-05	0.01644817094437646
119432	9.319375613958446	3.210239001809953e-05	1.0038844038239016	1.0265758098727815e-05	0.01644817094437646
119723	9.327327005350051	3.204022175130474e-05	1.012346298758635	1.0140559718859004e-05	0.01644817094437646
120026	9.328795635819363	3.184424550662019e-05	1.0148357776743453	9.992315941104953e-06	0.01644817094437646
120323	9.316872817855945	3.1610624702945925e-05	1.0039335966847485	9.95316420737606e-06	0.01644817094437646
120620	9.308212529284413	3.154863579836069e-05	0.9962937336709011	9.99019051409975e-06	0.01644817094437646
120923	9.307529111109837	3.1607262637089835e-05	0.9961204490117903	1.0029098914705148e-05	0.01644817094437646
121217	9.303077209781005	3.1668752603639364e-05	0.9896276965534557	1.0134214058108082e-05	0.01644817094437646
121517	9.321705574493462	3.183428035641466e-05	1.0072353185628422	1.0061416504504553e-05	0.01644817094437646
121816	9.324032767982704	3.1719735976997905e-05	1.0075203920868319	9.986315496468305e-06	0.01644817094437646
122126	9.318553994437066	3.1601132094385964e-05	1.0015309563088088	9.971050254176226e-06	0.01644817094437646
122432	9.32702382384051	3.157696985807255e-05	1.0079576076064547	9.892330966035336e-06	0.01644817094437646
122740	9.29681421777852	3.1452076189077464e-05	0.9787696964467733	1.010690359739115e-05	0.01644817094437646
123047	9.339202868627522	3.179135668289598e-05	1.0170702969275787	9.937271423541356e-06	0.01644817094437646
123359	9.329372637408852	3.152343798436547e-05	1.0046833125657264	9.890949017719709e-06	0.01644817094437646
123670	9.2982196461614	3.144987920123019e-05	0.9709722427562696	1.018664446023974e-05	0.01644817094437646
123974	9.353229937746171	3.191652308795515e-05	1.0239351165943005	9.948525346138564e-06	0.01644817094437646
124283	9.318920905902052	3.154128302104808e-05	0.988089964118784	1.0068440837784472e-05	0.01644817094437646
124598	9.348269616888276	3.1730806541568514e-05	1.0159020765566438	9.910837934214108e-06	0.01644817094437646
124916	9.319841288182124	3.1481483342139566e-05	0.9879860004803351	1.003135462384659e-05	0.01644817094437646
125276	10.560988934217008	3.167231381482349e-05	0.6585836634555201	1.5231708863249222e-05	0.01644817094437646
125579	13.301155459312861	3.902782195210133e-05	0.9246099808642355	1.6473658275905807e-05	0.01644817094437646
125882	16.276917257743882	4.058775465076358e-05	0.8186503303090547	2.012294830405396e-05	0.01644817094437646
126182	20.3641387313437	4.4858609323132115e-05	0.8967015068061527	2.2441077829485682e-05	0.01644817094437646
126491	28.510144866994843	4.7372014765561407e-05	0.6989951311452914	3.2104769875458736e-05	0.01644817094437646
127157	45.991991669595706	5.6661071182478306e-05	0.5951110497696024	5.394752775618621e-05	0.01644817094437646
127466	60.1552482541906	7.344898076637021e-05	0.33685701602060647	0.0001601496337926537	0.01644817094437646
127772	67.52198627991653	0.0001265502405342059	1.1748262814967745	0.0001363177146400035	0.01644817094437646
128083	71.95210563659835	0.00011675517746121731	1.115123100180528	0.0001222445437799064	0.01644817094437646
128396	75.78881873828526	0.00011056425452193236	0.7404804077579654	0.00016508815425655857	0.01644817094437646
128720	79.20777384405031	0.00012848663520248268	1.2674565258609523	0.00013025153201559974	0.01644817094437646
129036	80.08135531837061	0.00011412779329138005	4.380888892314129	2.973175883189236e-05	0.01644817094437646
129341	83.80196890994044	5.452683635779025e-05	0.9340015725538067	3.183266463952292e-05	0.01644817094437646
129658	85.99583556802888	5.6420443670289335e-05	1.0180943485891365	3.126691026586707e-05	0.01644817094437646
129971	92.4703069921275	5.591682239350433e-05	1.0505998406915578	2.976100800213868e-05	0.01644817094437646
130286	98.53009810994203	5.45536506589052e-05	0.9338625842369018	3.1868722983968395e-05	0.01644817094437646
130606	101.44467670749965	5.645238966064094e-05	1.0603050113299195	3.0056184440735686e-05	0.01644817094437646
130921	100.30822279256346	5.482352090183162e-05	0.9840541192651835	3.0543223032468323e-05	0.01644817094437646
131237	100.54057740244079	5.5265923526589445e-05	1.0006250398321213	3.0524144226485356e-05	0.01644817094437646
131554	101.04970606025681	5.524865991721913e-05	1.008408325928122	3.0269627334137133e-05	0.01644817094437646
131869	100.48947012196616	5.501784013766547e-05	1.003982902368539	3.0149544641374635e-05	0.01644817094437646
132191	100.38199903652213	5.4908601003280566e-05	0.9726883374930865	3.0996099654159707e-05	0.01644817094437646
132512	101.00371466635356	5.5674140904157383e-05	1.0209490311606928	3.0360085281555117e-05	0.01644817094437646
132839	100.66875405060627	5.509998664387779e-05	0.9997233982637616	3.0368485257304216e-05	0.01644817094437646
133166	100.39258311257491	5.5107608601085394e-05	0.9905227811490385	3.065904776271353e-05	0.01644817094437646
133490	100.73131400186969	5.537061293024805e-05	1.005846830783696	3.048083149879372e-05	0.01644817094437646
133820	100.83593368202743	5.520944801281183e-05	1.0047473382027026	3.033681239038463e-05	0.01644817094437646
134141	100.62043614522483	5.5078863813975526e-05	0.9968840830642677	3.043163483675449e-05	0.01644817094437646
134468	100.49267701574077	5.516487545236959e-05	0.9999303470941341	3.0433754636201314e-05	0.01644817094437646
134792	100.63432574441146	5.516679674967662e-05	0.998042800654891	3.0493436369894586e-05	0.01644817094437646
135119	100.78069495887952	5.5220862334714205e-05	0.9950977424141505	3.064365948204864e-05	0.01644817094437646
135443	100.71518604597296	5.535671547522363e-05	1.0061085859334764	3.045760657495749e-05	0.01644817094437646
135782	100.64384033486957	5.51884105360514e-05	1.0021005554310087	3.039376279145711e-05	0.01644817094437646
136115	100.53489352340691	5.513053853487839e-05	0.9931248896747299	3.06041698354894e-05	0.01644817094437646
136451	100.57182884777144	5.532103563337313e-05	1.0046272235640699	3.0463209753480887e-05	0.01644817094437646
136784	100.68976066019952	5.519348671127861e-05	1.0043501264696755	3.0331264915114908e-05	0.01644817094437646
137122	100.72344640083509	5.50738276453661e-05	0.9979792297490921	3.039268154181994e-05	0.01644817094437646
137459	100.7345557326886	5.5129557899388186e-05	0.9981598521802493	3.044871167221779e-05	0.01644817094437646
137798	100.77038761181268	5.518035127852829e-05	0.9920817695240891	3.0691735910865816e-05	0.01644817094437646
138137	100.8276157132085	5.54001226631005e-05	1.005549683807141	3.052234653852502e-05	0.01644817094437646
138476	100.89019424383673	5.5247032986871814e-05	1.00608551648362	3.0337725808044625e-05	0.01644817094437646
138830	100.94891558193663	5.507969299845872e-05	0.9953968009301827	3.047802221153865e-05	0.01644817094437646
139175	101.04206116672326	5.5206903745400035e-05	1.0080827458639259	3.0233651291610006e-05	0.01644817094437646
139517	101.11693512398143	5.498513552916825e-05	0.9950720640727894	3.0383378634774352e-05	0.01644817094437646
139865	101.17695526688803	5.512111994034079e-05	0.9964382844471742	3.0491982402734662e-05	0.01644817094437646
140213	101.26700824068912	5.52195458173414e-05	0.9984139542418108	3.0540420907768745e-05	0.01644817094437646
140567	101.36723803954162	5.526338833963109e-05	1.0086119406942606	3.0279654320517726e-05	0.01644817094437646
140909	101.4327110638178	5.502695186953183e-05	0.998659217117362	3.0320307269500995e-05	0.01644817094437646
141257	101.51192639427472	5.506387860430919e-05	0.9968353951440325	3.0416563674607503e-05	0.01644817094437646
141608	101.5921910151835	5.5151213653561146e-05	0.9996530810107265	3.0427119420123227e-05	0.01644817094437646
141956	101.66849447447848	5.516078264503073e-05	0.9984201866536582	3.047526464995052e-05	0.01644817094437646
142313	101.72155317189153	5.520440620996708e-05	0.9923434495082335	3.0710400381090704e-05	0.01644817094437646
142670	101.79511484704693	5.5416965255317535e-05	1.0141189062631244	3.0282839804509627e-05	0.01644817094437646
143018	101.83575975692779	5.502984626955596e-05	0.9992342865234276	3.0306045552010414e-05	0.01644817094437646
143378	101.86591267875832	5.5050926924085864e-05	0.9941947794286766	3.04830061262503e-05	0.01644817094437646
143741	101.91073880016715	5.521141741184544e-05	1.0001025765780427	3.0479879604501318e-05	0.01644817094437646
144098	101.90001452299408	5.520858593054283e-05	0.9967930491830964	3.057794155916371e-05	0.01644817094437646
144458	101.91756767833515	5.5297325034004766e-05	0.9995158879062944	3.05927518803287e-05	0.01644817094437646
144821	101.91292736479933	5.5310714947764596e-05	1.0004373261053616	3.057937871972882e-05	0.01644817094437646
145181	101.88302558466579	5.529862450344386e-05	1.002043459226377	3.051701843684254e-05	0.01644817094437646
145541	101.83886838693489	5.5242210705983285e-05	1.0097495034141215	3.0222365382364355e-05	0.01644817094437646
145910	101.77867231149763	5.4974871880127516e-05	0.9958261249599668	3.0349038476550634e-05	0.01644817094437646
146282	101.66784921276856	5.5089961405459916e-05	0.9959277301088216	3.0473133299777183e-05	0.01644817094437646
146669	101.57759773117347	5.520247575949576e-05	1.0016630908993194	3.0422537853938085e-05	0.01644817094437646
147044	101.43621655959413	5.515662956883614e-05	0.9966424242453322	3.0525027947685795e-05	0.01644817094437646
147413	101.29683000971187	5.524945967852156e-05	1.0061982947792882	3.033699033884919e-05	0.01644817094437646
147782	101.11831951614988	5.5079025353440293e-05	0.9982885636641189	3.0388999176250484e-05	0.01644817094437646
148157	100.92950929309985	5.5126218060239245e-05	0.9997441665503574	3.0396775688232808e-05	0.01644817094437646
148529	100.71115555048475	5.5133270978813514e-05	1.003898921129997	3.0278721341803957e-05	0.01644817094437646
148904	100.4786602218208	5.502610411595933e-05	0.994987740981103	3.0431250652342483e-05	0.01644817094437646
149276	100.19489924704843	5.5164527236569774e-05	0.9937224130349454	3.062349228835632e-05	0.01644817094437646
149648	99.98880327254491	5.533849680679474e-05	1.0113219814007761	3.0280655272557116e-05	0.01644817094437646
150029	99.62228937019825	5.502786137272383e-05	0.9879042622904235	3.065140664779846e-05	0.01644817094437646
150407	99.35655391312028	5.5363712527068175e-05	1.0046508724519256	3.0509510804476193e-05	0.01644817094437646
150785	99.01887203297154	5.5235415092561935e-05	0.9997479708478576	3.0517202029029325e-05	0.01644817094437646
151163	98.670624509553	5.524237687593585e-05	1.003801458603005	3.0401631485473476e-05	0.01644817094437646
151556	98.28667865884817	5.513767449346543e-05	1.0053979117314866	3.0238407232332607e-05	0.01644817094437646
151940	97.87512115707443	5.4989460110399886e-05	0.9998154765468503	3.0243987957427522e-05	0.01644817094437646
152336	97.42083423548053	5.499453423516516e-05	1.000995470082293	3.0213910913044528e-05	0.01644817094437646
152720	96.96282518644391	5.496718194799923e-05	0.9918580348439523	3.046193089296095e-05	0.01644817094437646
153107	96.44699779646912	5.519232817426798e-05	0.9986766876555976	3.0502294956409374e-05	0.01644817094437646
153503	95.98829775341207	5.522888280275944e-05	1.0059381927530948	3.0322235676258984e-05	0.01644817094437646
153899	95.43831750351028	5.5065629639784364e-05	1.0043306251344462	3.0191487660948162e-05	0.01644817094437646
154292	94.88291465548483	5.494678121687217e-05	0.9893398442044469	3.0516801519528307e-05	0.01644817094437646
154688	94.31241060877534	5.524201437269309e-05	1.0075840176477129	3.0287103591393066e-05	0.01644817094437646
155087	93.68023703279454	5.5033720200794225e-05	0.9947622570138922	3.0446574925660952e-05	0.01644817094437646
155489	93.04092127139204	5.5178415096540195e-05	0.9995845263241282	3.0459229933885806e-05	0.01644817094437646
155888	92.3937157947261	5.5189881259054916e-05	1.0108562565053116	3.013210803995826e-05	0.01644817094437646
156284	91.6919084928951	5.489272086530076e-05	0.9924123018501284	3.0362489444945163e-05	0.01644817094437646
156695	90.93518885891295	5.51021682376884e-05	0.9947001654496875	3.052426298855473e-05	0.01644817094437646
157109	90.1721974114523	5.524876739670735e-05	1.0078735143496393	3.02858072505769e-05	0.01644817094437646
157517	89.35802394463818	5.5032542418624364e-05	0.9953732191205271	3.042658438945771e-05	0.01644817094437646
157931	88.52799591735854	5.51602976691186e-05	1.0049066105906934	3.027802192640835e-05	0.01644817094437646
158345	87.64201125560162	5.502546858174708e-05	1.0005575446149688	3.0261149985191344e-05	0.01644817094437646
158762	86.73398593948005	5.501013541629519e-05	1.0010392527485075	3.022973365140747e-05	0.01644817094437646
159176	85.74924135128758	5.498157295986308e-05	0.9947851283344566	3.0388204236647913e-05	0.01644817094437646
159605	84.79429466404024	5.512549703780267e-05	1.0082565621055868	3.013935676568956e-05	0.01644817094437646
160034	83.80684312512389	5.48993230975479e-05	1.0029157709052705	3.0051732797545515e-05	0.01644817094437646
160460	82.75134836585993	5.481946077584631e-05	0.9941242201378109	3.022935382600334e-05	0.01644817094437646
160889	81.71301613374749	5.498122754723046e-05	0.9988276774837097	3.0264833972320876e-05	0.01644817094437646
161321	80.65588535522076	5.501348377654416e-05	1.0005350557245023	3.024864925937618e-05	0.01644817094437646
161786	79.51317744433037	5.49987720402703e-05	1.0138078605886796	2.9836668697569522e-05	0.01644817094437646
162224	78.40181781818653	5.462295185869171e-05	0.9909977100914656	3.0107707004505293e-05	0.01644817094437646
162671	77.28315398749494	5.487049025159633e-05	1.0059877151873613	2.9928503648673123e-05	0.01644817094437646
163127	76.1382581799918	5.470694987720767e-05	1.0036588006108775	2.9819400408243444e-05	0.01644817094437646
163589	74.96539644391574	5.4607142763784526e-05	0.9976629483872208	2.9889253135488504e-05	0.01644817094437646
164057	73.75863884026998	5.4671064682781245e-05	1.0006958610011427	2.986846883286387e-05	0.01644817094437646
164528	72.60018549102267	5.4652052873486715e-05	1.008186040956595	2.9625949596092245e-05	0.01644817094437646
165002	71.36157749350754	5.442972496356402e-05	1.0004653061269624	2.9612170871553052e-05	0.01644817094437646
165479	70.1728242591387	5.441706613880709e-05	1.002201348409146	2.9547127349766807e-05	0.01644817094437646
165953	68.95845139961197	5.435726938484567e-05	1.00227518360647	2.9480054812339928e-05	0.01644817094437646
166439	67.69370484623612	5.4295538317931736e-05	0.999072258146726	2.9507430090217188e-05	0.01644817094437646
166928	66.47574730218376	5.432074197782757e-05	1.0043949626033712	2.9378313501030043e-05	0.01644817094437646
167417	65.20484283433544	5.420176519360789e-05	0.9928941445646217	2.9588565570514326e-05	0.01644817094437646
167912	63.94683363117039	5.439537257020521e-05	1.0062522328510948	2.9404720411579792e-05	0.01644817094437646
168404	62.67188365822382	5.422611954729915e-05	1.003881525994213	2.9291026530703678e-05	0.01644817094437646
168896	61.405045579705494	5.412118488235792e-05	1.009227988770078	2.9023200760018503e-05	0.01644817094437646
169394	60.086399248583525	5.387318512954149e-05	0.9978291418012024	2.9086343086380607e-05	0.01644817094437646
169889	58.80116330095316	5.393175603147056e-05	1.0048895435266298	2.8944816147954882e-05	0.01644817094437646
170363	57.54896154161409	5.380038675321478e-05	1.0070520381995791	2.874212558042463e-05	0.01644817094437646
170858	56.22261046453728	5.361168303683874e-05	0.992904296539173	2.8947528659717774e-05	0.01644817094437646
171362	54.897363244187744	5.380290759774771e-05	1.0102144269176812	2.8654835932249674e-05	0.01644817094437646
171851	53.56922749799107	5.353021196693477e-05	1.00985952047113	2.8375071335547067e-05	0.01644817094437646
172361	52.16570363608909	5.326825634047642e-05	1.001444598184374	2.8334139888508322e-05	0.01644817094437646
172871	50.76542331012754	5.322982236351003e-05	1.0117932054838341	2.8003884326302713e-05	0.01644817094437646
173384	49.29898951297964	5.291869643736768e-05	1.0051660606396393	2.7859958093374526e-05	0.01644817094437646
173891	47.85461226552575	5.2782533184164745e-05	1.0015820394640498	2.781595215932835e-05	0.01644817094437646
174401	46.38025571683043	5.274083063370196e-05	1.0101064914952957	2.7537643202501772e-05	0.01644817094437646
174917	44.85898132123907	5.2476321519807174e-05	1.0102030913611606	2.7259511912002965e-05	0.01644817094437646
175421	43.32996715422057	5.221064250897796e-05	1.009440819361498	2.700456667607857e-05	0.01644817094437646
175937	41.72941794746509	5.196591832737931e-05	1.0193472456125316	2.6492019076238703e-05	0.01644817094437646
176444	40.08978036758959	5.1470398362785874e-05	1.0126769649100267	2.616038479614518e-05	0.01644817094437646
176954	38.411825404483274	5.1147223576793665e-05	1.0147280165049883	2.5780686421026377e-05	0.01644817094437646
177467	36.647854156388696	5.077468505173259e-05	1.0096602472555514	2.55340214602914e-05	0.01644817094437646
177980	34.819935366975535	5.0531199728772917e-05	1.0194474136423057	2.5046923577021834e-05	0.01644817094437646
178496	32.893609142789124	5.00469015794403e-05	1.0320991926719922	2.4267942223826457e-05	0.01644817094437646
179018	30.790851668966905	4.9262503208653996e-05	1.0206401850243723	2.377717689338966e-05	0.01644817094437646
179543	28.579649153956023	4.8761846656366146e-05	1.0460232974683081	2.2731020380652708e-05	0.01644817094437646
180059	26.229706772572843	4.7677059872283134e-05	1.0473301132623924	2.1703778104733822e-05	0.01644817094437646
180593	23.526235870935785	4.6587313836208485e-05	1.074797318884831	2.0193368296873726e-05	0.01644817094437646
181121	20.542750236855678	4.493703182996594e-05	1.0901824889391594	1.8522924833000753e-05	0.01644817094437646
181637	17.29432154685244	4.303826766146699e-05	1.165171219978517	1.589716988833819e-05	0.01644817094437646
182186	13.531312738878421	3.98712551700322e-05	1.2987349752425754	1.2240503406300387e-05	0.01644817094437646
182714	10.160025196307831	3.4986430807243523e-05	1.4390647810831156	8.50587379192724e-06	0.01644817094437646
183042	8.514785858708985	2.9164831204598532e-05	1.065716788367028	7.981364171770802e-06	0.01644817094437646
183418	7.939121205290974	2.825130823832907e-05	1.056664735740307	7.55335529029366e-06	0.01644817094437646
183695	7.703547985269179	2.7483368225699085e-05	0.957679988984791	7.887139104055788e-06	0.01644817094437646
184088	7.676247172551976	2.8084050819025004e-05	0.9770802865160153	8.072150480263028e-06	0.01644817094437646
184511	7.689876057685545	2.8411530195086337e-05	1.0047485774536644	8.034000407067297e-06	0.01644817094437646
184961	7.659509904502086	2.8344312316701735e-05	0.9789340543796013	8.206886226017377e-06	0.01644817094437646
185459	7.680257555146833	2.864766347543439e-05	1.0003814702401022	8.203756736965187e-06	0.01644817094437646
186005	7.705376745449018	2.8642200922703525e-05	1.022700822986703	8.021658487578876e-06	0.01644817094437646
186566	7.682362714591564	2.8322532527263298e-05	1.0038857719584393	7.990608803957598e-06	0.01644817094437646
187145	7.669147624669159	2.8267664926480218e-05	0.9927684255222545	8.048814404783339e-06	0.01644817094437646
187676	7.683804330602439	2.8370432504252276e-05	1.0102203135621795	7.967385229467505e-06	0.01644817094437646
188243	7.658745010231887	2.822655705088296e-05	0.9862086537774558	8.078802795889272e-06	0.01644817094437646
188639	7.670519404483086	2.8423234854409648e-05	0.998332203685027	8.092299102512104e-06	0.01644817094437646
189221	7.689231727961472	2.8446966626535252e-05	1.0166953715070401	7.959413733257138e-06	0.01644817094437646
189830	7.676395878942718	2.821243295651252e-05	1.0021132601255518	7.942628892326929e-06	0.01644817094437646
190478	7.658046030296584	2.818267001603455e-05	0.9837634114794176	8.073718538060413e-06	0.01644817094437646
191126	7.676114436986405	2.8414289605866292e-05	0.9990361192921625	8.08150814785436e-06	0.01644817094437646
191777	7.675152930630295	2.8427993506145243e-05	0.9987737314833912	8.091430414225658e-06	0.01644817094437646
192428	7.676545310890528	2.844543972981549e-05	1.0033105463189158	8.06473174623013e-06	0.01644817094437646
193121	7.675255267603644	2.8398471343067273e-05	0.9950293162655481	8.105019233501518e-06	0.01644817094437646
193832	7.692318852316124	2.8469315470347224e-05	1.0071913720842431	8.047149189462677e-06	0.01644817094437646
194588	7.676865009115424	2.8367497579911198e-05	0.9903359258394357	8.125676328102198e-06	0.01644817094437646
195338	7.695747048074764	2.8505571960762683e-05	1.009918831152608	8.045870695200784e-06	0.01644817094437646
196091	7.689968796998383	2.8365244041257224e-05	1.0016869803531454	8.03232032861624e-06	0.01644817094437646
196883	7.687695456478786	2.834134846583034e-05	0.9976600953783337	8.051159273409862e-06	0.01644817094437646
197663	7.710689283129925	2.8374564795622607e-05	1.017846562613256	7.909993086520842e-06	0.01644817094437646
198491	7.667095327064947	2.8124709930096776e-05	0.9753056099309437	8.110271289304801e-06	0.01644817094437646
199295	7.7017599520501285	2.8478538040610167e-05	1.009619266276675	8.032999725940526e-06	0.01644817094437646
200096	7.694999384139157	2.8342547037873158e-05	1.0028586983657035	8.010101262552149e-06	0.01644817094437646
200897	7.672638472038797	2.8302122292422077e-05	0.9819014659419004	8.1577444788397e-06	0.01644817094437646
201677	7.694509054884481	2.856176548961864e-05	1.0006130385330858	8.152746531065677e-06	0.01644817094437646
202437	7.7084080166083035	2.855301478139511e-05	1.0141608366375898	8.038908856011228e-06	0.01644817094437646
203216	7.672936302325075	2.835296960815785e-05	0.981497521347689	8.19045252908336e-06	0.01644817094437646
203895	7.709638226551078	2.8618966663881068e-05	1.0153910465803646	8.066303673512955e-06	0.01644817094437646
204488	7.6969206661784035	2.840123883479901e-05	1.0009171803752692	8.058912197399481e-06	0.01644817094437646
205070	7.693231317709847	2.838822325789249e-05	0.9940644316738854	8.10703203999487e-06	0.01644817094437646
205706	7.711285168074808	2.8472850296369825e-05	1.0114149460873256	8.015535138527518e-06	0.01644817094437646
206279	7.690567437338666	2.8311720432583243e-05	0.9906972153511852	8.090802128363856e-06	0.01644817094437646
206762	7.701760222922494	2.844433533827756e-05	1.0039996180319528	8.058570922789296e-06	0.01644817094437646
207302	7.682973618706161	2.8387622166693176e-05	0.9806406946095885	8.217659094799821e-06	0.01644817094437646
207746	7.713804494220546	2.8666459660725145e-05	1.0104156374212456	8.132949244305737e-06	0.01644817094437646
208209	7.7096483995263165	2.8518326115509895e-05	1.004851175852364	8.093685353362871e-06	0.01644817094437646
208685	7.709679940386062	2.8449403075219118e-05	1.0027691874469462	8.071334315695739e-06	0.01644817094437646
209143	7.713848275675474	2.8410093832466903e-05	1.0076421630608057	8.010119675002799e-06	0.01644817094437646
209593	7.699185848145121	2.8302154820795535e-05	0.992275095206005	8.072478805224703e-06	0.01644817094437646
209979	7.702147406761523	2.841210799153189e-05	0.9959412941468545	8.105376142817502e-06	0.01644817094437646
210393	7.707968568077884	2.8469942295019676e-05	0.9989431103682322	8.113951694235805e-06	0.01644817094437646
210802	7.719723532453624	2.8484999024461634e-05	1.0103455096034384	8.030868269430461e-06	0.01644817094437646
211189	7.7033813199339445	2.8338786617338543e-05	0.9929454055619826	8.087925302283048e-06	0.01644817094437646
211612	7.716930064566708	2.8439277948434356e-05	1.0026126964658324	8.066849074216437e-06	0.01644817094437646
211996	7.717771166416101	2.840219898919173e-05	1.0048656940656544	8.027788312265118e-06	0.01644817094437646
212373	7.7153050845619555	2.833335192359901e-05	0.9999284509301678	8.028362734151022e-06	0.01644817094437646
212748	7.706546116003691	2.8334365590482207e-05	0.990816328370276	8.102775967929707e-06	0.01644817094437646
213131	7.736451303041335	2.8465375402284277e-05	1.0203683286539817	7.94103044987537e-06	0.01644817094437646
213501	7.695040775494856	2.8179834012774755e-05	0.9768379925623626	8.129321863336928e-06	0.01644817094437646
213844	7.717592245370498	2.8511965669411373e-05	0.9990360463063822	8.13716571428279e-06	0.01644817094437646
214230	7.720385355817811	2.8525717719774887e-05	1.0035959096497198	8.108010042730112e-06	0.01644817094437646
214586	7.71933267503109	2.847456767490968e-05	1.0096020543596613	8.030896933814785e-06	0.01644817094437646
214948	7.690242861786599	2.8338837191767034e-05	0.9808648389364127	8.187567353849668e-06	0.01644817094437646
215309	7.723008234364936	2.8613925550070313e-05	1.014687808910077	8.06905067938513e-06	0.01644817094437646
215650	7.70479479645067	2.84060744901247e-05	0.99647437099581	8.097599812147161e-06	0.01644817094437646
215986	7.724689533735592	2.8456281928859154e-05	1.0174264116568552	7.958904663149454e-06	0.01644817094437646
216331	7.692921339576689	2.8211530733282543e-05	0.9831907189052606	8.094975379762885e-06	0.01644817094437646
