时间秒	晶中温度K	设定电流	电压差V	κ	时间常数
1165	5.104974154873595	5e-05	0.06003777965690604	0.0005646329988171144	2
1247	3.003248373392946	2.0055895935704e-05	0.021433614267032386	0.0003026904910002256	2
1330	2.5904345367444357	1.346414365620727e-05	0.013328449552447275	0.00023788545999987995	2
1673	2.477803845495986	1.1462340222436413e-05	0.010877482984829268	0.0002181174963254268	2
1756	2.4659568696250127	1.120431828346611e-05	0.010609813968903925	0.00021459848842644055	2
1838	2.459761432759117	1.1089396238704322e-05	0.010430435055391207	0.00021426601355547107	2
2182	2.4558770333914595	1.1069628314744383e-05	0.010648248715327657	0.00020924945612529316	2
2264	2.4715594339622085	1.1343896844652806e-05	0.010907700155315947	0.00021348901581504166	2
2346	2.479276029903245	1.1485872636657156e-05	0.010992025698358443	0.0002166533241873577	2
2690	2.484842769137688	1.1584931008269992e-05	0.011107747867810769	0.00021773279372015608	2
2773	2.512000396597342	1.2057041133951827e-05	0.01179279064325689	0.000220381965987442	2
2855	2.5192143767970436	1.2178470421158928e-05	0.011751700051519265	0.00022516720969417903	2
3146	2.583757686158471	1.2322609726812329e-05	0.01156449575284002	0.0002330006110648594	2
3228	2.621113661731734	1.3037418760571013e-05	0.012317047661396074	0.0002422184204411781	2
3311	2.638604337815191	1.3365665132354277e-05	0.012778992801660394	0.00024419280185414743	2
3602	2.726919601177732	1.3452237770021251e-05	0.011983492257280126	0.0002622594436932748	2
3684	2.78191541789439	1.4502640485374277e-05	0.013485479090629582	0.0002670346667518054	2
3767	2.794395036967657	1.4738664639823984e-05	0.013566330947532457	0.00027330928466616955	2
4058	2.8924494419218734	1.4933829182994394e-05	0.01322253229131265	0.000285938881456897	2
4141	2.9429943936418157	1.58982778075148e-05	0.014398179473461337	0.00029414386305853243	2
4223	2.960029529299514	1.6219315078101584e-05	0.014607272778332625	0.00030062516081548463	2
4514	3.062560007837882	1.642797983642976e-05	0.014155558366250709	0.00031620031075206713	2
4596	3.1206735614061016	1.7532702084624752e-05	0.015498531373871582	0.00032505025004069606	2
4679	3.139400111153381	1.7882645798286537e-05	0.015743841868231634	0.0003316757431653984	2
4970	3.245659868908671	1.8096917629543875e-05	0.015334514453743786	0.00034663043774428424	2
5053	3.3063716987404725	1.9248184105247946e-05	0.016769293292300258	0.0003546228136573591	2
5136	3.3240662511018035	1.9577289030457668e-05	0.017205324698162272	0.00035645693371452904	2
5427	3.4280878314137557	1.9658088458804565e-05	0.016530925377705508	0.00037239306698659216	2
5509	3.4928375434454964	2.0888384134203257e-05	0.01823022311451883	0.000377206602850426	2
5592	3.5056159079628975	2.1135912228149878e-05	0.018536030882859045	0.0003791199279824287	2
5883	3.6137207395161037	2.1209223457612257e-05	0.017514723563889945	0.00040223273712902105	2
5965	3.6925102648111006	2.27105285440688e-05	0.01900417646105712	0.0004200654269563104	2
6048	3.726915105675272	2.334569632596257e-05	0.02021527899323905	0.0004154231408342932	2
6339	3.831304007963828	2.3268644251360452e-05	0.01936737791931442	0.00042946923099684473	2
6422	3.89995134908936	2.4577163469422296e-05	0.020787067170128903	0.00044228752758708825	2
6504	3.925813189018384	2.5057125040463756e-05	0.021262619953473116	0.0004479642347269781	2
6796	4.049564309454324	2.5259162314594965e-05	0.02071659027125916	0.00046499727414408523	2
6878	4.128927963782594	2.6757644006731777e-05	0.022108229601120577	0.00048434616820767427	2
6961	4.16491612640522	2.7438410831298133e-05	0.023351408374761018	0.00048010775798851333	2
7252	4.280227372455237	2.7377291559381593e-05	0.022421700503420627	0.0004964308005612429	2
7335	4.361646519029463	2.891586895664034e-05	0.024070093487978728	0.0005113569743466847	2
7417	4.39155437906048	2.9476600796343306e-05	0.024345160096405305	0.000523717293374584	2
7709	4.536653782548166	2.9877972471718802e-05	0.02455679145069256	0.0005306204157129709	2
7791	4.611259421427947	3.1277881253984485e-05	0.02619646593182967	0.000541206546106317	2
7874	4.633661119008482	3.1702096830434366e-05	0.026641339151940446	0.000545498925955511	2
8165	4.772545272616283	3.186265617895098e-05	0.025924445806885466	0.0005641083276602722	2
8248	4.868428017233319	3.367373002650562e-05	0.02914982034300939	0.0005555457508531575	2
8330	4.862545167082297	3.356118397355439e-05	0.029071728097463723	0.0005536584363905114	2
8622	4.996233123021838	3.349390918696489e-05	0.028845931884044607	0.0005541695395102366	2
8704	5.065527600853959	3.48080356413588e-05	0.030195174920420342	0.0005685807377981325	2
8787	5.094536912279796	3.535629130090733e-05	0.03132727630283805	0.0005640537069636859	2
9078	5.235148061049545	3.525829831691263e-05	0.031167604282127392	0.000562315685955968	2
9161	5.3027176901488815	3.65643262202574e-05	0.032797536104365754	0.0005715173192639939	2
9243	5.324007147415609	3.696450571240094e-05	0.03373823922865604	0.000566943193170964	2
9535	5.471943516051423	3.684441235195062e-05	0.03374387514919519	0.0005617001304162465	2
9617	5.536658096120824	3.809027150789214e-05	0.03621330776576581	0.0005568021341994084	2
9700	5.532767403853226	3.8011926642397606e-05	0.03564968141333136	0.0005634229583208499	2
9991	5.708208580286992	3.82324357932794e-05	0.03582756812645371	0.000564855021468028	2
10074	5.788348822643061	3.9788282137449436e-05	0.03869177356018305	0.0005634257889757763	2
10156	5.791344236608428	3.984536012540841e-05	0.038727387492961896	0.0005644259725885352	2
10448	5.966932152198164	3.988416847840392e-05	0.04077268296383352	0.0005352508336976942	2
10530	5.990930502621889	4.0358940583073825e-05	0.041525352034030405	0.0005373369820809428	2
10613	5.996909952895534	4.046755416013303e-05	0.04075419812471104	0.0005503041879661065	2
10904	6.206623893776637	4.095855636198535e-05	0.042187967313950026	0.0005418831895163078	2
10986	6.2714002414012056	4.226356963899812e-05	0.04480642388886302	0.0005409789910393271	2
11069	6.274259623126874	4.231670740869246e-05	0.044642730589163904	0.000544291836126932	2
11413	6.477626833649888	4.2447520642694764e-05	0.04536410143268732	0.0005369207180443549	2
11495	6.545614004609147	4.381309981013733e-05	0.04813450770228922	0.000536877981463368	2
11578	6.549842744270423	4.390192089400641e-05	0.04885516613242302	0.000530988288807741	2
11921	6.747477488923334	4.366526345193825e-05	0.04793476584242917	0.0005339574523375442	2
12004	6.835430240158802	4.5478964013579196e-05	0.052434967288991885	0.0005268591170232446	2
12086	6.826218151013261	4.528974191772953e-05	0.05159148549371828	0.0005313014004620828	2
12430	7.055903117330681	4.5468498510167464e-05	0.05145495522981225	0.0005347889786775139	2
12512	7.1497346890114954	4.741205377519863e-05	0.05662902530233893	0.0005257091608172237	2
12595	7.135722137566201	4.712604382082092e-05	0.05601030593559653	0.0005255611062869649	2
12939	7.368814481724601	4.709976801645467e-05	0.056424681014834555	0.0005192932874891264	2
13021	7.4426439958766135	4.864833083433374e-05	0.06020411458342512	0.000517295567112192	2
13104	7.442350371070987	4.864504271443347e-05	0.05950746593414369	0.0005233157534654395	2
13447	7.7041965057386115	4.892564871852238e-05	0.061133618303711224	0.0005131076318855656	2
13530	7.771815314999329	5.035843774156523e-05	0.06362246967320306	0.0005206630942396885	2
13613	7.793527959024596	5.080923935297042e-05	0.06604708801689885	0.0005100583945496534	2
13957	8.032470906277592	5.031431476513074e-05	0.06374476606569957	0.0005168584834392326	2
14039	8.140307186591075	5.2606205506446025e-05	0.0706048473378269	0.0005077718182520346	2
14122	8.123747333217882	5.226216523459741e-05	0.0683917095121993	0.0005176941539166889	2
14466	8.425429464521546	5.27537515473588e-05	0.07174753206173001	0.000500483364707545	2
14548	8.479689890883412	5.392740483252117e-05	0.07451211422216364	0.0005024851969330608	2
14631	8.487619611086547	5.409482658374668e-05	0.07557904403928006	0.0004982535616603297	2
14975	8.772991164702198	5.387840004952852e-05	0.07484928388581302	0.0004974993868136231	2
15057	8.867046129471643	5.593356429424821e-05	0.07874058930329753	0.0005077694638770675	2
15140	8.899291222763356	5.661412428044536e-05	0.08184928291836613	0.0004998251840929065	2
15484	9.192564792817858	5.620422759400369e-05	0.08225623448380226	0.0004887205717542519	2
15566	9.263075367383095	5.7733538331344486e-05	0.08692079986959911	0.00048675008303990973	2
15649	9.261125679688163	5.76912463569983e-05	0.08618550881864895	0.0004902390613060898	2
15992	9.601852563489407	5.789437903389267e-05	0.08869786513915834	0.0004777320607330131	2
16075	9.670088115511748	5.940395966091201e-05	0.09113446197294373	0.0004883743980590749	2
16157	9.703644248572674	6.0132554750266563e-05	0.09493204508860131	0.00047985103722740047	2
16553	10.032670672782121	5.9640162051160825e-05	0.09605791337361858	0.0004651289973705031	2
16636	10.094745025827752	6.099578048529405e-05	0.09903400219823766	0.00047097217496992473	2
16719	10.115112190266068	6.143773266097891e-05	0.09906758280454575	0.00047733498591395225	2
17115	10.505995361400263	6.187239804739266e-05	0.10327255072794372	0.0004623418748999777	2
17197	10.570409252691007	6.330296080234706e-05	0.10838026506931442	0.0004602416798045077	2
17280	10.567776751860961	6.322203128427279e-05	0.10859484412295295	0.0004582136438636821	2
17676	10.957598728980088	6.307879213994829e-05	0.10996214725191855	0.0004488261941661451	2
17758	11.037067235858323	6.4874386452525e-05	0.11827409772238795	0.00044033618924138574	2
17841	11.013129930250745	6.433390930962485e-05	0.11320536138456383	0.0004527237272669192	2
18289	11.4709846910213	6.521056237326897e-05	0.11911598365715648	0.00043989050204231296	2
18372	11.544194326314997	6.683999363986779e-05	0.12292873354877365	0.00044697445713037413	2
18454	11.57192100862232	6.743931824286114e-05	0.1261876879920507	0.0004429444204034895	2
18903	12.00337484298542	6.715960833060128e-05	0.1265567110693091	0.00043646511228040056	2
18985	12.098269396640902	6.927252436991481e-05	0.13257169647099332	0.0004422149878704646	2
19068	12.120108285869453	6.98121569813862e-05	0.1397288949569706	0.00042586353429438116	2
19516	12.536007059875804	6.85304200409565e-05	0.1356199711962045	0.00042175628768371416	2
19599	12.637008644753482	7.082865478230622e-05	0.1457841034302021	0.0004181354675867542	2
19681	12.627962036840254	7.060595507819599e-05	0.1438366585677855	0.0004212181933580515	2
20130	13.139441597854095	7.085882769240137e-05	0.14377094207141106	0.000422671477865987	2
20212	13.270219996101307	7.377985573662326e-05	0.15759273505791782	0.0004168689172628981	2
20295	13.252065454083416	7.337516709406879e-05	0.1571442749162273	0.0004136682958615274	2
20796	13.764828523989998	7.307674918308199e-05	0.16053015981020025	0.00040017395571864125	2
20878	13.839311514346825	7.469168772179686e-05	0.16486147007527308	0.00040647224298374414	2
20961	13.86692712933494	7.533279154384328e-05	0.1681560949397518	0.0004051383555485952	2
21461	14.422430355801936	7.523139703543354e-05	0.17142034256381677	0.0003948512095971094	2
21544	14.511981418742705	7.718471305349667e-05	0.17976021669025677	0.0003956669654091664	2
21627	14.517477780795335	7.732997131214547e-05	0.18128610134939827	0.0003937893297163735	2
22180	15.099847527654104	7.714875837884852e-05	0.18356250358470838	0.00038564394755503755	2
22262	15.199771626024791	7.934001453489157e-05	0.18731619620385764	0.0003990165728208207	2
22345	15.266464872001206	8.077183167638026e-05	0.1997340491729993	0.0003873866046218511	2
22898	15.847305025522221	7.96322889417947e-05	0.1934245453214043	0.0003876471335335268	2
22981	15.985389191490034	8.275241981160167e-05	0.21339628002135314	0.00037858154801727426	2
23064	15.946010822295396	8.187184455757168e-05	0.21128883616487393	0.00037451047427892943	2
23617	16.589326365788708	8.140359685533735e-05	0.2061822982477608	0.00037806717381290585	2
23700	16.751961335353823	8.498791525742236e-05	0.2291133900239597	0.0003699682192023135	2
23782	16.713130335038695	8.417269065852028e-05	0.22645114807992428	0.0003673667250261746	2
24387	17.406801197795332	8.385389032365924e-05	0.2242590514860261	0.0003668105791222831	2
24470	17.555392209698336	8.707219033083731e-05	0.2463541534367959	0.00035930969240871894	2
24552	17.516264692830973	8.626423372170536e-05	0.24276072985247765	0.0003580657584824731	2
25209	18.259931558252447	8.609398204650502e-05	0.24455410800854338	0.0003527453956517074	2
25292	18.381249845828172	8.879909348782118e-05	0.25536986848987553	0.0003588063974871554	2
25374	18.42395655275518	8.962866421845605e-05	0.25853814396575814	0.00036087586847253854	2
26084	19.230035316957313	8.990996502213414e-05	0.2688886310400349	0.00034782238034614473	2
26166	19.31375957628924	9.173536664533305e-05	0.27761145793472153	0.0003503767768022667	2
26249	19.336146413951823	9.211562434488185e-05	0.27982961011018403	0.0003504140006836026	2
26958	20.16908537543032	9.213012464873144e-05	0.28720417527595643	0.0003402627347611265	2
27040	20.27997846962709	9.434381867462184e-05	0.2845682009942543	0.0003596942869002904	2
27123	20.421723674250956	9.705712740518206e-05	0.32457560926236795	0.00033329471668780647	2
27885	21.121386843571738	9.349247558214298e-05	0.29275292911060546	0.0003422820507429788	2
27968	21.370291673029847	9.836150747911943e-05	0.32683002480554535	0.0003385419803987427	2
28050	21.34411096252078	9.794073156209283e-05	0.3194970146366103	0.00034343904853035407	2
28864	22.322858324203672	9.86345533740596e-05	0.33582317519345395	0.00033011345926518045	2
28946	22.414185291953842	0.0001004997232752302	0.3450611366564189	0.00033327350166395255	2
29029	22.44221666319707	0.00010102013788455999	0.3457010676936534	0.000336024825082506	2
29947	23.45175902692126	0.00010144921989748643	0.35291075443274167	0.0003307947118453088	2
30030	23.628291233502942	0.00010459221369240775	0.37193494410481875	0.00033316064868927313	2
30112	23.65306328002822	0.00010503860684252364	0.37355003843758894	0.00033450548242849144	2
31083	24.704493942503618	0.000105258614660931	0.38551552045128545	0.00032439060066006734	2
31165	24.842511006830122	0.00010769902713893338	0.40288675272253016	0.0003246433512942451	2
31248	24.842029324186566	0.00010779418923840692	0.40141418264725104	0.0003263750121088443	2
33368	25.970087721768607	0.00010808714806104115	0.390019595646951	0.00033664628599030486	2
33450	26.325734883722966	0.0001140506808559159	0.4431178153128812	0.00032914181612072165	2
33533	26.252588750076924	0.00011290295660362887	0.4409848014795976	0.0003242483707391038	2
34712	27.361034704766567	0.00011203676035760135	0.420653181119512	0.0003338504203282159	2
34795	27.739210034333773	0.00011807486727575475	0.4809240134129844	0.00032360438132444453	2
34878	27.636700235945543	0.00011637997169409306	0.46708416564665356	0.0003239050117805881	2
36162	28.86220899417037	0.00011639643726654307	0.4586303993044467	0.00032902941669604095	2
36245	29.218955454948603	0.0001218594617119189	0.5110327521956997	0.0003230430497194481	2
36327	29.146878913053765	0.00012086091412519484	0.5006823487476844	0.00032445254547747805	2
37716	30.472263138568493	0.00012110322846815728	0.4864150044389248	0.0003343666949215247	2
37799	30.921133724471304	0.00012770126536694234	0.5465449108079525	0.00033019789438700235	2
37881	30.86982277835668	0.00012703553894341418	0.5411269004742927	0.00033011762743846896	2
39375	32.235410765564325	0.00012700436091977348	0.5545770522939648	0.00032111176032508323	2
39458	32.460634178807716	0.0001300985994824853	0.5649076270097986	0.00033049619131176445	2
39541	32.597211426261126	0.0001320440503912635	0.5913073717925243	0.0003250541331134702	2
41139	33.96272758880487	0.00013099270982116205	0.5728555943634781	0.000329510225753704	2
41222	34.409636710443834	0.0001369466638202292	0.612931979340221	0.000336057180866644	2
41304	34.53054183211516	0.00013841151619351254	0.6592805339475163	0.0003190162136321789	2
