时间秒	晶中温度K	设定电流	电压差V	κ	时间常数
2624	5.047052490662011	5e-05	0.009005809736726933	0.003904611875331496	2
2707	5.185416054501655	5.178369011165044e-05	0.011227276464402358	0.003339537260320493	2
2789	4.8944344953131775	4.803304964016882e-05	0.007946511081420748	0.004111756595341596	2
3080	5.282127962084721	5.2958574782239935e-05	0.011488745654256505	0.0034006456506583712	2
3163	5.079028450751656	5.037050793094821e-05	0.009850823898079675	0.003618099653930051	2
3245	5.18544616453898	5.173880591818205e-05	0.010562600132532962	0.003544378178847228	2
3536	5.1641057020100885	5.132244413638261e-05	0.010543462405514958	0.0034981038972543696	2
3619	5.281620272313927	5.285475047107037e-05	0.01146314929847958	0.0033956118312688612	2
3701	5.231300321523145	5.2203590652885015e-05	0.010707115432745162	0.0035537790341640817	2
3992	5.333827021787123	5.334975830549798e-05	0.01253563575431027	0.0031587241149192	2
4075	5.250343847141661	5.226603698372025e-05	0.010730855488465973	0.0035537471509198204	2
4157	5.487380691090932	5.5342999778785815e-05	0.014086057707611399	0.0030065058142380164	2
4449	5.1978865205373275	5.114795347256555e-05	0.010858347979271876	0.0033740155559829435	2
4531	5.550027191218488	5.584684657095869e-05	0.015137686536629946	0.0028443131836351516	2
4613	5.234544732744633	5.164415467773649e-05	0.010972481308036297	0.0033982594731335803	2
4905	5.602300464712249	5.609459542228622e-05	0.015816458645333764	0.0027430606481495972	2
4987	5.345270027421011	5.2639364919348085e-05	0.011985005857440889	0.003220918695156919	2
5070	5.651384902440143	5.674606637070921e-05	0.016479346505423376	0.0026894932929361166	2
5361	5.3547250736441825	5.21687000333973e-05	0.012277529830326817	0.003091282442812154	2
5443	5.7587362612710615	5.763558905997876e-05	0.0181064974267926	0.0025178398163793205	2
5526	5.37352284237378	5.24336067881911e-05	0.012195602576402287	0.0031407807067153188	2
5817	5.838555739668565	5.8122504727397684e-05	0.01926338846229214	0.0024023247831003974	2
5899	5.474628589364528	5.317483791465992e-05	0.013249882294561033	0.0029647946791499374	2
5982	5.878591272680506	5.865814965974949e-05	0.019489210338518248	0.0024150529740784975	2
6273	5.539644421995101	5.3353072233519725e-05	0.014287432026437674	0.0027649686876959436	2
6356	5.93634097195317	5.878987175175209e-05	0.020164570459476838	0.0023426335097905173	2
6439	5.624674131021857	5.452908296902965e-05	0.015294965111596781	0.002688635775241803	2
6730	5.937120776909996	5.80729807156943e-05	0.020199256803157706	0.0022848997049127566	2
6812	5.773886253198968	5.5823693236740206e-05	0.017400405669008467	0.0024659664424497587	2
6894	5.918486656362661	5.7816396764420665e-05	0.019941610390823428	0.0022957905658876564	2
7186	5.842626245450483	5.593492392987684e-05	0.01786651973412834	0.0024088625680575054	2
7268	6.084529829971772	5.930170602971539e-05	0.022894537559440042	0.0020940016260753516	2
7351	5.814715643758591	5.553993501262194e-05	0.01778670521962633	0.002388354755439538	2
7642	6.1282437392565114	5.901490753390763e-05	0.023075632210026065	0.0020575369341363976	2
7725	5.993597140274634	5.710590501610505e-05	0.02015562848804109	0.0022171950805684073	2
7807	6.137081198205228	5.912605977020498e-05	0.022681975823949152	0.00210090487485189	2
8098	6.108368397958996	5.770780934303866e-05	0.021334067063036866	0.0021337971116807894	2
8181	6.286502060919028	6.0240119738314274e-05	0.025651373656685017	0.0019213347711616656	2
8263	6.083356267929309	5.7348039944618767e-05	0.020627429781701068	0.002181637885330471	2
8554	6.408070713318534	6.088132370888612e-05	0.02678550470164165	0.0018748652709896837	2
8637	6.265041875126794	5.8832080931650374e-05	0.023619509167232433	0.0019956039983439434	2
8720	6.384887756425689	6.054228611894112e-05	0.026029587506471774	0.0019095036587104238	2
9011	6.387248591200287	5.9347880520060476e-05	0.025300480301435613	0.001891723242866342	2
9093	6.515224718384676	6.120865627957924e-05	0.027231827824480526	0.0018610152008120826	2
9175	6.490215620260876	6.0848021838912356e-05	0.02702547703898084	0.001854728300447973	2
9467	6.573681574636568	6.07200043994979e-05	0.027656042010891557	0.001803660807778528	2
9549	6.669763412147461	6.212991654548798e-05	0.02954814132402772	0.0017616113238766275	2
9632	6.627311689974244	6.150347798003779e-05	0.029291455103005237	0.001743893273326093	2
9923	6.704187075927397	6.114953956388216e-05	0.028465243593545964	0.0017736476145087338	2
10005	6.8947675006647495	6.397226126982028e-05	0.03274207593905665	0.001676729548302704	2
10088	6.788087813939043	6.24014325500575e-05	0.030994136522635163	0.001691371179073429	2
10379	6.907538931086176	6.256201850565858e-05	0.032196519306270766	0.0016341629083545777	2
10462	6.991848866133363	6.383431879753163e-05	0.032986580963707546	0.0016557820352172013	2
10544	7.027181362427156	6.434777195957137e-05	0.033944730084100705	0.001633346734192437	2
10836	7.116368621995694	6.394333330125715e-05	0.03436845733994787	0.0015924026575424703	2
10919	7.220134051557545	6.550209104816546e-05	0.038128382200272704	0.0015012387319485803	2
11001	7.1011588823147695	6.37046137832604e-05	0.0340659805778909	0.0015953626156634709	2
11293	7.349061009676385	6.554662757167892e-05	0.039042274326866355	0.0014662668708492366	2
11375	7.336619097008657	6.534534928437004e-05	0.037885284194254965	0.0015024999644044563	2
11458	7.387349508801231	6.613194489915429e-05	0.039202546876874855	0.0014846090054899297	2
11752	7.5007009221366365	6.579396206083045e-05	0.03787067157055901	0.0015201067983927747	2
11834	7.7128808987952615	6.908096525883812e-05	0.046329327198892045	0.0013611348003817903	2
11917	7.4858849220371795	6.557741015952779e-05	0.040109461359575604	0.0014265547392070224	2
12208	7.720215612181017	6.690440408227164e-05	0.042905978962030744	0.0013823893905632841	2
12290	7.81990205839652	6.845601811341472e-05	0.04550635207509046	0.001360704236825648	2
12373	7.792086414327801	6.801292573773153e-05	0.04526260572005647	0.001351392416442963	2
12664	7.9342280654318404	6.775440194428611e-05	0.04595727273398875	0.0013194509686969415	2
12747	8.042754162291942	6.948134250842212e-05	0.04927713409770984	0.0012899972617363671	2
12830	8.001122623443482	6.881027436030275e-05	0.04693562292367748	0.0013300019981689584	2
13173	8.235478472044065	6.982481690145e-05	0.05013292220512078	0.0012777298843288203	2
13256	8.315937717385742	7.111284913492511e-05	0.05335703469097908	0.0012423747076956337	2
13338	8.259041493042268	7.020240970224747e-05	0.05160183888354286	0.0012539869099750856	2
13682	8.46014899067066	7.047242462834022e-05	0.05343303401179167	0.001217697987103751	2
13764	8.561103731999136	7.21117531638892e-05	0.056119256451937716	0.0012106380954150567	2
13847	8.554943914851043	7.200155199912474e-05	0.0562575943946273	0.0012042131580612852	2
14191	8.740700489639632	7.180307388436764e-05	0.056207776298620615	0.0011968641214812868	2
14274	8.894454056576386	7.430680134484957e-05	0.06252370607935465	0.0011477401258216124	2
14356	8.808353685812525	7.291047749224917e-05	0.05887583724875878	0.001176084588012975	2
14700	9.069714123857976	7.37233610423324e-05	0.06421407726703521	0.0010989525958257362	2
14783	9.089778604598997	7.403988059082762e-05	0.06467161413518063	0.0011000627792774552	2
14865	9.092683569043139	7.409426012657028e-05	0.06345165033546163	0.0011227147079592343	2
15209	9.36659796692504	7.48581018939222e-05	0.06754588617297319	0.0010732687465007105	2
15291	9.437827292038069	7.603386015113209e-05	0.06920764901404297	0.001078701818300925	2
15374	9.453481503585738	7.629528015546554e-05	0.06955452330177891	0.0010803978303019417	2
15717	9.702152209226458	7.636646076284984e-05	0.07270199714523251	0.0010333865241394771	2
15800	9.77292234358151	7.755131169969399e-05	0.07485903616260714	0.0010331531503213476	2
15883	9.776428861948897	7.761160903152686e-05	0.07437998913160904	0.001041406485850891	2
16227	10.055921367817366	7.792167632607532e-05	0.07798848939757885	0.0009985682970609924	2
16309	10.13588586268689	7.924915898010032e-05	0.08004149670985417	0.0010046138786435844	2
16392	10.15252538921064	7.955888552070071e-05	0.08476230052094458	0.0009557225699117303	2
16735	10.321495431786524	7.761380093403522e-05	0.08028271226614514	0.0009606370243348243	2
16818	10.501178367107414	8.069962894378255e-05	0.08751251035698182	0.0009489574729662503	2
16901	10.482642375945453	8.036742810414787e-05	0.08542884149811325	0.0009645474872108838	2
17245	10.819404150350607	8.100678859267245e-05	0.09187077207257488	0.0009084292426547507	2
17327	10.85845313780657	8.167108218727338e-05	0.09311686568326749	0.0009102168373177172	2
17410	10.866164282303808	8.178802358363752e-05	0.09157925326942262	0.0009280796437631053	2
17754	11.232297691889066	8.258986237357353e-05	0.09658033179484171	0.0008943589221687579	2
17836	11.327528668659838	8.423836870627385e-05	0.10621674666416503	0.0008443944931004754	2
17919	11.196708534458208	8.19296317114825e-05	0.09642539751526158	0.0008822002617672289	2
18315	11.637969186237537	8.363206799332495e-05	0.10238992712339012	0.0008618356583053687	2
18397	11.770899154726035	8.593374630016345e-05	0.10713301383412066	0.0008674071195710198	2
18480	11.792981343570862	8.632202317323946e-05	0.10874038108413586	0.0008619576334063631	2
18876	12.144652269273788	8.606879282289923e-05	0.11172174317076511	0.0008322388921863169	2
18959	12.24543229111012	8.781897439711873e-05	0.11977227019459313	0.0008066855116675984	2
19041	12.174492569209004	8.654096247388231e-05	0.11071611102334522	0.0008485739451214377	2
19438	12.68646760405423	8.870085589586913e-05	0.12410730590368146	0.0007914647118522	2
19520	12.708892160783808	8.907023773287982e-05	0.1277454465359824	0.0007750579687317207	2
19603	12.658427977777652	8.815833355628581e-05	0.1135258695441177	0.0008551754716311465	2
20051	13.32967607572849	9.255916514105711e-05	0.13202305017849625	0.0008050772967925888	2
20134	13.37813848340086	9.34738212118062e-05	0.14250927749663767	0.000759951141291116	2
20216	13.229449702809875	9.08581473941071e-05	0.13362313787948032	0.0007676759570999247	2
20665	13.69637123770108	9.12049676410634e-05	0.137817381144405	0.0007476671815430465	2
20747	13.823749751466096	9.350910941143438e-05	0.15076337552083352	0.0007169989519316191	2
20830	13.721149596334069	9.166286306109854e-05	0.14376708725347775	0.0007236520101983491	2
21278	14.21807387805541	9.201340555286633e-05	0.1439679979742472	0.0007259002089906252	2
21360	14.427338834161585	9.57409031936094e-05	0.15815456135294603	0.0007131794582400473	2
21443	14.390392215076695	9.504648428235335e-05	0.15785911183553303	0.0007046228251445065	2
21891	14.863898429320027	9.444536028500151e-05	0.15944392954138564	0.0006872252743366464	2
21974	14.999314345300762	9.686078967434262e-05	0.16874144157756987	0.0006816368814127442	2
22056	14.98170827145632	9.656249979114279e-05	0.16567180588192443	0.0006901592405593595	2
22557	15.55500145402045	9.715285538872507e-05	0.17172539182475788	0.0006717540143279078	2
22640	15.69519308303098	9.958677258096938e-05	0.18159600258089803	0.0006662928735289476	2
22722	15.675839167815909	9.926859208585476e-05	0.18398611601683967	0.0006535876697564511	2
23223	16.192083556727656	9.830660163941726e-05	0.17648809753165473	0.0006667300611175929	2
23305	16.47106150048952	0.00010310513454849752	0.2023226125840889	0.0006376066125308345	2
23388	16.347241807009745	0.00010099814609325694	0.19057407054957842	0.0006504886375853148	2
23941	17.019254239097833	0.00010193816645293412	0.2010827602589096	0.0006257516171549105	2
24024	17.129705610321047	0.0001038954895638475	0.20918363277343666	0.0006240457129959525	2
24106	17.124342041250884	0.00010381978821392493	0.20758716779925912	0.0006279410020170731	2
24659	17.796515050406335	0.00010414230408978594	0.2121902161350402	0.0006161985473649638	2
24742	17.968662022859725	0.00010717753734230565	0.22502230545236834	0.0006142690316260414	2
24824	17.963996674122146	0.00010711005897153897	0.22399266379135518	0.0006163321026513344	2
25429	18.669697657952128	0.00010728836590041525	0.23297557249523315	0.0005927359847262492	2
25512	18.78301108325935	0.00010930214394073607	0.24043486428310423	0.0005954002075151376	2
25594	18.80636898664859	0.00010961278266533244	0.23379534265147583	0.0006156846230632704	2
26251	19.65776713029728	0.00011147423972950247	0.2596839589584157	0.000570997745778821	2
26334	19.658095254641108	0.00011157712722473154	0.25567557398862917	0.000581044918025929	2
26416	19.72191938718752	0.00011255214438141735	0.2666102507591077	0.0005666419499242073	2
27073	20.420439213430974	0.00011118304657595308	0.2575694682003018	0.0005711209028210747	2
27156	20.708800096478303	0.00011590617444849723	0.2853766976964671	0.0005588270750287753	2
27239	20.638706500792367	0.00011479223463226995	0.277475992080646	0.0005640337952495538	2
27949	21.50191274052974	0.0001152962006530593	0.29228229360497693	0.0005385149577645549	2
28031	21.61222468662413	0.0001170363878855156	0.29085159482416145	0.0005571520447685671	2
28113	21.73803865411037	0.00011909467718614853	0.2998345641623139	0.0005590212003654759	2
28876	22.64277367882811	0.00011935996159774828	0.2971506886999222	0.000564926909735322	2
28958	22.98808058179231	0.0001246434441233928	0.33562124564134876	0.0005440975734006293	2
29041	22.84210066391833	0.00012247398794503657	0.32986336674076	0.0005350171632689153	2
29855	23.707002167745642	0.00012138805611081551	0.3308274447878574	0.0005228733869912459	2
29937	23.91740095086143	0.0001246138479416416	0.34828055312682693	0.0005226504999561668	2
30020	23.92256982605853	0.00012467885617313112	0.3540311152882154	0.0005147008348947061	2
30886	24.855315434338998	0.00012372663684294616	0.3395870150770506	0.0005272133936293791	2
30968	25.287778351104606	0.0001300381432637607	0.3836548941179707	0.000514136156414669	2
31051	25.185331346895932	0.00012858297748221165	0.3708306962038783	0.0005203737854017	2
32022	26.301240380913807	0.00012932388105958684	0.36264981286596765	0.000536682988284384	2
32104	26.80503334582467	0.00013643005824751274	0.42912342432915196	0.0005033777233831985	2
32187	26.50301319817047	0.0001323104107178744	0.4073507491448112	0.0004995506019006153	2
33210	27.577373118200782	0.00013169971096022235	0.408529105896946	0.000492368835849187	2
33292	27.872188297348963	0.0001357814237722025	0.43459072091356177	0.0004912290132222525	2
33375	27.8637813985179	0.00013572728812331694	0.42501735484339775	0.0005019315104924027	2
34502	29.160302638387726	0.00013719266043795976	0.45244600539686175	0.00048027654912498937	2
34585	29.33427034490696	0.00013941403963781596	0.4673696224923489	0.00047976545022304434	2
34668	29.32562483829369	0.00013939117638887456	0.4612528758961645	0.000485975194696488	2
35848	30.64943694379369	0.00014028936593646446	0.46549943908010505	0.0004864783440009639	2
35930	31.098695684981642	0.00014578611346138898	0.5157793821120542	0.00047331783127723423	2
36013	30.931793717523338	0.00014392464145769078	0.49430402949710484	0.00048159983643023365	2
37297	32.354457768708926	0.00014514065132152916	0.4978007776898039	0.0004850749885583668	2
37379	32.88580100543618	0.00015128791701665996	0.522365945018116	0.000501340156827994	2
37462	33.10950261789765	0.0001539429400436022	0.5868598512870378	0.0004616674124515277	2
38850	33.970087892534124	0.00014778676343343586	0.5307855317272931	0.0004703106335975447	2
38933	34.57519643784894	0.0001547429726071571	0.5906165095996911	0.00046247101793696403	2
39016	34.47657878403262	0.00015360065917251347	0.5671965693893988	0.0004746400320239617	2
40561	36.11882056757432	0.0001555826688934598	0.5864045505184095	0.0004698477527792411	2
40644	36.603351238383084	0.00016076424342700342	0.6270744412915867	0.00046849901339308296	2
40726	36.58010201313398	0.00016064115603102943	0.6307871078613765	0.00046505415106718243	2
