时间秒	晶中温度K	设定电流	电压差V	κ	时间常数
331	2.1587091115637023	1e-05	0.010913916617442121	0.00017281991425384854	2
413	2.125866600547548	9.407929597268447e-06	0.010302382061463389	0.00016413689628196903	2
495	2.1097229153238057	9.109816048265627e-06	0.010077144255865145	0.00015840843686355346	2
786	2.1710369598691304	8.919186480905012e-06	0.00879168271913211	0.0001738466548210497	2
869	2.211513595887174	9.697629542712808e-06	0.010012664119146253	0.00017744039830276778	2
951	2.221231630730273	9.88023136628088e-06	0.010374854662778432	0.00017706962918815172	2
1242	2.296483998821869	9.889001724594634e-06	0.010061653987448516	0.0001819128497135806	2
1324	2.324194029388573	1.0425240599001621e-05	0.010608535863683821	0.0001897445387627602	2
1407	2.3388877974640745	1.0703521487882296e-05	0.01124160664996876	0.00018777210258421673	2
1698	2.415830133421988	1.0675317878436462e-05	0.010576087974130122	0.00019759699636420744	2
1781	2.4522139060267722	1.1386194177614801e-05	0.01125888565987676	0.00020852380778336717	2
1863	2.472345873679634	1.177039883477389e-05	0.012245291187277019	0.00020354829448537577	2
2155	2.549084900871934	1.166720739528202e-05	0.011143511711065202	0.0002190498383755138	2
2238	2.5954552266456616	1.2575004603311958e-05	0.012361575230980026	0.00022612312811057082	2
2320	2.610714343994261	1.2868369310873957e-05	0.012527364572930022	0.00023261970331786084	2
2611	2.7072582348030627	1.308115012158283e-05	0.011891586526182163	0.0002512371468389602	2
2694	2.7627927837880506	1.4156968821768801e-05	0.013380691583913862	0.0002576440696956664	2
2776	2.7780719601622463	1.4443592972694569e-05	0.013933708202523487	0.00025655873114524715	2
3068	2.866571740974494	1.4440629702432037e-05	0.01325588176623027	0.0002683749766564146	2
3150	2.9138008803793802	1.535387642995137e-05	0.013959178787344761	0.00028484008456918696	2
3233	2.942857064907198	1.590832029834539e-05	0.014599504411337616	0.00029042806414448743	2
3524	3.046140128981655	1.6117270319266796e-05	0.014270775299631833	0.00030295963263232624	2
3606	3.0989460649525418	1.713152011719933e-05	0.015547358998505345	0.00031070558191187794	2
3688	3.115498793395216	1.744599653058373e-05	0.01591904049211257	0.00031364124602311234	2
3979	3.2175954944220413	1.7557615444770374e-05	0.015458236899420275	0.0003254442474134106	2
4062	3.271942438105941	1.859969070018189e-05	0.01681868640742401	0.000332224549244614	2
4145	3.2870527822593463	1.8889908517488862e-05	0.01696696559501243	0.0003387255641760447	2
4436	3.3989532065582146	1.91006406466228e-05	0.016413978327502576	0.00035589311160680103	2
4518	3.4649781585955646	2.0368223384071283e-05	0.017972067464914865	0.0003654514473259831	2
4600	3.485324000336126	2.0757080637118976e-05	0.018807591057605766	0.0003614643460105351	2
4892	3.58643349425064	2.0678157033655252e-05	0.017608887742738055	0.0003819543198866429	2
4974	3.6587935248413004	2.208258873343809e-05	0.01906482348783234	0.0003978093558079148	2
5057	3.6896341277650113	2.2664059798241132e-05	0.020399646558830753	0.00038987047343086055	2
5348	3.790401400873343	2.2486947368544003e-05	0.01889604973435688	0.0004134390916174248	2
5431	3.8714758818484434	2.4045902596522687e-05	0.02061991984752476	0.0004284077421856312	2
5513	3.9012522362303628	2.4614651368536513e-05	0.021115498796060006	0.0004365080113535752	2
5805	4.030684831205782	2.4899412975238906e-05	0.02093398736537111	0.0004482187148526301	2
5887	4.100827989065692	2.6239236601426636e-05	0.022563114739689194	0.0004577942844370443	2
5969	4.12149729242571	2.6634204856186694e-05	0.023105369831040612	0.00045943580396617034	2
6261	4.245842543090549	2.6715994152186105e-05	0.022204014511170822	0.000479263313208727	2
6343	4.331727903875957	2.8355390258636946e-05	0.024562989128322776	0.00048340756206734713	2
6426	4.344779334476173	2.8613768642402523e-05	0.024273854036144016	0.0004972242461424329	2
6717	4.493138986386757	2.904595991658189e-05	0.024368834727981792	0.0005076652522890702	2
6799	4.570012507785917	3.0523924253199866e-05	0.026241698531977775	0.0005164123083349436	2
6881	4.590827176468773	3.0911238849304744e-05	0.02654979806812685	0.0005224891226739753	2
7173	4.733815920415745	3.112130605030302e-05	0.026548647026908512	0.0005274238560039849	2
7255	4.805787372434148	3.250129059927275e-05	0.028462790502619573	0.000532980680289445	2
7338	4.820519010635254	3.278127625514607e-05	0.029022648090085923	0.0005309875438070524	2
7629	4.957152353325968	3.2743215678019763e-05	0.028249452806234032	0.000542670471721817	2
7712	5.043152754386516	3.438525680165256e-05	0.03105114363014616	0.0005405718564482828	2
7794	5.04563989835647	3.4442085097911926e-05	0.030917309184753883	0.000544492553373368	2
8085	5.199410003464637	3.457359610815903e-05	0.0309371620393204	0.0005462573467731355	2
8168	5.27250427376858	3.598754789198379e-05	0.03264534567774735	0.0005576350382621426	2
8250	5.297670495996874	3.6466120072645585e-05	0.034015171912821884	0.0005484590045663478	2
8542	5.439496751362663	3.6199382324611115e-05	0.03285210651877524	0.0005583941048058167	2
8624	5.528441855551783	3.7927957961620895e-05	0.03647993594437615	0.0005483933337001769	2
8707	5.517072923485003	3.771137254953807e-05	0.035977960224833794	0.0005501474123508163	2
8998	5.684767020573742	3.775669595010746e-05	0.03643356628466954	0.000542748888324561	2
9080	5.746245682079247	3.896503106612873e-05	0.03852575957311721	0.0005442855411872678	2
9163	5.753064027186704	3.9104911563558256e-05	0.03848643585749123	0.0005483813148457133	2
9454	5.9357590098134025	3.926533864047426e-05	0.0397664019969044	0.0005331108396059894	2
9537	5.984343436376439	4.0232318307271834e-05	0.042034832046385695	0.0005277091076127156	2
9620	5.977783613049747	4.009537327191825e-05	0.041227233644179684	0.000534707806960996	2
9911	6.17752848214706	4.034837274082105e-05	0.04215987098099294	0.0005272329954800347	2
9993	6.241697984566001	4.1647815081157377e-05	0.043502568187438584	0.0005421742026672478	2
10076	6.2752556538360045	4.2320482365441665e-05	0.04569643821221625	0.0005317897448914153	2
10367	6.454573879272544	4.195901347793757e-05	0.04550012769072698	0.0005238053744705329	2
10450	6.5171530406883456	4.324409075498447e-05	0.047857384732036934	0.0005269018915548598	2
10532	6.528258665705049	4.345703564560391e-05	0.04862088548518706	0.0005235106290091585	2
10876	6.731087463100497	4.332678613550678e-05	0.04781996664178756	0.0005274329108173223	2
10959	6.82137666484838	4.518056154957227e-05	0.053132911606416755	0.0005135115285734406	2
11041	6.797947448003809	4.4696096939984476e-05	0.05163356653840001	0.0005178901740051383	2
11385	7.027301652611035	4.485422130260261e-05	0.051615661879608865	0.0005195740729420277	2
11467	7.115777564469385	4.669865032088651e-05	0.05553091671509591	0.0005210766730334652	2
11550	7.123681782874092	4.687363836711248e-05	0.05621280309506815	0.0005183116124099256	2
11894	7.352906898008939	4.6763047044747844e-05	0.055395103904270826	0.0005217756840082132	2
11976	7.44822458943619	4.8747331088810366e-05	0.06025439562518464	0.0005188621519887089	2
12059	7.446353944219865	4.8723694089888145e-05	0.06042961142555914	0.0005168025841217054	2
12402	7.690728506796673	4.862941431793517e-05	0.061590541261502985	0.0005034665781834574	2
12485	7.748998364045416	4.9867515926896625e-05	0.06438445353279221	0.0005050568702978694	2
12568	7.7558620442385395	5.0015306485434716e-05	0.06426698853666579	0.0005088324743943322	2
12911	8.02844480307366	5.020935771072586e-05	0.0660494196391701	0.0004968725718763972	2
12994	8.09204316809969	5.1572459503652136e-05	0.06694906415770152	0.0005156990828533726	2
13076	8.141936366522174	5.261544754624094e-05	0.06972260170176714	0.0005143760175214139	2
13420	8.41897330603368	5.260101897411075e-05	0.07227976617099863	0.0004940615419697312	2
13503	8.464255081725902	5.357293535492214e-05	0.07417055844139853	0.0004984673948781997	2
13585	8.477707431135691	5.386284927429526e-05	0.07519971037683071	0.0004967128888997003	2
13929	8.769251986521592	5.378248865397583e-05	0.074899915174929	0.0004954531361267467	2
14012	8.863580612431495	5.5815119719430746e-05	0.08091126928067727	0.0004921994336279979	2
14094	8.858730305896088	5.573127551312386e-05	0.08097500441910555	0.0004903791230399944	2
14438	9.168197816948332	5.562565294727876e-05	0.08109718857998516	0.0004860817455921216	2
14520	9.2561460585205	5.7546090730312695e-05	0.08789137636823074	0.00047843698828823646	2
14603	9.239537551750637	5.718554927352803e-05	0.08529122577935766	0.0004871939103021602	2
14947	9.593401190712743	5.7686969226199546e-05	0.08884284569153067	0.0004737449467502588	2
15029	9.66000105754851	5.91428256611493e-05	0.09394565891177997	0.00046978335003720716	2
15112	9.652598668304908	5.896567703365437e-05	0.09247933317817747	0.00047458864490780757	2
15508	10.016992529483431	5.925329725750961e-05	0.09439737031875062	0.000467407875342791	2
15590	10.101419042988777	6.113080665599404e-05	0.1018222469671759	0.00045997753719429044	2
15673	10.082984708063618	6.0724834584280086e-05	0.09921685727707796	0.00046605154929413073	2
16069	10.474538718424022	6.110843470119657e-05	0.10156259605860107	0.00045906193109802456	2
16151	10.5620386700305	6.304545583412924e-05	0.10843609293555367	0.00045646334798279465	2
16234	10.558440871588619	6.294864484041247e-05	0.10913232058936728	0.00045218390683640885	2
16630	10.939413977295949	6.265117442393483e-05	0.11086577326173952	0.00043938231851562966	2
16712	11.006813530023617	6.417146764316224e-05	0.11185432642606763	0.00045598770450029527	2
16795	11.064130847281096	6.543755730375655e-05	0.11840863013375014	0.0004472310500138325	2
17191	11.457280587309288	6.485551341876113e-05	0.1175794880340959	0.0004410137557060569	2
17273	11.549834279285733	6.690900851317207e-05	0.12450978424419112	0.0004421409748698269	2
17356	11.558092865607424	6.707896131692545e-05	0.12542514705913277	0.00044109144782651725	2
17804	11.998513462245366	6.700350087203637e-05	0.12751246501223434	0.0004312298883723263	2
17886	12.079931307476567	6.885201004815412e-05	0.1349399321877609	0.0004293873119980179	2
17969	12.07761730957154	6.877677840809824e-05	0.1348477061074167	0.0004288326574106379	2
18417	12.5454051232484	6.872511842809706e-05	0.13877712541265197	0.0004144606716761971	2
18500	12.612746372555941	7.02172759009826e-05	0.14228460093442052	0.00042131762299713315	2
18582	12.641101538350007	7.085205490241912e-05	0.14519295145528233	0.0004200467343891889	2
19031	13.136781154302707	7.077291885358487e-05	0.14601768110449953	0.00041514587046855787	2
19113	13.240580281929077	7.312127942567689e-05	0.15652517863018112	0.0004124910713289364	2
19196	13.234999348909884	7.29677703239913e-05	0.15490453923283276	0.0004151267930850199	2
19644	13.773280523417135	7.319449210547191e-05	0.1586414198467594	0.00040615059816115167	2
19727	13.864830845431118	7.525606043461045e-05	0.16726890385888815	0.00040650315418211283	2
19809	13.871022590025333	7.535381534994963e-05	0.1706880573387597	0.00039934406829839655	2
20310	14.40098169239147	7.469216554892236e-05	0.17017186388936523	0.0003922459598247537	2
20392	14.502218623027526	7.691207350719168e-05	0.17915630408584704	0.00039428816354707905	2
20475	14.514226936304546	7.718658366470367e-05	0.17968190950839968	0.0003959007023522711	2
20975	15.109493027246636	7.734869460589357e-05	0.18321335881188716	0.000388337396884951	2
21058	15.21406881629597	7.962138745920719e-05	0.19548817902508553	0.00038494252917171647	2
21141	15.20273961798867	7.934595863141273e-05	0.19068755925757053	0.0003920231834755905	2
21694	15.865079481563338	8.006062062907007e-05	0.19989403085220125	0.0003790407286207303	2
21776	15.947507462780056	8.184013457112829e-05	0.21081448002725978	0.00037507534779355594	2
21859	15.929590398804393	8.146356490978249e-05	0.20512128323883339	0.0003820303890713391	2
22411	16.628135628523193	8.220634588774459e-05	0.2138866836140867	0.0003714980303162447	2
22493	16.720404875262236	8.426607008444681e-05	0.2273372790629935	0.00036673541889527077	2
22576	16.69872347721558	8.378314928771796e-05	0.22580796842441409	0.0003651036755598644	2
23180	17.39631227124476	8.358460965143627e-05	0.22128980885170435	0.00036941126247850995	2
23263	17.570039210436505	8.737292110962187e-05	0.24358734046050579	0.00036582113216473055	2
23345	17.55601995866882	8.705239871159908e-05	0.24449003901551158	0.00036187942522247015	2
24002	18.279752383396854	8.657278751791183e-05	0.24348009045165853	0.00035815131148352866	2
24085	18.41746959409227	8.948966705236522e-05	0.2615937273130271	0.0003555902279539584	2
24167	18.40386681515294	8.924470276047868e-05	0.26020778250805066	0.00035555605704934	2
24824	19.19439154571044	8.923711570197521e-05	0.26315761586765163	0.0003502473551130821	2
24907	19.329074054591505	9.203494254073003e-05	0.27274618128506845	0.00035886506432624863	2
24990	19.387418839061958	9.323706598527761e-05	0.2902682190541057	0.0003458621749691607	2
25699	20.142529526268934	9.155963375345488e-05	0.2857440113514542	0.0003378920295205907	2
25781	20.259603709203994	9.39988726216465e-05	0.29599139849186074	0.0003433579512219712	2
25864	20.298700988599037	9.481788555369785e-05	0.3048134564453875	0.0003391161496480002	2
26625	21.159367072524006	9.424978434535765e-05	0.30318163289224387	0.00033576573394725147	2
26708	21.320728235707108	9.743793296742651e-05	0.3117443641883355	0.0003484664974512498	2
26790	21.418653678531022	9.934085599648656e-05	0.32978134282334537	0.0003420536960252838	2
27604	22.310714100410642	9.847228097408086e-05	0.32225290057212774	0.0003429197750227121	2
27686	22.518503884800825	0.00010242517051572377	0.3547056790700722	0.00033646359951756835	2
27769	22.4705849652823	0.0001015462149337579	0.35156152401165386	0.0003338067685473204	2
28635	23.433342232036964	0.00010112398745481328	0.3452082352493804	0.00033603201980472546	2
28717	23.66974016190003	0.00010541361374362914	0.3851254827705688	0.00032670409724697315	2
28800	23.592041669604917	0.00010403480647363962	0.36967543089311405	0.0003317055000642882	2
29770	24.68039072788215	0.00010479762956130999	0.3758368486537442	0.00032990661613440243	2
29852	24.895427838299	0.00010859925458574591	0.40230843468487976	0.00033044563340700996	2
29935	24.902647345459336	0.00010877330870212503	0.40436124748036306	0.000329780527529224	2
30958	26.0012902522623	0.00010867074372492868	0.40110594455882875	0.0003308068675761909	2
31040	26.265927674720217	0.0001130707123635767	0.44366968429965326	0.00032324189264478046	2
31123	26.188476142018544	0.00011186321299393108	0.43331138727821994	0.00032407445826145666	2
32250	27.362872731883765	0.00011198356167867346	0.4317211647543857	0.00032497779859943935	2
32332	27.64333352775166	0.00011649616229881629	0.46455161989034366	0.00032632577259384115	2
32415	27.658333022935047	0.00011682980232603261	0.46461386938019444	0.00032809755311034145	2
33594	28.916917283319457	0.00011715654871206289	0.47132235286842317	0.0003242790771199658	2
33677	29.162106224462626	0.00012099252432659472	0.5164096009062824	0.00031523683747127824	2
33760	29.05755807021969	0.00011937472127922256	0.4998042951238517	0.0003172278482286426	2
35044	30.37425365224773	0.00011971907852516057	0.4927176152823627	0.00032273894281583824	2
35126	30.760843606416618	0.00012543169237519473	0.547207764596898	0.00031840395934455506	2
35209	30.709114543929616	0.0001247022006158724	0.5391433600468858	0.00031949140753754904	2
36597	32.09347295981716	0.00012490072180870902	0.51997055687238	0.00033144821320019906	2
36680	32.612225783518156	0.00013213276020441418	0.5974397747693736	0.00032214639326113545	2
36762	32.47568692689654	0.00013040624102212103	0.5731832865259108	0.0003272498170595285	2
39091	33.987510933580026	0.00013139733373429343	0.5917792356923925	0.0003209289926347939	2
39173	34.28391341468037	0.0001351554619354262	0.6059488680625904	0.00033127043266486817	2
39256	34.45811557646314	0.00013738601343127983	0.6332650601556331	0.00032732762201665653	2
