时间秒	晶中温度K	设定电流	电压差V	κ	时间常数
128	160.69490013098616	0.0002	1.9987460384599478	0.00020365738273365788	5.7990336456097085
274	173.29718423127125	0.00010003136378764093	0.49283270048231986	0.00020661850325902676	5.5359592392806345
421	176.51446082912358	0.00010075611972238733	0.5000118610496008	0.0002066135166244493	5.527550886317979
568	159.20781453003914	0.00010075492467031553	0.4995385478275756	0.0002068042918786264	5.523179650494635
715	159.21702317684452	0.00010080145045580222	0.5000739182196491	0.00020677355240725223	5.51183403622858
862	159.22714558943045	0.00010079400021809877	0.5006035625029314	0.00020652399596345785	5.540056462892899
1008	159.23034818536493	0.00010073321976072208	0.500269260556558	0.0002064127530546546	5.545388995730948
1155	159.23405811271942	0.00010070610722791766	0.5004492515787525	0.00020622737187338152	5.538345978346079
1302	159.23145949836183	0.00010066089531525999	0.5014120532433902	0.00020564651904587914	5.580067009081674
1449	159.24389608429405	0.00010051905712555829	0.4981709672652089	0.0002064013789672756	5.536099289545965
1596	159.25226655857924	0.00010070341572284448	0.4989199817674445	0.00020684800775085945	5.530222236750231
1742	159.26474005551546	0.00010081235376231081	0.5000810861290225	0.0002068142973879187	5.518881148028535
1889	159.25905523433428	0.00010080418027290807	0.5002506594004347	0.00020671075479657407	5.525521345363757
2036	159.26915274040886	0.00010077892225386279	0.5009987868445331	0.0002062984024775828	5.540433784684395
2183	159.27072443587815	0.00010067841614334029	0.49989408546988495	0.00020634202653437364	5.541951410923611
2330	159.2724418228289	0.00010068908114487669	0.5001393146426263	0.0002062844644435475	5.548015448277678
2476	159.27187791912132	0.00010067505661218672	0.5000400091566293	0.00020626804439676321	5.542630941086991
2623	159.28906496814105	0.00010067102892979271	0.4998614357258218	0.00020632479706013718	5.54399572355682
2770	159.28914391717146	0.00010068498123785127	0.4985902402819712	0.00020690826411976914	5.5149465286352966
2917	159.30549041697327	0.0001008272237309902	0.5002851922606518	0.00020678997261222123	5.531892638833647
3063	159.3104209362968	0.00010079848088239177	0.5002886216760403	0.00020667050268718316	5.533473764225447
3210	159.3168587836118	0.00010076940084498546	0.5008804358822425	0.00020630705177565774	5.54914832411805
3357	159.3196688871571	0.00010068079684670293	0.5001331891060993	0.00020625202555651586	5.542510742159538
3504	159.33987818641185	0.00010066738993979102	0.4998702712504742	0.0002063051272289814	5.542810094796355
3651	159.3428126487742	0.00010068045193623559	0.500248785867889	0.000206202441554793	5.549900688869376
3797	159.35674838226672	0.00010065541340608252	0.4990112166375285	0.0002066107727741508	5.523938630450507
3944	159.35679621371523	0.00010075508766295827	0.4994586737961068	0.00020683470286321945	5.524799324378336
4091	159.37635402247437	0.00010080967335908833	0.500565781315976	0.00020660049455951683	5.539516335411486
4237	159.38960638535772	0.00010075268548888241	0.5010097693904628	0.0002061837573440759	5.600157804321308
4384	159.3984985158292	0.00010065110234851911	0.4998443741597749	0.000206247696970156	5.542012844643671
4531	159.42094186843897	0.00010066676991840465	0.5001323898876884	0.00020619259057485959	5.548077719589243
4678	159.43360166461534	0.00010065344530204952	0.49972739022603274	0.0002063048166895565	5.545701233270188
4825	159.45950120792963	0.00010068089564037827	0.4991551589670234	0.00020665339922832542	5.520793176953275
4972	159.447144317665	0.00010076606293670202	0.49984057749506894	0.00020671965190247518	5.523578031066344
5118	159.4814970609737	0.00010078213115742356	0.5004337952581497	0.00020653969222383334	5.542467328419707
5265	159.49661145927917	0.00010073844077378861	0.500988832628989	0.0002061316067515795	5.547170266497727
5412	159.48848989735973	0.00010063897482503124	0.4999284921556197	0.0002061612611692393	5.549170320890793
5559	159.53716438362423	0.00010064617207318038	0.5000016268939997	0.0002061595695394283	5.545950560449254
5705	159.55376735702816	0.00010064600833292652	0.4999489579060736	0.00020618019196993936	5.555461420032436
5852	159.5721474114911	0.00010065114590928949	0.5000507363569826	0.0002061588471439943	5.555398898073953
5999	159.55568495388306	0.000100646039625428	0.499163844309008	0.00020650461244287724	5.54371460826764
6146	159.61722019351438	0.00010073030108252226	0.4992849283454657	0.0002067990868474104	5.539648021592951
6292	159.60527153214434	0.00010080240781702614	0.5012318448752671	0.00020629102039742162	5.547398511094912
6439	159.64586152622422	0.00010067846386017264	0.5007908705129348	0.00020596430213680925	5.5610361529608845
6586	159.68968475097273	0.00010059893456545313	0.49981396605755185	0.0002060399435459884	5.566109711869362
6733	159.66659051043445	0.00010061765460586282	0.5001596111906481	0.00020597470170340604	5.559912214625269
6879	159.74078405669312	0.00010060159874615104	0.49996702377115326	0.00020598667299685723	5.56115783194281
7026	159.73429222908416	0.00010060491637159871	0.4994908416657701	0.00020619673151231726	5.557783637010615
7173	159.78682650857814	0.00010065617935802304	0.49910066205305637	0.00020656717354324537	5.546894791221817
7320	159.8257413312366	0.00010074682558044079	0.5006222125222057	0.0002063095850184188	5.556582137605001
7466	159.86058473472548	0.00010068419808934819	0.5010584863618662	0.00020587290712656997	5.570235728608014
7613	159.89057411096286	0.00010057779414972152	0.5001824914927168	0.0002057971157318603	5.572922560339983
7760	159.92345280809008	0.00010055944458074059	0.49996710863104366	0.0002058099758310171	5.562934120398956
7907	159.9566296413331	0.00010056275228172745	0.4998633542583191	0.00020586547365421642	5.571227250800501
8054	159.9959693684584	0.00010057649657081048	0.5003879701324935	0.00020570501042028476	5.599101799958985
8200	160.0388950594479	0.00010053749858772223	0.49837976720935256	0.00020637282199596977	5.54255326919647
8347	160.07478561689484	0.00010070078970138899	0.5001016473323929	0.00020633011087077975	5.554839115626598
8494	160.11476245369676	0.00010069055529516968	0.5005740726421554	0.00020609255158329705	5.558819376892276
8641	160.15331568345573	0.00010063280132975297	0.5010960936812725	0.00020564089918373657	5.582489665038758
8788	160.19252697630895	0.0001005226793750153	0.49990976860760206	0.00020567708446756578	5.578971815228138
8935	160.2340943537316	0.0001005317509041664	0.5001235568666949	0.00020562533978594287	5.5714732598329135
9081	160.27531548829992	0.00010051933181766906	0.5002120747111318	0.00020553714514978728	5.583640279808221
9228	160.32579192470672	0.00010049802098840304	0.49987908180743007	0.0002055858476720845	5.575484897767103
9375	160.36994457383338	0.000100510175232006	0.4988388716981811	0.00020606344878284748	5.55756385795625
9522	160.4131319429853	0.00010062708409983191	0.5002032020802722	0.00020597880498624202	5.566193164126252
9669	160.4679760074014	0.00010060664269740337	0.5006229912394419	0.0002057212081744723	5.56180205235046
9815	160.51699931727845	0.00010054402415051037	0.5010384449187173	0.00020529365053130423	5.586001022832866
9962	160.57131204235407	0.00010043977707371964	0.5005367029656198	0.00020507234194761236	5.589735379230186
10109	160.6196446216077	0.00010038591410624283	0.5001281245366193	0.00020501870919125193	5.5952173137756045
10256	160.67378775864498	0.00010037305467887435	0.499916548452762	0.00020505175215477722	5.589604041341549
10403	160.72141654953597	0.00010038143201425529	0.4991660620911812	0.0002053933105389454	5.565770101972086
10550	160.78947376023226	0.0001004652487572774	0.5004525151860465	0.0002052061566776115	5.567887261233704
10696	160.83524745694058	0.00010041981754169256	0.500806069097201	0.00020487477323626608	5.579546487674383
10843	160.8969131248418	0.00010033896996999728	0.5008944109152629	0.00020450759781373367	5.591502753853385
10990	160.95123895635925	0.00010024934592321032	0.5004173258851004	0.000204335787518444	5.595757278221579
11137	161.0081820636635	0.00010020753544726334	0.5002991478335199	0.0002042123483385973	5.597130530332204
11284	161.06871152673543	0.00010017757202470118	0.5002146405747057	0.00020412337923941066	5.58138415462996
11430	161.12795437022913	0.00010015607677345128	0.4989984327477289	0.00020453182588760167	5.5600699836789405
11577	161.20360873277906	0.00010025654077746825	0.5008260911902062	0.00020419286551711844	5.572668745802615
11724	161.26178993709885	0.00010017382221788077	0.5014421081847042	0.0002036042011146956	5.597556049764771
11871	161.31897802177872	0.00010002967247341841	0.5006003728478076	0.00020335876469721367	5.600125571937105
12018	161.38958078337967	9.996967140320681e-05	0.5005549294236199	0.00020313181401795388	5.585328229474338
12164	161.45898057463378	9.991424142639818e-05	0.5004795569496264	0.00020293559120243231	5.579647223075769
12311	161.53433440446432	9.986636129667744e-05	0.49954300278983477	0.00020311965880669543	5.562297201842282
12458	161.6040059879594	9.991203125412968e-05	0.5001857920313604	0.00020304271096159684	5.56978676326083
12605	161.67491377468318	9.989347356653123e-05	0.5012558951113995	0.0002025324091717201	5.580757571424478
12752	161.7478003064438	9.976825368665625e-05	0.5008497022834393	0.00020218723268688722	5.59068585661671
12899	161.8281490566772	9.968358826901298e-05	0.5006719374492646	0.00020191414392549382	5.602186249767803
13045	161.9029745600427	9.961667456816236e-05	0.5004636360029838	0.0002017254336799876	5.5832959787111625
13192	161.96933355206974	9.957052078668805e-05	0.500288757405911	0.0002016075137303282	5.577637519766892
13339	162.1033605197113	9.954178150882055e-05	0.49966307952172206	0.00020174163751894583	5.564165152311736
13486	162.00009069038938	9.957533613226736e-05	0.4996415845558221	0.0002018847839734372	5.547721265536442
13633	162.47054028520733	9.961104466948043e-05	0.5011671525288416	0.00020141280532493992	5.558217980330717
13780	162.29292579731813	9.949498653363516e-05	0.5012047362291411	0.00020092694482757217	5.580878494871791
13926	162.38230300935794	9.937533749367789e-05	0.5007091757582004	0.0002006404735542576	5.57532207548955
14073	162.46105140803914	9.930493779316063e-05	0.5002655010068549	0.00020053234748722184	5.5647841051006095
14220	162.55587442351964	9.927858272767119e-05	0.500547408392668	0.0002003109915066169	5.580720031880796
14367	162.62989689856528	9.922428138172693e-05	0.500233978190918	0.0002002157417185396	5.580487889415908
14514	162.7238662372815	9.920107320886599e-05	0.5003039922851412	0.00020009212273635433	5.56282334686006
14661	162.80573329707977	9.91709305919211e-05	0.499139516983152	0.00020043534632203228	5.539633801416264
14807	162.90176447836663	9.925637579551049e-05	0.5001491255667783	0.00020037353543672767	5.556898763957707
14954	162.98804551210188	9.924157744235058e-05	0.5007517008941176	0.00020007094607515789	5.560149396069505
15101	163.07879542110882	9.916706146991968e-05	0.5017046159298142	0.00019938921924588437	5.570901946133192
15248	163.16905420008817	9.899845071980569e-05	0.5003120818486321	0.00019926289101212968	5.578906947217571
15395	163.26763734621264	9.896756955571783e-05	0.5003680146920578	0.0001991143017961725	5.592140683529609
15542	163.35971642471114	9.893116812924165e-05	0.5001644987259721	0.00019904694530540508	5.571276903965765
15688	163.46226021526576	9.891489809261585e-05	0.4993330451105541	0.0001993106945128111	5.560615741121053
15835	163.55551704836313	9.898093594128565e-05	0.49942899808311536	0.00019953661330134596	5.551205092835957
15982	163.6566666902067	9.903750269964779e-05	0.5013374519830713	0.00019900218420934135	5.566908973505063
16129	163.7518424365862	9.890530993843272e-05	0.5009640661998854	0.0001986172750681548	5.570776877956849
16276	163.85278149374585	9.881009633835016e-05	0.5003472667369389	0.00019847731943414183	5.590157861226577
16422	163.9550905995582	9.877580074216419e-05	0.5003077366672348	0.0001983531339411028	5.587964958932272
16569	164.05310290348461	9.874541783062514e-05	0.49997154918659115	0.0001983623994077592	5.592379390490165
16716	164.14845062490812	9.874822733798254e-05	0.4993310587617321	0.00019862619752087924	5.590515588666878
16863	164.26499522235605	9.88143504555772e-05	0.4993907028174752	0.0001988661066171295	5.579535248460346
17010	164.36096923707083	9.887461284305357e-05	0.5009462321718208	0.00019848852994534507	5.6013470640238845
17156	164.43704661900975	9.878118708619781e-05	0.5010579715429281	0.0001980678936646815	5.619599515088918
17303	164.58053121447284	9.867684495861973e-05	0.5002484203045501	0.00019796663272324096	5.632109088721923
17450	164.69308622168873	9.865234075737681e-05	0.5000200940150596	0.0001979563406605261	5.62692681562422
17597	164.799925687076	9.865035849550317e-05	0.5000867557268975	0.0001979199051429654	5.631455720493522
17744	164.91030319226465	9.864180112552836e-05	0.50010268149185	0.00019787701436230204	5.633785427135001
17891	165.03035825807424	9.863167399800617e-05	0.49937047618863767	0.00019812404807182345	5.627073526218023
18038	165.14729256620217	9.869382367855947e-05	0.49888027092990517	0.00019856639358716967	5.615336876033508
18185	165.25869425380805	9.880451998151019e-05	0.5015821213572483	0.00019793789132354508	5.640939294389559
18332	165.375786923599	9.864856924231123e-05	0.5006943825877752	0.0001976609742372555	5.670292301401888
18479	165.48041030865855	9.858014065870309e-05	0.5005957651597389	0.00019742357060312916	5.673639270981578
18626	165.601761281153	9.852146247787648e-05	0.5000678517962744	0.00019739437881940246	5.685118078709567
18773	165.72178143364164	9.85147782999683e-05	0.5000087251182466	0.00019738853082294452	5.692603396656598
18920	165.8454560707863	9.851391875812799e-05	0.4994544325455441	0.00019760165814956677	5.679697004240391
19067	165.95910204548028	9.856770876913716e-05	0.4988086856340056	0.00019807142477643944	5.674243453794349
19214	166.08127305325837	9.868534414948253e-05	0.5018085732008426	0.00019735507282752434	5.701013173749356
19361	166.20565936268184	9.850734721617145e-05	0.500508231651882	0.0001971521949424683	5.719780130514969
19508	166.33480768763997	9.845732079865767e-05	0.5000902820954221	0.0001971140468058983	5.719000665176137
19655	166.46087655410844	9.84484330690125e-05	0.5002370787969254	0.00019701815397411086	5.729817436641185
19802	166.58171500917882	9.842510132980454e-05	0.5001052821725328	0.00019697428484519012	5.751658794085545
19949	166.7072047887522	9.8414740557483e-05	0.4992653581143774	0.00019726164641431602	5.7415908549649535
20096	166.83139619061083	9.848711991719611e-05	0.4991224711406929	0.000197606061740101	5.7439717883552355
20243	166.96701239761367	9.85736591348596e-05	0.5010989903635491	0.00019717004790389964	5.757729068896632
20390	167.07979171319099	9.846550588981127e-05	0.5012346094419298	0.0001966820845627016	5.78652838380715
20537	167.211053265065	9.83441641149047e-05	0.5001836055327316	0.00019660726446255362	5.828746282822087
20684	167.3399476200928	9.832611255365901e-05	0.5001398563293191	0.0001965498240766675	5.81139771043948
20831	167.47428217214963	9.831236390866635e-05	0.49993131375444433	0.0001965742078543174	5.810661445440495
20978	167.6186381364415	9.831911731164176e-05	0.5000896231114915	0.00019653620128488067	5.842994875086153
21125	167.74663051812576	9.831030683084555e-05	0.49922557538712475	0.00019683861531137695	5.830953034685809
21272	167.88803155244292	9.838652930643355e-05	0.4995606325403032	0.0001970090335523713	5.813147656730048
21419	168.03002890187335	9.842978565612053e-05	0.500989820426692	0.0001966170212307864	5.869966823631048
21566	168.14415151662365	9.833250225951822e-05	0.5009768211435527	0.00019623143542191356	5.869995045517346
21713	168.27916036331052	9.823658950376713e-05	0.5000785028384422	0.000196198021079056	5.878931275088106
21860	168.41060672314265	9.82288785606367e-05	0.5002160350731011	0.00019611075778675036	5.896135257712537
22007	168.543275431317	9.820766455188365e-05	0.49997764843229303	0.00019611699718040845	5.892892635592046
22154	168.71731488542133	9.82098597207457e-05	0.4994163852815606	0.0001963428580901827	5.895085621764554
22301	168.8668538632312	9.826722666555233e-05	0.49903838919066407	0.00019671834654332626	5.93668305696518
22448	168.9939177270533	9.83618580126041e-05	0.5010709768220308	0.00019629543761053315	5.923077620800453
22595	169.14624250154813	9.825668367129716e-05	0.5012434000174186	0.00019580558767730324	5.950271902716451
22742	169.25857288784601	9.81347387016004e-05	0.49993035137812053	0.00019583074120691998	6.023260178461601
22889	169.43216429913133	9.814157436505956e-05	0.5000836823171315	0.00019579466719808826	5.982693386141208
23036	169.57803232094412	9.813336268145445e-05	0.4999768748322938	0.00019580097068649086	5.988109617341618
23183	169.72897532782181	9.813563211064572e-05	0.4991765365493865	0.00019612113791472866	5.992387243188765
23330	169.87998960720978	9.821654317157141e-05	0.49953813119492335	0.00019629963386465658	6.03824601082708
23477	170.02934152524224	9.826193778095785e-05	0.5010304974618336	0.00019589314301155506	6.028293877458443
23624	170.17108685091765	9.8160835355356e-05	0.5007111713406971	0.00019561224463948384	6.056054770608446
23771	170.31742872508948	9.809110056373917e-05	0.4999195739207522	0.00019564089126875345	6.069192870281504
23918	170.4711509898146	9.809899059822619e-05	0.5001463392779963	0.0001955807487436564	6.126599459949201
24065	170.62026094050864	9.808463801321343e-05	0.49987717475358223	0.00019562606290662204	6.173456372745118
24212	170.77368626294117	9.809668750306501e-05	0.49956456234195645	0.00019579375556413541	6.124551916300273
24360	170.9331672177021	9.81394304147702e-05	0.4987493365684681	0.0001962817431779972	6.1145941983151
24507	171.09208767492274	9.82624005511068e-05	0.5007801784478993	0.00019597305048942297	6.15543411071342
24654	171.2365949700615	9.818582794276312e-05	0.5007134737978449	0.00019569114552000542	6.194180324227216
24801	171.3883118649966	9.811584980965368e-05	0.5000055676041788	0.00019568607287817242	6.2124284758170045
24949	171.5373091412918	9.811530354400037e-05	0.5001973126421365	0.0001956061457526772	6.244669423133135
25096	171.69962025122314	9.809594988211898e-05	0.49985689512450976	0.0001956591773017217	6.268746593281985
25244	171.8664320255232	9.810999090489308e-05	0.49973382464491867	0.00019576034490051793	6.296154192348649
25391	172.01884185954734	9.813611579772602e-05	0.49984691669278253	0.00019581748618554496	6.323917400319979
25539	172.17951715490082	9.815114224942624e-05	0.4994641535310267	0.000196024675266722	6.337162217034726
25687	172.33609644844722	9.820377850363314e-05	0.4995098592181425	0.0001962141293978686	6.359611741069439
25835	172.49998756489632	9.825194759776087e-05	0.5008959987163454	0.00019586017782582157	6.414854664672169
25984	172.65756553381937	9.816403211943929e-05	0.5016155818591073	0.00019522648314663314	6.467322157969852
26132	172.82557720916157	9.800582338560191e-05	0.5005200341434025	0.00019502054005274348	6.506074557104917
26281	172.98792050223764	9.795489673314494e-05	0.5004753477748962	0.00019483236529180286	6.532098146440676
26430	173.15189619680007	9.790836726483435e-05	0.5005612602750097	0.0001946109661775192	6.581341972508341
26579	173.3211598582558	9.785346140809032e-05	0.49992977360443897	0.00019463528629653365	6.641244965541031
26728	173.48915808918068	9.786033402794564e-05	0.5001678623460724	0.0001945669494638513	6.649982647407705
26877	173.64586237901878	9.784391109776e-05	0.5014640347113833	0.00019399605662219556	6.73035311026823
27026	173.8185744752956	9.770097802760087e-05	0.5014032326500035	0.00019345006551452435	6.797054885917546
27176	173.99467841845697	9.756416872097193e-05	0.500490632273129	0.00019325728221875844	6.863954014116032
27326	174.15768130523978	9.751633579078814e-05	0.5009999773940127	0.00019286864144220893	7.049216345271335
27476	174.33589758112095	9.741896768399233e-05	0.4999504223538583	0.00019288463268692408	7.046105391505183
27627	174.50020059445146	9.742379784630475e-05	0.5002522698116797	0.00019278446150446427	7.17766033289777
27778	174.66747192630868	9.739923005934466e-05	0.4997394563240538	0.000192882068993699	7.310206628970897
27929	174.8478584554174	9.742461673471617e-05	0.5001955518377993	0.00019280353282968374	7.51708604190696
28082	175.02311798167244	9.740557075839827e-05	0.501998193467718	0.0001920329676542085	7.795519827593132
28235	175.1954810808838	9.721151702522529e-05	0.5031786200701872	0.00019081686189832686	8.193700436152154
28390	175.36826825460992	9.690398406746315e-05	0.5036191838210594	0.00018944259037477452	8.518231012688501
28546	175.5520827426788	9.65551632678803e-05	0.5036890142606818	0.00018805192032627735	8.610417652368728
28703	175.74340139202832	9.620092885658187e-05	0.5022679404882036	0.00018719953900053483	8.420685852422913
28859	175.92709131094227	9.59834903026062e-05	0.4997680791766052	0.00018728330658180555	8.097395561636818
29013	176.10332946415355	9.600575861973867e-05	0.5013259435621444	0.00018678501950198599	7.738140432632816
29167	176.28443385285777	9.587871302932546e-05	0.5010923051860039	0.00018637484453328153	7.327625935608071
29318	176.46752814481323	9.577415549580661e-05	0.5005622484824347	0.00018616242169038056	6.942667925741898
29469	176.63955806896908	9.572035199437843e-05	0.5003874238164252	0.00018601542930889823	6.785421313461597
29618	176.81539433396134	9.568328918743016e-05	0.5001523084438873	0.0001859558557322317	6.702627531480739
29768	176.99767622401166	9.566871914317468e-05	0.49955761595986814	0.00018611752759933314	6.644206455369266
29917	177.18426101652233	9.57110695624608e-05	0.49958828757123425	0.0001862679052059114	6.598883324313697
30066	177.3628825403906	9.575049935164315e-05	0.5009400741449682	0.000185915355902501	6.589113283098006
30215	177.52609519274733	9.566061351202534e-05	0.5011532204434765	0.00018548491728345042	6.58098412215382
30363	177.6957565087668	9.555048620191298e-05	0.5002293093259197	0.0001853971237907908	6.57153963475178
30512	177.90047298193184	9.5528583117915e-05	0.5003720881875823	0.0001852559146980255	6.569435854565768
30661	178.09178038596704	9.54930578871093e-05	0.499964478039985	0.00018526595309767389	6.55253743057852
30810	178.2761718406904	9.549645016844508e-05	0.5002430027929766	0.0001851729811191474	6.543055590878809
30958	178.4631164628697	9.547325271955973e-05	0.49965514638919245	0.0001852978085608955	6.532229844378939
31107	178.6416403601921	9.550619405638374e-05	0.49907881186137754	0.00018563699258880356	6.515945599808833
31256	178.8343865854218	9.559429498451603e-05	0.5010988753702945	0.000185226786914338	6.533665645305605
31405	179.0126347710883	9.548942160075987e-05	0.5011948417535564	0.00018478231819471115	6.542648924118948
31553	179.19662754024174	9.537553093419354e-05	0.5002137096649872	0.00018470041247449243	6.539439891012767
31702	179.37440390220135	9.535515479306446e-05	0.5001624391605537	0.0001846376137029207	6.549636876849393
31851	179.5555643391865	9.533966915487436e-05	0.5002383733796654	0.00018454674795873792	6.546205462117624
32000	179.75751741148412	9.531695083856185e-05	0.4995886509367575	0.00018469552790298954	6.548525622209274
32148	179.95191642976548	9.535618358619171e-05	0.4991778753343951	0.00018499668317732923	6.522751667344347
32297	180.1408853824973	9.543467506468042e-05	0.5010885311086832	0.00018459178673696047	6.553113608776861
32446	180.32375163116865	9.533096076569736e-05	0.5012094586761462	0.0001841434823452821	6.569282619759351
32595	180.47729576759852	9.521587066114481e-05	0.5000014979401681	0.0001841404927783678	6.572836367194584
32744	180.69862570399272	9.521572803378798e-05	0.5003738092115951	0.00018399949158167338	6.607456540441074
32893	180.89238197232788	9.518015546235033e-05	0.5001023860571041	0.000183958816255679	6.580489823192101
33042	181.0863024719294	9.517041183790938e-05	0.5000988567585708	0.00018391944957278755	6.583876371537208
33190	181.27819490368847	9.516100499435536e-05	0.49966087159081013	0.00018404127585159482	6.586582739727221
33339	181.46536748420223	9.519329322030671e-05	0.49921697685484845	0.0001843270822246344	6.573875016439761
33488	181.6605879509511	9.526791943468882e-05	0.5011617741445159	0.00018389678489405358	6.661153621202725
33637	181.85277155968532	9.515743213378356e-05	0.5009907325444506	0.0001835301308080444	6.61388873318591
33786	182.04539523466724	9.506329644078736e-05	0.5002407350108761	0.00018343882266628984	6.613824592547838
33935	182.22929476436934	9.504041963762459e-05	0.5001915603941496	0.00018336572888948762	6.6231691804805015
34084	182.44548771664068	9.502221888702617e-05	0.4995572648913877	0.00018352496908667805	6.619685576550574
34233	182.62273135510327	9.50643165186388e-05	0.5000172599979101	0.00018351593558578135	6.624231979801823
34383	182.82320341536314	9.50626757512137e-05	0.5008684620491419	0.00018319468857977758	6.657832815835462
34532	183.01203022362418	9.498022481776063e-05	0.5005404628542597	0.00018299405337784638	6.690899704311479
34682	183.21771631828264	9.492893311250597e-05	0.5003243934291124	0.0001828722274016903	6.663998172629931
34831	183.41193652639942	9.489815376648855e-05	0.500092972454822	0.00018283533563314344	6.673479327821479
34980	183.61953226271078	9.488933208241618e-05	0.5000603123678373	0.00018281018041996897	6.666039538517167
35129	183.8128339163802	9.48836095998153e-05	0.49902841903787354	0.00018316320614705702	6.677508480495395
35279	184.00560293479538	9.497593127730509e-05	0.5007660520155015	0.00018288012082534193	6.681300278687968
35428	184.21560372162568	9.49032582700279e-05	0.500661046121153	0.00018263549040792532	6.705511082399398
35577	184.41384615980397	9.484058497732702e-05	0.5006234678806185	0.0001824050905955716	6.715649296214597
35727	184.61732902937996	9.478151015995416e-05	0.5003171287104102	0.00018228645701527787	6.725984808916011
35877	184.81719789343316	9.475146651266594e-05	0.5001032298240392	0.00018224588741214893	6.739522043871466
36026	185.0234552423013	9.474168684975365e-05	0.5002502445919639	0.00018215164173176755	6.7492354841151565
36177	185.23972527909444	9.47179871506973e-05	0.49921060893739916	0.00018243652211635567	6.727796303533193
36326	185.4289681086247	9.479284533346322e-05	0.5000419162145365	0.00018241842941366405	6.743252261443287
36477	185.62966835740002	9.478887222602638e-05	0.5006700374281239	0.00018217136804242638	6.752802874938197
36626	185.84634999119334	9.47254238958827e-05	0.5008492862797372	0.00018185932505622674	6.781993635465492
36776	186.05299138958222	9.464507723452533e-05	0.5001945718450459	0.00018178551969380235	6.818408880965919
36926	186.25051507004943	9.462666734011978e-05	0.5004495682138427	0.0001816193663043116	6.820718596920556
37079	186.46744254537842	9.458415486454126e-05	0.49991246899298436	0.0001816479702131517	6.822354507799897
37229	186.68747777352613	9.459243499803278e-05	0.4999181274676647	0.00018167459383714915	6.864053692639007
37379	186.87936167795607	9.46001804714511e-05	0.4991657531587291	0.00018197544252604984	6.869270655240307
37529	187.09134769687822	9.467919926872624e-05	0.5006774024375801	0.00018172618203389333	6.8175168112404325
37679	187.3121147709927	9.4615128443608e-05	0.5009456486891424	0.00018137994917642765	6.871792178230608
37829	187.5190962793022	9.452578248629781e-05	0.5002499543673301	0.00018128634875241452	6.666494206458587
37978	187.72893978730434	9.450216420900858e-05	0.5000633485056396	0.00018126041323194422	6.855153955532626
38128	187.93584908027765	9.449617820692666e-05	0.500363842126535	0.00018112564290701349	6.860861501434384
38278	188.1453946836423	9.446181526938799e-05	0.49974770483463976	0.00018121411785751134	6.861744493079367
38427	188.36120744797648	9.448565655163146e-05	0.4992027186706016	0.0001815004993962385	6.857445625238846
38577	188.58346164091648	9.456107841215305e-05	0.500615169629052	0.00018127429742662626	6.8638527787803225
38727	188.78937078048318	9.450296093129219e-05	0.500510099958168	0.00018108666118576711	6.884416838837162
38877	189.00645216346007	9.445479182832867e-05	0.5005033986132185	0.00018090143716638262	6.900744123926414
39030	189.23145837582598	9.440727929072024e-05	0.5005121975159826	0.0001807131592221526	6.911226700772063
39180	189.44221252899894	9.435896123619071e-05	0.4999799911779373	0.00018071744572682827	6.923994210207649
39330	189.66255742072943	9.436084930452333e-05	0.49999871207721175	0.0001807148308321341	6.934234014969541
39480	189.88036277145002	9.436097083424626e-05	0.49942110628609093	0.00018092128937575452	6.932365112894954
39631	190.097168125146	9.44156432859916e-05	0.49977370309637753	0.0001810001976802663	6.935461377026956
39782	190.31932868404763	9.443701650903572e-05	0.5006753433019208	0.0001807529781097946	6.941356433862847
39933	190.5456215342126	9.437330363731493e-05	0.5006886331628744	0.0001805012389625809	6.962160308460967
40083	190.76428688191385	9.430838210373038e-05	0.500168508853634	0.00018043736221666506	6.976105581366748
40233	190.98994727273387	9.429249432210904e-05	0.500098780284881	0.00018039865961097786	6.992658313548801
40384	191.2111832307021	9.428318146252544e-05	0.4995260542599687	0.00018056675715006926	6.9844371117544055
40537	191.43913342681012	9.432789836732834e-05	0.49965071265669353	0.00018068992169410834	6.97881179919209
40687	191.6553364437065	9.436086318064264e-05	0.50034755312699	0.000180561419514582	6.985951373221379
40839	191.8947650655184	9.432808485490364e-05	0.500882366852206	0.0001802400835527361	7.018849575256725
40992	192.12601313753152	9.424496287954438e-05	0.5001337483652959	0.00018018876713351913	7.034331020495175
41144	192.34400349887497	9.42323602981275e-05	0.5001617098017948	0.00018012753230116713	7.0971198852260535
41295	192.57915464130724	9.421712569709794e-05	0.4998658692340521	0.0001801726879591268	7.047155642776615
41447	192.81362693598552	9.422976565550091e-05	0.49946672483750687	0.00018036194442392362	7.0193251348914485
41599	193.03614550140145	9.428005628078194e-05	0.49982750831803713	0.00018042114467106628	7.035598800668155
41750	193.259245964527	9.429632301520097e-05	0.5007726318630388	0.0001801398078428163	7.068228206608196
41901	193.48043654000975	9.422355099958692e-05	0.5003785989319199	0.0001800005452151451	7.084548695588847
42051	193.70525578535268	9.418789830964516e-05	0.4999274911571081	0.00018002362230427543	7.094273769308383
42202	193.9229490454898	9.419472850804968e-05	0.500089573273654	0.00017998848478312197	7.106745249897267
42355	194.1635055566607	9.418629231132598e-05	0.4994090959914838	0.0001801982851258261	7.097127886784546
42506	194.39203099325687	9.424199674782767e-05	0.4994758731287354	0.00018038434741917038	7.100516087958849
42658	194.60513598027742	9.429143037836276e-05	0.5005571747772639	0.00018018073764104452	7.114845760976321
42813	194.8478988690302	9.423893743918459e-05	0.5007519207240854	0.00017990696300320593	7.144804116226318
42964	195.08168094646962	9.416815705097239e-05	0.5000399085180808	0.0001798895230064258	7.1645269355154495
43117	195.30260006602165	9.416439916433012e-05	0.4997542669867367	0.00017997509625249528	7.168581542550587
43269	195.5413210388703	9.4187546998509e-05	0.499314601573555	0.00018021899454437866	7.157920046119468
43421	195.76516807482844	9.425216944078752e-05	0.49933954788852175	0.00018045447819760768	6.78155033830725
43574	195.9952328913779	9.431448022183591e-05	0.5008147514001428	0.00018015789528986301	7.169013467185736
43729	196.2154485104138	9.42377311514138e-05	0.5000600144286873	0.00018013339979292497	7.202992156868832
43884	196.46272413336123	9.423207603689557e-05	0.49908925859156245	0.00018045889691000228	6.532882786718531
44036	196.7002667264507	9.431801450997109e-05	0.5013798079796133	0.00017995920336769236	7.256501610612061
44191	196.93553721835113	9.418814249685927e-05	0.49967810459800815	0.00018007206771190808	7.241184975180019
44343	197.16852131325	9.421847587389907e-05	0.4998475179764727	0.00018012406827017544	7.247070273388101
44496	197.3972395002517	9.423284578456711e-05	0.4994288408710285	0.00018032706311076608	7.252889540124405
44651	197.6394062773584	9.428671388997193e-05	0.49987628268153633	0.00018036862880315677	7.272818334233999
44807	197.8667431796373	9.42983809545527e-05	0.4994038552683287	0.00018058100461925086	6.576066465392553
44958	198.11148817550833	9.435464675640795e-05	0.5002877183266227	0.00018047402324543452	7.296495726817641
45112	198.3472239557584	9.432751090599491e-05	0.4999175582236216	0.0001805007921381842	7.297964315816241
45264	198.5755448898493	9.433528839535363e-05	0.49990718100944664	0.00018053138116976247	7.322217842943841
45419	198.82024827818893	9.434404572088409e-05	0.49997340821409025	0.00018053786085310992	7.265885759623358
45571	199.05812703275723	9.434655459762348e-05	0.4989111400212195	0.00018092881991607775	7.002281245655133
45728	199.29612031792476	9.4449452878323e-05	0.500604523316431	0.00018070734529285865	7.355168584286307
45888	199.54600685012878	9.439240770433192e-05	0.49918041839297683	0.00018100091766187757	6.363878731622678
46039	199.79451837314443	9.446986522268307e-05	0.5001857802446342	0.00018093057077793858	7.41615423639886
46197	200.04288646704816	9.445231947733937e-05	0.4989445679019319	0.00018131010900734982	7.410856246987517
46352	200.27747363595975	9.455216558606972e-05	0.49580554873750293	0.00018284102316087629	7.098387396725219
46506	200.5307910532939	9.4951272853172e-05	0.48321175585564063	0.00018919029120092432	7.439831602003203
46659	200.7807875081682	9.658663756264244e-05	0.450737623265725	0.00020986405153143093	7.151973216788067
46815	201.0597153223935	0.000101727915241911	0.5661403004989913	0.00018534314532411922	23.631096806425074
47028	201.31231432322406	9.560114879245294e-05	0.5360338370795544	0.00017288015115677363	23.634632180568147
47252	201.64281317550686	9.23319505925087e-05	0.5014664681634785	0.00017237043939363606	18.00364231019482
47444	201.96499201040623	9.219684584418081e-05	0.48551430068360213	0.00017750949652672432	7.785904723130425
47598	202.17682588869303	9.356211972884486e-05	0.5005645669089749	0.0001773068386594532	7.54255028886305
47757	202.45466673116405	9.350934234245812e-05	0.5003128386405876	0.00017719262066336142	7.486169868737529
47910	202.6872585369586	9.348010272712454e-05	0.5001554012792853	0.00017713479846719345	7.459494362174831
48075	202.94129078546024	9.346557918495091e-05	0.500135253867234	0.00017708387353746185	6.677296372772714
48225	203.16108695659406	9.345294016806895e-05	0.49979796958857076	0.0001771528203160398	7.427785330902284
48386	203.40976036933128	9.347182622755069e-05	0.5010703076771843	0.0001767714668030225	6.89417580489375
48545	203.6528856394331	9.33719429445309e-05	0.4993448407007749	0.0001770005128273305	6.531122572437093
48700	203.8845202918832	9.343317662453523e-05	0.5004876849318382	0.00017682528836187035	7.423101751038309
48858	204.1181947185558	9.338764397783421e-05	0.5005231052206139	0.00017663773853905386	7.304679363030522
49019	204.37172558425604	9.333883071210222e-05	0.4990241153499449	0.00017698016323505094	7.416131710890343
49180	204.62429755565515	9.343005219846063e-05	0.4999203565894795	0.0001770054186873818	6.46817137719717
49328	204.84229715752127	9.343749417553129e-05	0.5001975117071217	0.0001769329718128724	7.520833484322767
49488	205.09257510594855	9.34190446423658e-05	0.5003191437930441	0.00017681717773276702	7.422027824984674
49640	205.32397148693582	9.338924479901008e-05	0.4998345573126737	0.0001768730275456717	7.450613052978878
49794	205.55148412400177	9.340469920196971e-05	0.49906575364886396	0.00017720145345991668	7.127377143353668
49954	205.75655049124916	9.349208467980954e-05	0.44726647788486973	0.00019809061763611922	5.672819048882696
50103	206.10269420712075	9.884999943495532e-05	0.5261500876325615	0.0001882425115417486	7.554352658227969
50268	206.33423377641017	9.636223177107499e-05	0.5011065126879126	0.00018782374361401544	7.350398582392174
50427	206.5687161893981	9.625578238782712e-05	0.5000253546852275	0.00018781138953699922	7.758548950352581
50586	206.8171049133778	9.625334194557793e-05	0.5002116116932274	0.00018772890842406922	6.991663882803483
50751	207.06910363147273	9.623298007589672e-05	0.5017392950167218	0.00018707505773440838	7.357334421348865
50915	207.32209742431147	9.606603794958199e-05	0.5001383211706446	0.00018702024011334905	7.7810684360799
51070	207.56153892364887	9.605275273912888e-05	0.5004423171353624	0.0001868520685062334	7.741141552756033
51233	207.81552671498272	9.601029512821116e-05	0.4996250604297062	0.00018698921657922117	7.787991641782634
51387	208.04524604118967	9.604631344531515e-05	0.4997922091373788	0.00018706421980801093	7.77177804524563
51555	208.2936123232735	9.606627721428625e-05	0.5005922629757126	0.00018683989997080885	7.787098533547734
51713	208.53924867506572	9.60094312117695e-05	0.5002486776951035	0.00018674409131342695	7.778477466761461
51869	208.79030798902957	9.598556470993868e-05	0.4998645747933854	0.0001867916908264031	7.268486149208005
52026	209.01929839185678	9.599856621602864e-05	0.5001387714570145	0.00018673713767571845	7.795639278655577
52181	209.2494665204229	9.59852471275234e-05	0.5003255475789504	0.00018661291218355377	7.833844666160967
52345	209.50458430147685	9.595401461338287e-05	0.5000704504159011	0.00018658357211685122	7.8042357459674765
52499	209.7235382961563	9.594725532742935e-05	0.5000050983351795	0.00018657908595057264	7.826811827798272
52658	209.97566345515477	9.594676615990305e-05	0.5000172054149289	0.00018656968715071717	7.803444417772078
52823	210.2233989051003	9.594511539858311e-05	0.49989833900572406	0.00018660471794946872	6.768922417156469
52982	210.47024671076346	9.59548707620456e-05	0.4998351820898642	0.00018666334065429703	7.369985805151976
53139	210.70296355521285	9.597068975429927e-05	0.5001320871489954	0.00018661133408797576	7.8429339918685415
53303	210.95680407466284	9.595801577055281e-05	0.5001036761936319	0.00018656967871495366	7.819575957650174
53468	211.21664674338408	9.594806875560548e-05	0.49997924366127106	0.0001865743914623249	7.859042481261666
53628	211.4622222156788	9.595006034822844e-05	0.4990861083973998	0.00018691319584833476	7.79126334058037
53792	211.70719214295153	9.603786869196274e-05	0.5002852952127794	0.00018680377211738902	7.802768502910835
53946	211.9404081253948	9.601048126747391e-05	0.49982458205631036	0.0001868666319198225	7.858981414143215
54108	212.17813644340066	9.602732766153984e-05	0.49985083037587763	0.00018691963302739612	7.815930842341133
54272	212.4482045504513	9.604165522784882e-05	0.49931242441798596	0.0001871739337287661	7.034153832667427
54431	212.70486174362017	9.610775930998706e-05	0.5001854395591749	0.00018710157998896382	7.359725097581873
54593	212.94601363558138	9.60899420853416e-05	0.5001339150506143	0.0001870487217970384	7.832486671890541
54755	213.2103683074991	9.607707678011305e-05	0.49944169015442763	0.00018725479367132463	7.0409212730330415
54918	213.44627704257596	9.61307625221166e-05	0.49981133116515297	0.00018732278463981863	6.7586873283466655
55073	213.6802876165474	9.614890453548487e-05	0.5009727080389582	0.0001869563847972585	7.824517730751605
55238	213.95026208955557	9.605551596076355e-05	0.49999731709486495	0.00018695431071402314	7.83229060529286
55397	214.1754664366604	9.605577366963769e-05	0.49955177104690884	0.00018711950409548613	7.475264936493309
55560	214.4303287586532	9.609885761788249e-05	0.49994227322772616	0.00018713823108941824	7.849284153538161
55731	214.70111285191211	9.61044055751551e-05	0.4994926736088937	0.00018732522841100047	6.981477609633183
55887	214.93703465570852	9.615319901084262e-05	0.4990189857610263	0.00018769086765632796	7.45425784374773
56058	215.20884194276053	9.624766570069767e-05	0.5008024049657888	0.00018738707023217767	6.993862013963807
56220	215.4569233399166	9.617052892578446e-05	0.4998725206685271	0.00018743204964437562	7.854006129669193
56387	215.7021718307085	9.618279102531552e-05	0.49946453404608726	0.00018763024768098734	6.879085458199958
56552	215.95843902653104	9.623433503905531e-05	0.4996864752528495	0.0001877451007187261	6.857425722150248
56714	216.21307605305662	9.626452108146462e-05	0.4984144835795755	0.00018833945951031414	7.90043936069885
56870	216.4603217142548	9.641751401586168e-05	0.4994426675308585	0.0001885468783601195	8.154316509231219
57027	216.6896052378638	9.647129559252373e-05	0.4974498277097024	0.0001895108968867554	8.563588679972616
57197	216.95223085961226	9.671825911921819e-05	0.489881594931343	0.00019342218722307754	8.304147848012203
57374	217.20771135813294	9.771200197772936e-05	0.47603435605025907	0.00020315673493161903	6.619212869880464
57536	217.45866144182838	0.00010014142449451914	0.4973834205176084	0.000204222297303972	25.146704194893825
57762	217.75520161335444	0.00010040448542237153	0.6988218600741698	0.00014611616559935179	38.317349378074496
58094	218.22614966416037	8.492877813473214e-05	0.423433128278909	0.00017253211089842744	7.072153729001882
58251	218.51123838309925	9.228847329063902e-05	0.5021933301825605	0.00017177626515820497	7.218287957566969
58419	218.77211057940383	9.20867177293957e-05	0.5001860357713312	0.00017170977108823212	6.927811010162861
58580	219.01522230154765	9.206959108493816e-05	0.5000741889344614	0.00017168187207523247	7.410504111249555
58742	219.27478080906764	9.206276130011156e-05	0.4995377847599047	0.00017183812428258293	6.70105987283182
58902	219.5158569204166	9.210534363701275e-05	0.5001541706886603	0.00017178279242596427	7.3806142229047484
59060	219.7720869531166	9.209114697573416e-05	0.49998399785167597	0.00017178575166679997	7.430708121993265
59231	220.01200898789006	9.209262066730084e-05	0.49932244884748256	0.00017201649186394342	6.453359398245999
59400	220.2985718196624	9.215508161647791e-05	0.5001013715936333	0.0001719787911546152	6.600511148650433
59558	220.54405166363497	9.214574112925915e-05	0.5000145872943194	0.00017197135647540107	7.391232165333494
59725	220.7963982919382	9.214439700162373e-05	0.49932630681305257	0.0001722009031869973	6.62269468436233
59885	221.0562719101252	9.220653685594935e-05	0.5003307625019306	0.00017208453022502266	7.393856255584945
60049	221.30992537954378	9.217605351441052e-05	0.49919321101536707	0.00017236017462395726	6.456596555271173
60208	221.55631085547932	9.2250510257479e-05	0.5001720982832785	0.00017229845474960745	7.3984304375077095
60369	221.80136166011255	9.223463820024533e-05	0.5002370519644135	0.0001722143945767006	6.914300671716486
60535	222.06330781327202	9.22127815695019e-05	0.4995839180538106	0.00017235529527384854	6.901522707583191
60705	222.3250226349968	9.22511736061332e-05	0.49977058626202686	0.00017243188452964724	6.589829504504498
60875	222.59786258617507	9.227234457834902e-05	0.49938037144432307	0.00017264319000950668	6.475140429449763
61031	222.8301169333919	9.232957235339084e-05	0.500096734776823	0.00017260756209622533	7.381101414671034
61202	223.09665777799756	9.232064216858333e-05	0.49960061323428373	0.00017274296078849768	6.472907249099093
61358	223.32956077349743	9.235753591505082e-05	0.5003460751175722	0.00017262124938704004	7.016905725930006
61520	223.555413870709	9.232558985260012e-05	0.49987292119128685	0.00017266296316374873	7.386257638007819
61685	223.84246392313787	9.23373247154983e-05	0.49929878915225445	0.00017290269081048673	6.476672409531595
61854	224.10735194235878	9.240214083185952e-05	0.49965272679290884	0.0001730203396313554	6.51859739107742
62027	224.37652894821227	9.243424634469321e-05	0.49909293985650904	0.00017333220488319003	5.753041702544394
62199	224.63458433325798	9.251820401471533e-05	0.4997653825455732	0.00017341110995789104	6.197828684320814
62361	224.88315208450905	9.25399180422631e-05	0.49953209823620454	0.00017357119107568766	7.054523842884589
62528	225.14717452816603	9.258324804678757e-05	0.5002106901920799	0.00017349555952005327	6.682686046999372
62699	225.41883577003372	9.256374782701443e-05	0.49982508399530406	0.00017355369465363042	6.46073124323765
62868	225.65256367743652	9.257994295726913e-05	0.49975593568982873	0.0001736362245810228	6.4294850175043745
63035	225.92466082065675	9.260254669266701e-05	0.4997640491264826	0.00017371562343486028	6.433674717484725
63206	226.19267249648948	9.262440408065805e-05	0.49966673711351867	0.00017382896643307954	6.427784745655283
63372	226.4345176392462	9.265528779637275e-05	0.4999429481273538	0.00017384651891304127	6.490652643820323
63540	226.7086807089353	9.266057440647292e-05	0.500387741147258	0.0001737092351995977	7.32148325517095
63708	226.9635165740476	9.26246669718827e-05	0.49995627119019326	0.0001737220324916253	7.022395420309333
63881	227.24327556205978	9.262871760402405e-05	0.4991229512586187	0.00017402466069622448	6.467998759807423
64041	227.48298547251895	9.271006453771018e-05	0.5004721377873638	0.00017385826908994183	7.44184713671946
64214	227.75161553871692	9.266632358816922e-05	0.4994413282040998	0.000174050233364921	6.4714039481327355
64385	228.00160434334538	9.271813707373243e-05	0.49999092912448084	0.00017405105548873214	6.5911002648700405
64547	228.25920613868456	9.271897811985574e-05	0.4995560848548449	0.0001742033262641022	7.087647000108283
64718	228.52530411676545	9.276016490567343e-05	0.49971700378819545	0.00017429952749598382	6.444360162224929
64886	228.7895385065295	9.278642682951149e-05	0.4996008550912921	0.00017443632764274674	6.426852445000789
65055	229.04759873376346	9.282348424777398e-05	0.499525499982634	0.00017459963023637502	6.587509569322373
65220	229.28363487307539	9.286756036632214e-05	0.49939505598688794	0.00017480896984882732	6.955249842037485
65391	229.56235975213426	9.29237910707677e-05	0.4990360290004573	0.0001751440678524605	6.05076238952302
65559	229.822360311434	9.301349664174047e-05	0.5001786525172179	0.0001750791138946242	6.353089080106566
65726	230.0753090969069	9.299688399813354e-05	0.5002033230499372	0.00017500561212757565	6.972571581595877
65898	230.35689047165394	9.297798135286429e-05	0.49940204160421886	0.00017521258458076753	6.4206976996267855
66066	230.61624829772967	9.303362823419401e-05	0.4999866372724486	0.00017521487391624753	6.67342912481193
66237	230.88492742134483	9.303487144214025e-05	0.49910438687050135	0.00017552683205724142	6.426564324596847
66402	231.1470811533173	9.31183067999543e-05	0.49997613555552667	0.000175532815581915	6.421122581495308
66572	231.4178842274994	9.312052909616749e-05	0.4991583672289319	0.00017582632664984042	6.625177261589107
66744	231.69025366501094	9.319900146639974e-05	0.5004553098436986	0.00017566385148331428	6.429750079993265
66912	231.94992067450463	9.315659600284995e-05	0.499133228763567	0.00017596656373594974	6.077483176386373
67076	232.2072380747427	9.32374465943988e-05	0.5006744334096294	0.0001757271953258098	6.706435894828409
67247	232.47500531921733	9.31746276890012e-05	0.4990372955295296	0.0001760637422969716	6.425543564295857
67416	232.72931890083782	9.326445705914968e-05	0.4988614454868663	0.00017646329261645079	6.337603209982801
67583	233.00965519504987	9.337082542142852e-05	0.5001087182698589	0.00017642241855261582	6.444248947410649
67749	233.2663223567147	9.336067596195092e-05	0.5011874288093715	0.00017600210258778633	7.147864253016213
67917	233.53006662554563	9.325001387172059e-05	0.49944008831597064	0.00017619702485090444	6.993195360988142
68092	233.80605510321334	9.330226953595655e-05	0.4990740398584322	0.00017652148184909915	6.2858462005992894
68259	234.06610362567812	9.338878390050613e-05	0.49907135203697167	0.00017684760709593184	6.330561442935725
68429	234.34714406611639	9.347563019764163e-05	0.49985068622823225	0.00017689792249351693	6.606866214703888
68601	234.60944822127917	9.348959052333594e-05	0.5002841353147595	0.00017679511975245865	6.6308031090549315
68773	234.88312024671006	9.346303814527255e-05	0.49923633313174537	0.00017706310503074705	6.148715526265955
68940	235.15185531964906	9.353449463476693e-05	0.4997289430784219	0.00017715675107034628	6.559856765078243
69113	235.406853624997	9.355985811983228e-05	0.5006205424598451	0.00017693488356698944	7.049202836476463
69287	235.69621693503728	9.350185424055626e-05	0.4988479771712199	0.00017734092171232276	6.457730990012882
69456	235.9489161562486	9.360975700669172e-05	0.5002095894799592	0.00017726439848622682	6.585166291568521
69632	236.23685046070534	9.359014355234678e-05	0.49943436508771505	0.00017746259120051503	6.451423454717138
69801	236.49685819682213	9.364312636261689e-05	0.4995986090897656	0.0001776028924431701	6.566630064029985
69969	236.74629789109323	9.368073650841626e-05	0.4987399694179993	0.00017804937032072458	6.1309134965142515
70138	237.0067354276729	9.379900067305809e-05	0.5002670477094199	0.00017795204658671977	6.449917447416343
70307	237.27722022981249	9.377396189415901e-05	0.4994618690786494	0.0001781413785900613	6.409557243501808
70476	237.5519916068207	9.382446533252275e-05	0.5004356460634918	0.00017798390654139143	6.567719849692193
70648	237.8161961318936	9.378361776422766e-05	0.4992307270848422	0.00017825582691242942	6.335450753073252
70821	238.07806663673486	9.38558463171575e-05	0.500008691053243	0.00017825045014243442	6.37357475057176
70997	238.34632045977628	9.385503062163385e-05	0.4996252019597499	0.00017838182882625838	6.23186365165947
71173	238.62703360337474	9.3890227091767e-05	0.49867552773406776	0.0001788531478670681	6.368553529924018
71343	238.8893807009181	9.401482969735296e-05	0.5004447965563192	0.00017869190203405135	6.622069714878209
71517	239.1581789752076	9.397304010459502e-05	0.49908407391058845	0.00017901749752221682	6.3904520963892075
71685	239.41483510660706	9.405923089841663e-05	0.5005937685766026	0.00017880293812521953	6.755681777974837
71855	239.66967612990666	9.400343117603704e-05	0.499320153951724	0.0001790441623983436	6.409476833488533
72026	239.94767295195697	9.40674042824388e-05	0.49968685939480156	0.00017915396499051408	6.4472023215302094
72196	240.20505219238726	9.409687444952687e-05	0.499466418663692	0.00017934313016913997	6.552071570808074
72366	240.47870506313325	9.41471230066549e-05	0.49853299179540933	0.00017986852574493757	6.582082548709732
72540	240.7573492727245	9.428554227643386e-05	0.5005396304099987	0.00017967220637549346	6.216974865863849
72716	241.00532788345666	9.42347040776563e-05	0.5002311484112872	0.00017958701564601908	6.4435803152895215
72887	241.28142103024172	9.42129294249944e-05	0.4995507542892063	0.00017974617402087624	6.395406932930764
73062	241.5684774491222	9.425528272213342e-05	0.4998059870904951	0.00017981348597082884	6.404997307234762
73233	241.82283949620395	9.42735747872879e-05	0.49927318205476184	0.0001800730792270956	6.4172811126074345
73403	242.09119272583612	9.434216930586121e-05	0.49875056908107784	0.00018052189140236878	6.4257943884532
73584	242.3737698694558	9.446026470335837e-05	0.49966947415122387	0.00018063889354689495	6.006363825987851
73754	242.62693086742811	9.449150175035569e-05	0.500711326824491	0.00018038010004177183	5.965367245056475
73922	242.87231614992155	9.442435904260058e-05	0.49984821348944525	0.0001804327619379919	6.401272180142284
74097	243.14643753876814	9.443869465058149e-05	0.4998955242641016	0.00018046818240070544	6.363941363547553
74266	243.40027274703175	9.444856274919462e-05	0.4998815995900413	0.00018050875599621592	6.55993510339911
74444	243.66998017773076	9.445974748419914e-05	0.49895143334010894	0.00018088580944175837	6.417064764096433
74618	243.94393642423827	9.455895088547847e-05	0.49928123305291056	0.0001811439176479861	6.0789690543731645
74787	244.20246395016875	9.462699009922736e-05	0.5001545814007161	0.00018108575541018944	6.393646812861261
74961	244.47219065318964	9.461236591740469e-05	0.5009711803885967	0.00018073241426360328	6.420576176302085
75134	244.72544617086058	9.452061388315744e-05	0.4995576080666237	0.00018089035063445478	6.429021491522621
75308	244.99090608863128	9.456245680878445e-05	0.49989371189365045	0.0001809265800622747	6.2933750440338
75485	245.2710357075817	9.457250927596538e-05	0.49955551752192223	0.00018108520988205132	6.340790556284216
75667	245.52483422940878	9.461457314630488e-05	0.4986723593323237	0.0001815652014765743	5.856317915508159
75840	245.8052813739279	9.474043801187704e-05	0.50111156716484	0.00018116010241590343	6.696579700250854
76014	246.05847132293218	9.463530291644073e-05	0.5003481542968606	0.0001810319332607014	6.364247330598089
76194	246.3289602784639	9.460237242543603e-05	0.499686106351377	0.00018114342224424045	6.375644871245356
76368	246.57611420579815	9.463208149825096e-05	0.4993350499051219	0.00018138258762880895	5.852990148577158
76551	246.85491297575922	9.469506994304761e-05	0.499980044916092	0.00018138753396053337	6.012908227126544
76724	247.1401714295294	9.4696959647678e-05	0.4992192061449651	0.00018166887452070648	6.4223816627692205
76896	247.39578240906897	9.477098516115148e-05	0.5011112233800035	0.0001812639059982235	7.045980387436716
77082	247.6587240498218	9.466584863951577e-05	0.49990129136888595	0.0001812975244109164	6.4162324541620945
77255	247.92284189061982	9.467519435962584e-05	0.49987776499080966	0.0001813396835599667	6.449278064608713
77433	248.1950967118098	9.468676910518043e-05	0.49933891168126254	0.00018157752918437312	6.060514376784529
77610	248.46139775387422	9.474942756318741e-05	0.5006696037089906	0.00018133251152235313	6.619434390702939
77788	248.71460351344098	9.468604664811032e-05	0.49866416476581754	0.00018181620928656145	6.41501165130541
77958	248.96790169222334	9.481278561559145e-05	0.49992328721402496	0.00018184204796207272	6.409306096136103
78141	249.23380140334203	9.482005980556785e-05	0.500418871689201	0.00018168766188966825	6.408246925374541
78316	249.5023641607439	9.478036730430422e-05	0.5002483740215863	0.00018159527834558725	6.396722406894787
78495	249.71172977542525	9.47568350901326e-05	0.49956893117442336	0.00018175026718017027	6.410586679009487
78675	250.01826766488608	9.479770823835984e-05	0.4998300260667139	0.000181809601781532	5.841880601367511
78848	250.30990948925412	9.481382548708029e-05	0.49893123676588197	0.00018219669784971365	5.969504973419463
79028	250.57295897101568	9.491532176008914e-05	0.4993802065901564	0.00018242070089891893	6.427231879414399
79199	250.82275032497358	9.497420439927516e-05	0.49994151587482333	0.00018244003284884527	6.443466297661815
79377	251.09261123204288	9.497975936985493e-05	0.5001610215597763	0.00018237911377504406	6.003366810878265
79560	251.36610496306935	9.49644692738076e-05	0.49993790282889206	0.0001823995823300011	6.079575970175708
79748	251.63773072425752	9.497036684804499e-05	0.4998919510317538	0.00018243682180164059	5.8434199066406975
79935	251.9182213152079	9.498062996160507e-05	0.498763973023856	0.0001828866832016472	5.993725107923097
80112	252.2004753992089	9.50982466936074e-05	0.4993031621667898	0.00018313967049672983	6.319899221077575
80292	252.46772924941777	9.516458409745329e-05	0.5005347287189649	0.00018294188725674564	6.044400558200499
80474	252.69647922553654	9.511373764126585e-05	0.49996684312416456	0.00018295218315978842	6.582900490439134
80652	252.98898219039145	9.511689147251273e-05	0.4989036861779267	0.0001833518950292576	6.071946848726807
80841	253.26981941206105	9.522134123133726e-05	0.5001273400929596	0.0001833029549163668	6.190710718375565
81015	253.527874274409	9.520921805249407e-05	0.4973665984157464	0.00018427145776360617	6.037059009097124
81195	253.81248989370047	9.546093691096836e-05	0.5006949509503115	0.00018401342880379107	6.428226228263692
81372	254.0813957728408	9.539466531740882e-05	0.5000458882065811	0.00018399439620009892	6.322645503132244
81552	254.34581243898924	9.53902881285897e-05	0.4990286531137742	0.00018435044592571273	6.090165423605464
81735	254.60986038613584	9.548308041008916e-05	0.49974115837754757	0.00018444383829941858	5.949741688431979
81915	254.88054419371784	9.550780500558513e-05	0.498701268568662	0.0001849220140400459	6.334909564465854
82089	255.14964017517593	9.563208615811719e-05	0.498897216588627	0.00018532867045097735	6.406876947977353
82272	255.42153588677323	9.573772240933792e-05	0.5000886075252161	0.0001852936701349742	6.306647006822264
82449	255.7022131882511	9.572924045401636e-05	0.49966841236257825	0.00018541440873242674	6.412653197614429
82638	255.9789407084107	9.576099888361789e-05	0.49912047183529556	0.00018573896857008244	5.559312648911792
82816	256.2528014505187	9.584533465907525e-05	0.4993128281535996	0.0001859924162844603	6.3354074007279495
82989	256.5160102650281	9.591126484049702e-05	0.4983452576478912	0.00018660793985153192	6.388547386982087
83169	256.7836616488479	9.6070368294402e-05	0.49915893183334403	0.00018692024472073107	6.389990493858365
83352	257.0618153232641	9.615127210568347e-05	0.49982661311134574	0.00018698290017620054	6.002512226794068
83544	257.3558140360044	9.616794781274282e-05	0.49971203357511673	0.00018708834230342255	6.0136323566982055
83721	257.62763336043076	9.619565292064866e-05	0.4981613647311701	0.0001877767202642239	5.815051931264543
83905	257.90786111214794	9.637301093603958e-05	0.4999657849941266	0.00018778737316334782	6.619350518298622
84081	258.17202577022385	9.637630850841546e-05	0.49802040995806957	0.0001885317281085146	6.39234678641138
84262	258.4530743077684	9.656766248048353e-05	0.4988442720427052	0.00018896630768600975	5.9205030900239555
84434	258.71760598671204	9.667946228039054e-05	0.5003538853960977	0.00018883056831248447	6.364142436297129
84611	258.98410385427945	9.664526698134211e-05	0.49903349375922185	0.0001891941931887659	6.3308333230528335
84789	259.2667462262477	9.673881087302069e-05	0.49884770507213855	0.00018962899233827745	5.792503989121412
84969	259.5448211588076	9.685047555720022e-05	0.4985118755733577	0.00019019289159500244	6.274929433600456
85149	259.832524610933	9.69949236307586e-05	0.4973670111529096	0.00019119750194108165	5.613033422580181
85329	260.0439817782995	9.725132327456148e-05	0.5001303215630845	0.00019114599799220305	6.268444888410812
85524	260.4075374700882	9.723865180709469e-05	0.49938889442398765	0.00019137703317821368	5.343808244898059
85719	260.70002852981867	9.729812941562163e-05	0.4986124184870506	0.0001919072963475438	5.258274324854236
85905	260.9834514174964	9.743342015685253e-05	0.498717003645214	0.00019239879719591248	5.3286060274208955
86103	261.304176088297	9.755866797008805e-05	0.49759632189144903	0.00019332566847915446	5.367255822463452
86283	261.5862325404488	9.77940164985066e-05	0.49952726685744897	0.00019350641067988422	6.304081329012781
86465	261.86782148720465	9.784027977911358e-05	0.4998675803318102	0.0001935554569939956	5.913192362274493
86655	262.1228075534541	9.785323833050496e-05	0.4985432383686062	0.0001941190007419281	5.375061544873096
86834	262.42221186238936	9.799609942135006e-05	0.49903849565896485	0.000194490656783701	6.176585542990539
87024	262.7244159791167	9.809045920919633e-05	0.49852174757446804	0.00019506501037692208	6.277078469574158
87201	262.93906660063755	9.823578398801365e-05	0.49784091826048055	0.00019590931678452445	6.231023322209519
87390	263.2318777753664	9.844857246548604e-05	0.4987913277934031	0.0001963817266137198	5.503735501704654
87561	263.5664236234725	9.856778068789223e-05	0.5003984313544105	0.00019622272236233596	6.432004216557828
87753	263.87804684227757	9.852853164904602e-05	0.49792886401560027	0.00019703645285377376	5.334084085018027
87945	264.1748558354465	9.873323380541632e-05	0.49840737315999695	0.00019766373159245786	5.335280139971737
88142	264.48555850796134	9.889085565286223e-05	0.4982232348054474	0.0001983661624286262	5.319794670403023
88323	264.76268298763756	9.906703115628917e-05	0.4981421275319553	0.0001991038279877707	6.003662279986105
88505	265.06133849402494	9.92515995824263e-05	0.49931032259502883	0.00019937647935733567	6.1385616555214195
88694	265.35405265712035	9.932012206383017e-05	0.499047559725835	0.0001997546894597878	5.244128402803443
88883	265.6514016712142	9.941485390926031e-05	0.4985376469742553	0.00020033824939954468	5.2325469317548166
89060	265.9044105324166	9.956055319537407e-05	0.49922750842200686	0.0002006462619408749	6.2974221312692205
89244	266.21690923289333	9.963755211724184e-05	0.4970322703725157	0.00020184183533397776	5.272233420261272
89436	266.5209466939438	9.993457230201709e-05	0.4982777016244196	0.00020253709353850745	5.274069576208817
89633	266.8325690470772	0.00010010713538943474	0.49946391950744695	0.00020275199880170032	5.275306574106963
89817	267.1033264109602	0.00010016084406400226	0.4989460574724338	0.00020317812833416473	5.2780226322956905
90003	267.40658932758555	0.00010026657501807404	0.4995366258606313	0.00020336417389933383	6.0290136755792
90199	267.70958407777727	0.00010031306827413611	0.4972719953955064	0.00020447744612445427	5.2641120819574185
90380	268.00211631809174	0.00010058784769820713	0.49769257163354363	0.00020542313889773708	5.498874422574309
90561	268.28392595496297	0.00010082075338180635	0.4987809413190437	0.00020592295334821015	5.635734580481392
90758	268.5758006216093	0.00010094388499924014	0.49987967338992434	0.00020597019520003645	5.249583766410347
90948	268.8681249750731	0.00010095603342744273	0.498881359130484	0.0002064297086431373	5.263179122529724
91140	269.1630449679077	0.00010106915682457097	0.49898285266238296	0.00020684816365623354	5.651410974026066
91335	269.46786767095693	0.00010117211616223182	0.4973706960993741	0.00020793922376468018	5.220145869336374
91515	269.7291222044007	0.00010143918216119133	0.499755977582917	0.0002080386770412181	5.898450146240574
91710	270.0260805126858	0.0001014639446598851	0.49996853634623034	0.00020804940986865193	5.311293055785809
91905	270.28926540619756	0.000101467137236986	0.49926529822044513	0.00020835348177589038	5.55833214725002
92094	270.5789781552389	0.00010154176757992752	0.49884743453758884	0.0002088325711721036	5.923655971500793
92276	270.8418055010108	0.00010165900383690273	0.49894357248138876	0.0002092726391745222	5.580867822348269
92469	271.11812788404967	0.00010176656968940428	0.49844352730969593	0.00020992395006181705	5.288017327698091
92655	271.3746913585087	0.00010192533734850789	0.5003363492176993	0.0002097807920317746	5.5092329359085275
92841	271.614915048704	0.00010189107212767852	0.500865690589795	0.0002094163141974846	5.731334806275688
93039	271.8637092710468	0.00010180298035918584	0.4990289061263377	0.0002098218608945344	5.118463548982219
93231	272.13165569597544	0.00010190198484707427	0.49967080833499433	0.00020995798070970142	5.3034209866221
93419	272.3726725213178	0.00010193554670446858	0.4992666731086437	0.00021026446139901005	5.147322466621315
93615	272.6284113202102	0.00010201038110924248	0.49797675154269444	0.00021111676529609805	5.3452654258757555
93801	272.8600085481531	0.00010221740194963631	0.5018096036566162	0.0002103536050578721	5.815686704111443
93996	273.0936962294746	0.00010203292954745007	0.49999323472873675	0.00021035460963141973	5.08583211267825
94185	273.30166824783817	0.00010203361983490122	0.5004530208962271	0.00021016256325352237	5.656371826690094
94377	273.5443539959528	0.00010198742785952455	0.4995811170254639	0.00021033686281624934	5.216200866196958
94561	273.7656342135763	0.00010203017551794704	0.49886879663234773	0.00021081210195361108	5.699872064828665
94752	273.9852462712634	0.00010214578860599403	0.49983552872211084	0.00021087976063042003	5.131048004138213
94947	274.20310973821	0.00010216259280020166	0.5012624784943291	0.00021034693324330513	5.311850588063723
95142	274.4209735016461	0.00010203385845914088	0.5006276078312687	0.00021008152827754225	6.08214314693612
95335	274.60637676486266	0.0001019698814329453	0.4995207472088988	0.00021028166248649428	5.235659032459075
95531	274.83454569249596	0.00010201878594247382	0.4999540147166741	0.00021029922348882367	5.226774753949198
95717	275.03863479737896	0.00010202347762887522	0.49967162041537366	0.0002104358612124395	5.995552408853714
95910	275.23206742791825	0.0001020569965673877	0.4996803971051817	0.0002105689594570008	5.024114838510683
96102	275.4181785969536	0.00010208962992433374	0.50078151690834	0.00021023891981561258	5.541006897357357
96288	275.5659826628267	0.00010200993856044545	0.5011125958131502	0.00020977099702051922	6.143697143978186
96483	275.79512411019954	0.00010189663179183214	0.4995783994845908	0.00020994624216361598	5.096162420628942
96675	275.9558599048591	0.00010193961865114809	0.5007748173329893	0.00020962019404348803	5.5925106389243435
96859	276.1422272289482	0.00010186072574725143	0.4999959905181365	0.0002096204488370142	6.067398063852124
97053	276.3100707558095	0.00010186113415844021	0.49894221454427023	0.00021006356890715874	5.091433976430481
97250	276.4987474428558	0.00010196905264678797	0.5017041305219626	0.00020934862326263022	5.186418545662616
97446	276.666789474675	0.00010179572700053991	0.500425433710387	0.00020916936367069088	5.110379694312694
97638	276.8349310379626	0.0001017524472837188	0.500334223034676	0.00020902835565215453	5.278625986399965
97830	276.9951841790145	0.00010171845631190163	0.5013203381985641	0.0002084766239753458	5.9729031892582105
98025	277.15701977676326	0.00010158441895216359	0.4978550873410577	0.00020937359026396477	5.167882457112142
98217	277.2986121039046	0.00010180301220543805	0.5010484698539444	0.00020893439478106917	5.189960622766135
98415	277.4484030691857	0.00010169644238970154	0.5014236748615013	0.00020834003550021553	5.271179336637584
98604	277.59918102836065	0.00010155196817452677	0.5005881048732341	0.000208094133470352	6.047662335085171
98805	277.77160649577405	0.00010149229760083309	0.4998543065011383	0.0002081535053566075	5.197952114606905
99006	277.92410214068565	0.00010150708760106689	0.5000656348121986	0.00020812504493340563	5.2636888521975145
99203	278.06574242188344	0.00010150042585829154	0.4995667050600228	0.0002083044904182162	5.259818635983024
99400	278.21342467309125	0.00010154443408410028	0.5010032183047823	0.0002078863091889828	4.858789317083157
99599	278.33323522085226	0.0001014427158918391	0.5016597238610477	0.00020719760122807655	5.287318535473428
99798	278.4764012156203	0.00010127476700344027	0.5002271158323095	0.00020710246290911718	5.150313421883503
99997	278.58373095390095	0.00010125177373334741	0.5005689230644654	0.00020686629931069132	5.237780668961788
100186	278.7351454258881	0.00010119421837615313	0.4996580104147091	0.0002070067515621288	5.492934617804791
100379	278.87184825984383	0.00010122884350809395	0.5004540904101697	0.00020681792826816422	5.2864161403358345
100578	278.9940845761647	0.00010118290774714027	0.5014975509486056	0.00020619941630258126	5.1907965745430085
100776	279.1088147097731	0.00010103172071843971	0.5011360081607857	0.00020573114133918077	5.311125592058009
100962	279.2253244678175	0.00010091714306400695	0.5001625011727407	0.00020566345137470565	5.654493739405833
101154	279.3418076040824	0.00010090074790614976	0.5008576409800721	0.0002053104371647066	5.454947420509326
101352	279.4782437186432	0.00010081432245695704	0.4993819161876894	0.00020556355904435838	5.188541941214114
101547	279.5731313388756	0.0001008766919880735	0.5002810536226726	0.00020544736790850063	5.233210748887958
101742	279.670880966855	0.0001008483521752981	0.5023141484353644	0.00020450017287964252	5.674000421963593
101929	279.785156935417	0.00010061578111418586	0.500898972066235	0.0002041323089731177	6.191881869950374
102126	279.87210285121273	0.00010052545212416652	0.500085445112666	0.00020409679767815944	5.333963276252892
102324	279.9993528766522	0.00010051686381631169	0.5004335589180455	0.0002039190610991549	5.332882838025257
102522	280.10851066806015	0.00010047331215486124	0.4994498656002041	0.0002041428995268029	5.188170544612977
102720	280.21861494372195	0.00010052863163404967	0.5004814004934901	0.00020394576557128413	5.3294776300647415
102915	280.28332326969627	0.00010048027201888462	0.5021924399793126	0.00020305490149360333	5.695470291349901
103113	280.3993000253272	0.00010026069689800231	0.5005012138411624	0.00020285071709550694	5.290186724828702
103314	280.49696647121004	0.00010021048259799365	0.5011390475171247	0.00020238895524670326	5.694796274227523
103508	280.56696015085873	0.00010009653275111736	0.49998125925680914	0.00020239605192499689	5.354289547628304
103707	280.6651929034087	0.00010009840868726677	0.49905077411138304	0.00020278032118064779	5.337115445635548
103904	280.76326974774867	0.00010019356019006073	0.501299131110333	0.00020225411099517225	5.362505191597117
104103	280.8689790125343	0.00010006364872226375	0.5016021410890311	0.00020160733486652199	5.373721819923756
104298	280.94701474694995	9.990371688670882e-05	0.5000989495383291	0.00020156688705668226	5.306560399337211
104495	281.03582263779595	9.98938329270412e-05	0.5007484571252702	0.00020126498293371886	5.380670652172805
104692	281.1140224521377	9.981915051044542e-05	0.5003862834794162	0.000201109055440647	5.4519270960601744
104889	281.1865029035994	9.978061434906065e-05	0.49900153153547316	0.00020151097277640951	5.296320902502368
105089	281.2832907800836	9.988039160742106e-05	0.5017854620664346	0.0002007932574568615	5.369290431019276
105285	281.3301870207004	9.970253514947029e-05	0.500977140304916	0.00020040126938073894	5.248350706829333
105483	281.4099623595799	9.96052543461658e-05	0.5008880646169287	0.00020004540743098732	5.395421821539431
105674	281.5112776911984	9.951691610182274e-05	0.5008654857793319	0.00019969904077627468	6.144150698687347
105876	281.5699002907936	9.943089728213693e-05	0.49900426831992534	0.00020009711147284793	5.250290292091047
106074	281.64997928034603	9.95300518982297e-05	0.5002149583996449	0.00020001056850827093	5.330296678450673
106272	281.73676867365117	9.950866397358114e-05	0.5019005397918105	0.0001992525692819685	5.418012465343721
106477	281.798730554922	9.932008124157902e-05	0.5004255688861783	0.00019908270770607487	4.798899255834223
106676	281.86292034482074	9.927784066772913e-05	0.5008880673199245	0.0001987292542091189	5.412502686165058
106875	281.9325365109609	9.918979253350063e-05	0.5011888029622203	0.00019825739341551625	5.770575793518676
107088	282.0156800906111	9.907208526889389e-05	0.4977539214094839	0.00019915146244050007	4.81155521951878
107294	282.07933762103954	9.929536148466024e-05	0.5020838725731812	0.00019832448159868662	5.4120804589770435
107492	282.14106448658646	9.908908715487342e-05	0.501277786473098	0.00019781845989463834	5.515843364050643
107691	282.20305472686476	9.896271462382391e-05	0.4999347122027256	0.00019784388112680716	5.075070185022135
107891	282.2741188676622	9.896917631428517e-05	0.5009484164858343	0.00019746883448779607	5.438447836020877
108090	282.34382377638894	9.887544563839906e-05	0.49951117970654196	0.00019766159604215836	5.004172498986295
108300	282.41570382549713	9.892381343037995e-05	0.4999228128262951	0.0001976916335317526	5.41331949537663
108503	282.4635312767344	9.89314499641258e-05	0.5016374771337438	0.0001970459732676658	5.442352301713657
108704	282.5285003864794	9.876984879617782e-05	0.5010112567224033	0.00019664777078350494	5.142684160218791
108912	282.5825339520222	9.867011837672624e-05	0.5008911358940338	0.00019629757311991213	5.326521545068178
109115	282.6223238628908	9.858230725262136e-05	0.5001881304790575	0.00019622346870568137	5.452766693830247
109320	282.70393292129216	9.856376614798765e-05	0.4997768736876505	0.00019631052652144607	5.772180856594786
109524	282.7335576020856	9.858576568094538e-05	0.49989398396619045	0.00019635195445117588	4.886524205299835
109719	282.81681511288645	9.859621901517389e-05	0.5021446937342845	0.00019551277756023807	5.449838440914566
109923	282.8536702490011	9.838543817069828e-05	0.5004455915715611	0.000195338422947189	5.477534000221039
110123	282.94240456767625	9.834162772885682e-05	0.5003177565623428	0.00019521402174700467	5.480920550290597
110326	284.36107145381095	9.831039391762906e-05	0.5001871860513701	0.0001951404226405217	5.473839539013961
110529	283.0126769160223	9.829199674856201e-05	0.4990508144307135	0.00019551137183388575	5.450997966501347
110735	283.07405171787286	9.838542713868326e-05	0.501081054700951	0.00019508915898738637	5.397858795772199
110943	283.10374635569144	9.827923927151799e-05	0.501658824037045	0.00019444385873338644	4.948040099902283
111141	283.15122123509803	9.811661584086811e-05	0.500448502935505	0.00019426925921185782	5.273942567622932
111350	283.2029287857706	9.807263983348377e-05	0.5004504980838801	0.00019409404261498962	5.486293698612307
111546	283.2239107503694	9.802848813030513e-05	0.5000579281878278	0.0001940714228661202	5.321752364113634
111756	283.31665075294325	9.802281001101222e-05	0.4989911216166223	0.00019446319323155974	5.403073014887383
111956	283.34534776616226	9.812185301385499e-05	0.5013501705196332	0.00019393928754356628	5.106069183835775
112174	283.3937625789297	9.798963948662026e-05	0.5015858752731054	0.00019332576818304254	4.956677031334172
112377	283.42439810996905	9.78346088319394e-05	0.5002070201735552	0.0001932455543915067	5.354970746687077
112581	283.48465054563536	9.781436138146847e-05	0.5009242319230085	0.00019288860222058354	5.6721939457019275
112785	283.52626545262	9.77240833636289e-05	0.49883985949627696	0.00019333692896875742	5.01644733126639
112989	283.5783202023837	9.783765470726103e-05	0.5005064345244096	0.00019314096505969916	5.479932388647264
113208	283.60757914686695	9.778814394889308e-05	0.5007138040643493	0.00019286542654483742	4.516893673789478
113412	283.65794707091777	9.771841702246699e-05	0.5009805422305076	0.00019248760542170355	4.8743530595041795
113624	283.70721343675194	9.76227406869345e-05	0.500251566816628	0.00019239047123676708	4.609878788622648
113825	283.7189426046732	9.759819130815468e-05	0.5003630679405464	0.0001922508038433986	5.510362593478735
114024	283.7597559687766	9.75627758200112e-05	0.49939182029153906	0.00019248466580583574	5.514070402806636
114225	283.81011137261044	9.762216570564621e-05	0.5018566169863363	0.00019177223445394358	5.656227115100052
114429	283.8389449977594	9.744142193701207e-05	0.500496967285235	0.0001915816138788071	5.385204518022259
114630	283.8702270056356	9.739303280681835e-05	0.5004895248685455	0.00019139402879876023	5.522471886507245
114828	283.9112286853321	9.73453914748088e-05	0.5007773306249262	0.00019109667069868523	5.866802164662973
115032	283.9413764520477	9.726981003706083e-05	0.49827326405535227	0.00019175870364604604	5.439469788631738
115229	283.984302165481	9.743820560213356e-05	0.5012801883327158	0.00019126871560599983	5.527849008418814
115436	284.0017490716824	9.731370537282731e-05	0.5006341766486823	0.00019102629306443647	4.6691055205961165
115634	284.03082203589844	9.725204993774369e-05	0.5010209208833096	0.00019063684246539383	5.550239827841005
115848	284.0716702343841	9.715291507648755e-05	0.5003343425737713	0.00019050918520701512	4.999846023883092
116062	284.10446456803686	9.71204490020908e-05	0.49918883043459017	0.00019081855778381508	5.857885043081686
116265	284.13244483063306	9.719932614158843e-05	0.5008670044803905	0.00019048804961785924	5.565385179438773
116475	284.18306062027426	9.711516332883382e-05	0.5014645457988839	0.00018993139007745383	5.0192535076455735
116686	284.22474124196503	9.697324541630804e-05	0.4998333746292089	0.00018999444012295994	5.262132834486078
116889	284.2435123861121	9.698940765895407e-05	0.5002167627035466	0.0001899119755276927	5.2387657204272084
117098	284.26516914002644	9.69683908059925e-05	0.4999199288814593	0.00018994226042624444	5.785297266141273
117302	284.3193475909925	9.69761561061843e-05	0.5002214129551549	0.00018985785415762542	5.348126991669642
117513	284.335315819453	9.695469145744521e-05	0.5014352876877592	0.00018931428037301067	5.105126880318846
117735	284.3466059050335	9.681583246501741e-05	0.49976256707937605	0.00018940415568704876	4.659640003035637
117949	284.3968557770957	9.68388279210238e-05	0.5000349533235554	0.00018939058458763923	4.4805320799034165
118151	284.42958418726556	9.683544325959545e-05	0.4995452973753249	0.0001895627750948477	5.549495095911026
118349	284.4590286799608	9.687950464432662e-05	0.5011114527783467	0.00018914213092473899	5.321419104046685
118547	284.4678438249485	9.677200683467175e-05	0.501251769297845	0.00018866972277598818	5.5680994309224765
118748	284.4984833696502	9.665109758604835e-05	0.500315267914058	0.0001885506366793309	5.582433568128109
118948	284.5399055999106	9.662064099834173e-05	0.49946714964338773	0.00018875152523066495	5.052879004754251
119145	284.5713384218138	9.667216652810854e-05	0.5010162638800154	0.00018836846280393985	5.90232581344392
119349	284.5801342942208	9.657407160724829e-05	0.49865729536196335	0.0001888756051367408	5.428406956396734
119566	284.61332285879973	9.670400381060857e-05	0.5009357227684489	0.00018852259691041424	4.753810901285447
119769	284.6430681232495	9.661364248241e-05	0.5012809837323714	0.0001880406447938095	5.360784028401371
119997	284.65317460712646	9.649011927428705e-05	0.5005744014103386	0.00018782480525794855	4.966770010398991
120203	284.67387562405065	9.643474292150981e-05	0.49933839283815545	0.00018807353525881072	5.234831567973877
120407	284.7133832972311	9.649860822568474e-05	0.500632748199258	0.00018783556646142347	5.871644484708889
120634	284.74213026077996	9.643760679681352e-05	0.5009741946200926	0.00018747010428112206	5.035224181739793
120854	284.76304243907816	9.634379486348206e-05	0.4993090848804466	0.000187729383033702	4.604108041849038
121075	284.7657429771465	9.641042931411023e-05	0.5008227749796946	0.00018742097246008158	4.61365862069023
121274	284.8174699318369	9.633120298984775e-05	0.49963330440379194	0.0001875581975741916	5.70630847548034
121473	284.8278542272003	9.636654665950214e-05	0.5008348682523184	0.00018724548122097675	5.731288360443952
121708	284.83420701006503	9.628619390107118e-05	0.5006688068064866	0.00018699528814752523	4.616726375948285
121938	284.85546916725394	9.622186157088072e-05	0.5002621746771831	0.00018689715765154083	4.69197380503024
122165	284.88589185165796	9.619664455184794e-05	0.5005071872912239	0.0001867075696873804	5.021315330427506
122376	284.8868987345235	9.614789192320967e-05	0.49817324991186057	0.0001873922071492334	4.660509280504071
122595	284.9390372630283	9.632401283378678e-05	0.5014630653702815	0.00018684514532944077	5.188805078345621
122797	284.94950334610627	9.618339303507852e-05	0.5018844746006522	0.00018614351436562442	5.868818429029482
123012	284.9681659678216	9.600264862610603e-05	0.4996731944749581	0.00018626512876956358	5.548602976219884
123216	285.00826675347446	9.603403821036843e-05	0.4999384617259311	0.00018628779514698725	5.622302879311193
123432	285.02109766760054	9.60399485249032e-05	0.49857868164241576	0.00018681878775842574	4.633013095584873
123641	285.0407301936891	9.617674357997244e-05	0.5022910664421771	0.00018596653334421583	5.9468389951073855
123855	285.0595854120564	9.595715063577484e-05	0.5011508037661923	0.0001855393640890897	5.748221544082293
124080	284.98801812262195	9.584691304173139e-05	0.49894072106547127	0.00018593373097235515	4.661682295085861
124308	285.10391904514347	9.594860326367722e-05	0.5003094222516598	0.00018581802113640543	4.637364278460156
124527	285.12440134319354	9.591892840319492e-05	0.4987839455224802	0.00018627092193486194	4.611565932042208
124731	285.145642459096	9.603578424341401e-05	0.5023892547492729	0.00018538492759222303	6.204466802465636
124947	285.1534975341728	9.580714936474937e-05	0.5001985347133036	0.00018531128110308223	5.56893571164115
125162	285.16114998362156	9.578813398245067e-05	0.5000177326013724	0.0001853046442149905	5.4907498105002945
125377	285.14428099030863	9.57864354548334e-05	0.5000733272714588	0.00018527760244878608	5.417468952760491
125585	285.18657353472554	9.577941246933384e-05	0.4994926024242927	0.00018546555194951417	5.58082260750942
125797	285.2275085106298	9.582804773027559e-05	0.49991280243984887	0.00018549764149273563	5.098583993883833
126009	285.21654081126906	9.583640479532112e-05	0.5025883813572429	0.00018454237450874432	5.732483620158008
126231	285.2663849737178	9.558930261102357e-05	0.4986773904267891	0.00018503149953118508	5.226040276768702
126441	285.27665665284115	9.571598131292228e-05	0.5004743555710511	0.0001848560595810815	5.043462491024544
126660	285.29986687348736	9.567061018446812e-05	0.49878387313458883	0.00018530664257722083	4.717076788245898
126879	285.29540984288184	9.578717045500801e-05	0.5011030706091265	0.00018489872986805628	4.974693892330881
127095	285.3281810883705	9.568168494743992e-05	0.5012768206761418	0.0001844275732646184	5.577583931432788
127308	285.3358957389065	9.555975007758203e-05	0.5003251362086998	0.0001843076583305899	5.158596063179603
127542	285.33903664387884	9.552869528747213e-05	0.4995845909161889	0.0001844609118073356	4.721771627708448
127769	285.3593640875025	9.556840351971351e-05	0.49979330964161195	0.000184537066347316	4.72725538167113
128000	285.39211981874	9.558816271355093e-05	0.5000855130688439	0.00018450531673228865	4.680524051604757
128221	285.4005160524574	9.557998972474324e-05	0.49993415083992115	0.00018452955417701787	4.547139337393261
128440	285.4102149960644	9.55862842085235e-05	0.5020805418772863	0.00018376482853611894	5.520335804044073
128671	285.4394653894657	9.538803143702683e-05	0.4994285512991943	0.00018397489936887942	5.157373957108729
128882	285.43085019054615	9.544258757216918e-05	0.4999146858136506	0.00018400636068460538	4.9722303261172405
129109	285.37985719026375	9.545073122103896e-05	0.49972885946348927	0.00018410652123930298	4.660826066141977
129316	285.45209235482724	9.54766223141759e-05	0.5009458849172819	0.00018375844000360824	5.354356379431788
129531	285.48171935959425	9.538644034966362e-05	0.5005900509325668	0.00018354164854144712	5.115674205815841
129756	285.4911203086083	9.533020725727234e-05	0.4993205323942382	0.00018379134460296036	4.7345594682901915
129981	285.5041104638526	9.539504713734016e-05	0.5011290526689858	0.00018337719502195543	5.181771185698282
130217	285.4830674011934	9.528752317086554e-05	0.49981873664282234	0.00018344382713301053	4.564166712069931
130453	285.49413869088255	9.530480000483997e-05	0.4998761041230285	0.00018348922981721496	4.6603665566476025
130673	285.5861481921877	9.531661007148932e-05	0.4997882800753736	0.00018356637899430675	5.287314352219373
130884	285.48274036408964	9.533679690814887e-05	0.5012046366046018	0.0001831258237189782	5.528104832288084
131102	285.53476502403055	9.522215781895299e-05	0.5003084719035578	0.00018301259360093737	5.031820413133008
131318	285.49110349312076	9.519279804297046e-05	0.4998566100898219	0.0001830653502001439	5.224495290368964
131554	285.59491106230774	9.520645066627427e-05	0.5002275959334048	0.0001829814154236793	4.669400379090372
131790	285.60518078719144	9.518478945999197e-05	0.49985142084430906	0.00018303574172097393	4.66790282423165
132007	285.6258623322175	9.519893508834091e-05	0.5020766035382335	0.00018227857243032148	5.696989607545328
132227	285.6254796448239	9.500185830639183e-05	0.49917877851506226	0.0001825784471172399	5.003137162719882
132447	285.6349064064176	9.507997210982343e-05	0.49976206103465287	0.00018266530934731622	5.157689648450907
132684	285.65610155905586	9.510260341763781e-05	0.4992789697100721	0.000182928975625963	4.559283483530765
132902	285.6791950866266	9.517124952816887e-05	0.5003161540184055	0.00018281325275726462	4.598383541028494
133135	285.6890999988405	9.514117501670907e-05	0.5007805076039932	0.0001825282591165324	4.757023704852117
133359	285.69002549657336	9.506700343209699e-05	0.4997107302281981	0.00018263392006129126	4.874539966847441
133585	285.6573362694417	9.509451538062398e-05	0.500837966448065	0.00018232854222132355	5.024149818940924
133815	285.72941333210485	9.501492938896676e-05	0.4996687600176371	0.00018244896241528566	4.57226462366887
134052	285.71988649126547	9.504641777868626e-05	0.5012315812607462	0.0001820007291730357	4.456056184197549
134283	285.71847705306453	9.492957619725061e-05	0.5000222926345894	0.00018199261498330808	4.768683577183264
134518	285.74077425492305	9.492746003765861e-05	0.49979455981879967	0.0001820672949127564	4.688167686862814
134754	285.7185762386536	9.49469679640234e-05	0.49936562475885576	0.0001822987144939503	4.574891786669363
134982	285.7287822480336	9.500725734492676e-05	0.5004733921742746	0.0001821262161631295	4.675955775544874
135219	285.7719159226498	9.496231356433462e-05	0.5003024690922925	0.00018201585172640162	4.575407294280185
135438	285.7714447486638	9.493360342478714e-05	0.5001907420779539	0.000181946442041539	5.290709165060462
135659	285.7897542268449	9.491550077124425e-05	0.5013670144519973	0.0001814502239495398	5.361536058750529
135896	285.7172807424209	9.478601536219891e-05	0.49957527455771683	0.0001816049349380323	4.634496919165676
136133	285.8096010004613	9.482629906058077e-05	0.5002100703955059	0.00018152809298300013	4.586738786937901
136359	285.8125971621182	9.480638513720174e-05	0.5004459852753044	0.000181366319567074	5.28426213159315
136596	285.8215530678888	9.47641311503095e-05	0.49990425824988477	0.0001814009910929167	4.797606517378505
136824	285.8325326228762	9.47732053372626e-05	0.4995335425069686	0.00018157031697750196	4.750640335412284
