时间秒	晶中温度K	设定电流	电压差V	κ	时间常数
128	279.8583401219725	0.0002	0.15223065342756506	0.00265418322365679	7.136049348794119
279	279.5227212701318	0.00022924186749345027	0.2007731092270404	0.0026440943020038794	7.138827513738913
430	278.2513201266641	0.00022880007539998655	0.20052249668715383	0.0026373298014616027	7.0865194401290665
580	277.0469709522447	0.0002285017915156521	0.1990453591430898	0.0026500985621023504	7.037079631261889
731	275.89294713419383	0.00022904909445355036	0.200217667834952	0.0026473349940056654	7.045288154826921
881	274.8065924786673	0.00022892455454935954	0.2000269805853643	0.002647086114570077	7.065614524157204
1032	273.8139245026489	0.00022890911481527598	0.1998878055533263	0.002648670974763045	7.0419591383736515
1183	272.92177790296853	0.00022897334766986378	0.1992256985676272	0.0026590546365073114	7.00723235072178
1333	272.09504003069674	0.00022941787480728547	0.19844036047491367	0.0026800380477248567	6.9683799091697
1484	271.40057541746	0.0002303176637528425	0.19856829339150375	0.002699435813104523	6.941678928385106
1634	270.82232674437046	0.00023114648457598069	0.19813529392779153	0.0027249049933382777	6.897504367565957
1784	270.32978433507515	0.00023223162916652946	0.20037079170550748	0.002719919120908488	6.917391614815031
1934	269.8467539462307	0.00023201665413186118	0.20072960661470385	0.0027100838269892946	6.950917404325122
2084	269.4441457234084	0.00023159460630085236	0.20010951582708256	0.0027086435283342016	6.943866859231868
2234	269.0978578950358	0.00023153122414258323	0.2001495461966331	0.0027066571589794103	6.948787836645539
2384	268.8123418492118	0.00023144471112098046	0.19989837599811244	0.0027080643693446304	6.944918294455427
2535	268.56676084233777	0.00023150353438328692	0.19918337893655633	0.0027191947490612287	6.884060890668137
2684	268.3678980506436	0.00023197761332004904	0.1998048930397682	0.0027218741749277186	6.896972854785599
2834	268.2418369586662	0.00023209084729198937	0.20056866608695156	0.002714171204616956	6.9107923595302125
2985	268.1111850631577	0.00023176159377340485	0.20059842933271288	0.002706087572523279	6.93102782599838
3135	268.02526884559654	0.0002314156376040338	0.20003211296990991	0.0027056611400805572	6.93075384702402
3285	267.96143154717566	0.00023139706123252046	0.19990956432855633	0.0027068922485232226	6.9246147861743825
3435	267.94580209853154	0.00023144939535296347	0.1993307271340731	0.002715982694367581	6.9100180848399795
3585	267.97066698355627	0.00023183762699889742	0.19922218280667522	0.002726585728565854	6.8884150862987354
3735	268.00112959159077	0.0002322897644590784	0.20085550473743893	0.00271497147816377	6.929360759147369
3885	268.0453718203095	0.0002317945401593312	0.20046629160753823	0.0027086492413178624	6.9185046925148415
4036	268.109395438378	0.00023152480210813644	0.20011971082871172	0.0027070209335393097	6.92832849288232
4186	268.23609570813176	0.0002314555431332017	0.19975096046651578	0.0027103798796180903	6.886411812757225
4336	268.36149290591777	0.00023159978180263985	0.20011667045310638	0.0027087881196209106	6.908645978292902
4486	268.45256900166316	0.00023153225921458955	0.19865460017705922	0.002727123681381592	6.874509641990491
4636	268.5514423785883	0.00023231496905346712	0.20051228427908363	0.002720149058920833	6.905826166786457
4786	268.78860498800907	0.00023201801114151093	0.19939727892851458	0.0027283380823445945	6.8099199696728085
4936	269.35739262650367	0.00023236840867130418	0.19897492725585092	0.002742328821841487	6.877555608156093
5086	269.890145087239	0.00023296619386101058	0.19904227448719244	0.0027554631155469887	6.878607535583502
5236	270.50516133194276	0.0002335259993589764	0.19835615952150293	0.00277822785831473	6.86480146231805
5385	271.18210645897483	0.0002344916548678859	0.19815491960562023	0.002804020706592847	6.8233109157278795
5535	271.9076401452561	0.00023558083668103963	0.19778880150997413	0.002835287695230797	6.769061474649237
5685	272.6620496089133	0.00023689402570102413	0.1986029856734338	0.002855148240374857	6.755395019977819
5834	273.43224204888537	0.00023772574633683334	0.19927343716175863	0.002865471482647677	6.742921511373021
5984	274.2138018858097	0.0002381587331475524	0.19928145823412796	0.002875714176398651	6.76866183246253
6133	274.9981771596689	0.0002385877068691803	0.1989190272032521	0.002891252520311773	6.767528233558538
6283	275.7433147774885	0.0002392350994077562	0.19902883679836822	0.002905278599405576	6.740703314686336
6432	276.4670850664494	0.0002398180641588411	0.20032404572697057	0.002900502978926685	6.788501183993334
6582	277.10819978807405	0.0002396240198767539	0.19994344443249418	0.0029012550239917467	6.749148054211588
6731	277.65352719425056	0.00023965790724495123	0.20054180662867727	0.0028933600489724955	6.783969632822612
6881	278.1278322332515	0.00023933394470859298	0.2013060041540365	0.0028745393864239243	6.816092444239055
7031	278.51670812321305	0.00023855632324118557	0.20127168540212131	0.002856335758713527	6.846481215622302
7180	278.8269382055525	0.0002378014994741468	0.20149177115795752	0.0028351558397559638	6.873550193174721
7330	279.05242555869023	0.00023691956653130149	0.2013548856671382	0.0028160546454221677	6.905581686251131
7480	279.20558416158156	0.0002361211236818517	0.20131168154015192	0.002797690010152611	6.929099867940172
7630	279.3104152687053	0.00023535062226616167	0.20055601078097274	0.0027899234260817356	6.916885655455159
7781	279.35274846352354	0.000235024159089385	0.19942756517759389	0.002797928743523201	6.871045296442019
7930	279.39220034119984	0.00023536122284550123	0.202003442742865	0.002770179265790783	6.970790229216899
8081	279.31740612514784	0.00023419117418002353	0.20126167771926678	0.002752819056520263	6.968222577739521
8231	279.223554056361	0.0002334559663732623	0.2014262607094287	0.0027333361505923336	6.986698634157146
8381	279.0567196894429	0.00023262796959257784	0.20072847458924967	0.0027234321605076974	7.000405448198456
8532	278.86463306066895	0.0002322054645221679	0.20098203587719557	0.0027101451778013637	7.002056721915327
8682	278.6442287799185	0.00023163747014149158	0.2007146631105533	0.00270051741638364	7.009256803681169
8833	278.38677876104197	0.00023122471909266498	0.19962840020498118	0.0027055708792175052	6.979867231330776
8983	278.13878298031926	0.00023143982653672297	0.20051782890490058	0.0026986112406146515	7.0071931948846755
9134	277.83827054098816	0.00023114079151544668	0.2010933108666366	0.0026839701785481345	7.0318612882962475
9284	277.4959435031365	0.0002305115981356332	0.2012291893794967	0.0026676087210048024	7.044795803821577
9435	277.11784107892703	0.00022980649062042844	0.2004826510925596	0.0026612233883570096	7.0624787090446945
9585	276.7194368885908	0.00022952970060911872	0.2009166459862863	0.002649122181929637	7.062750404610299
9736	276.27590643175176	0.00022900550809660996	0.1996292854161702	0.0026540853783936277	7.051093911172066
9886	275.87538952875934	0.0002292180428078013	0.19928003222673513	0.002663717116718848	6.999318698305519
10037	275.44812602441135	0.0002296317340695589	0.20074776140631995	0.0026538404812829442	7.026657938800216
10187	274.9619746583491	0.00022920365969087575	0.20086502571058576	0.002642460382661484	7.066558166139559
10338	274.4554460278679	0.00022870959414075543	0.2005943677767756	0.002634680902121004	7.062463699230748
10488	273.96099078765695	0.00022837050570850918	0.20036024444628042	0.002629993841739689	7.074948160560707
10639	273.45805396175825	0.00022816511012327894	0.200279492261542	0.002626374441648966	7.064925662421009
10789	272.910748219473	0.0002280058510660484	0.19991217486768675	0.002627584235886007	7.048878087464345
10940	272.4011528466303	0.0002280559291696825	0.19899767532485557	0.002640872569222608	6.99370959700751
11090	271.84797820714994	0.00022862955136901934	0.20019757594506365	0.0026383258176136976	7.012088369566405
11241	271.3012975786964	0.00022851670572138233	0.2007342207106035	0.002628732294532168	7.048612957954509
11391	270.70308337716943	0.00022809840284940665	0.20047534388562502	0.0026225600871908473	7.042040047998672
11542	270.1225218114051	0.000227827822122057	0.2000439484270505	0.0026220436954194925	7.046536533635832
11693	269.5298435453171	0.00022780279456063732	0.2001900115186824	0.002619617185455842	7.0458859694208025
11843	268.9293873129466	0.0002276946587186119	0.19998839237897217	0.0026198322279072845	7.031624644765867
11994	268.31358576428704	0.00022770126648951136	0.19950353788948985	0.0026264173042024044	7.003446777275414
12144	267.72692847661506	0.00022798440635781903	0.1987020381341055	0.002643637851683434	6.953072863817652
12294	267.0845514550877	0.00022872781441720343	0.2010628065165183	0.0026297353299222113	6.9993792049935095
12444	266.4343447295391	0.0002281224923483977	0.20040343354746104	0.002624508452307698	7.028996297311521
12595	265.80056689806713	0.00022789275918192232	0.2000817634294844	0.0026235037580890235	7.005258803569253
12746	265.21036660329634	0.00022784619022621325	0.19995151173269685	0.002624203422927651	7.043522673201357
12896	264.55341959308834	0.00022787381491677918	0.20006015287004256	0.002623486335953445	7.004430815134151
13047	263.91490003096766	0.00022783955448488596	0.19935715839952398	0.0026320154820649146	6.98544541078575
13197	263.3057295558075	0.00022820660140577309	0.1986710222166349	0.0026496918484418177	6.927542909946738
13347	262.6456766722886	0.00022896860484502866	0.20068570420626783	0.0026407148605400426	6.961958993262398
13497	262.02366019601675	0.0002285770994326838	0.20064089686744466	0.00263234738939901	6.972474202833352
13647	261.37378046401784	0.00022821174141910783	0.19989942031827448	0.0026337428952172147	6.968760241291219
13797	260.72380791501496	0.00022826914673259097	0.1999511710840789	0.00263445963799188	6.963876601949608
13947	260.00533653633767	0.0002282970171734406	0.19955593816746142	0.0026404033682299786	6.949925194281819
14098	259.40980557438104	0.00022855088498003264	0.19873238716082844	0.002657314966453631	6.87890473695873
14247	258.7772635080157	0.00022927863128058233	0.20023006302049728	0.002654337448370972	6.909942453992428
14398	258.0991131405119	0.00022914687360570474	0.20012207970628396	0.0026527955951851454	6.924246540885799
14548	257.4185088181985	0.00022907697014823907	0.20027181957330661	0.002649274028029353	6.925753430217314
14698	256.75842227585827	0.0002289214596351029	0.19984963655127846	0.0026513437090906855	6.920203829219368
14848	256.0888287855482	0.000229007561738323	0.19978133444887453	0.002654324731146259	6.905094828037985
14998	255.4384112260017	0.00022913285464910003	0.199673969626852	0.002658736210778984	6.881781422366262
15148	254.6961534722533	0.0002293198439711804	0.198515895600965	0.002678703096651256	6.821940137001028
15298	254.12345652346778	0.0002301754451553294	0.20044566415130083	0.0026728200385338513	6.852003793771952
15448	253.4539746118329	0.00022991942059355885	0.20028302168045486	0.002669122553489838	6.872208392741425
15598	252.74569542738956	0.0002297569125960945	0.2000892387102324	0.002668017668868771	6.8600966116490225
15748	252.06401413317573	0.00022970567171660188	0.19964376397301214	0.002672860613117975	6.8547178332466645
15897	251.39266548104527	0.0002299105189993621	0.1998948494643945	0.0026743506669129453	6.83890834441574
16047	250.72456752393393	0.00022997098087693772	0.199788551527394	0.0026772644053242433	6.848602413148581
16197	250.0563547382727	0.00023009264488832717	0.19938318350578454	0.00268563046254146	6.810378282190052
16347	249.39567877054014	0.00023044828005261338	0.19820010465530563	0.002710104513954895	6.754402074435068
16496	248.7757270860564	0.00023149228897787358	0.20031234548116517	0.0027059630087842667	6.772182350967066
16645	248.03721901268017	0.00023131173650471428	0.20057801552905205	0.0026982580276215485	6.9174415302184595
16796	247.380750896155	0.00023097820484077562	0.20007807018269994	0.002697287610285149	6.78617644161967
16945	246.7188967177724	0.0002309331367579929	0.19973650681473099	0.0027009311351023878	6.788007407137483
17094	246.04783930738913	0.0002310854105055996	0.1998200374956172	0.00270345170342292	6.78662992791125
17244	245.3700872144846	0.00023118944749420778	0.19957680477462805	0.002709273477078054	6.773876662701437
17393	244.7003286496186	0.00023143443202473896	0.19847096240562853	0.002730235941599961	6.722484895162624
17543	244.07563713519548	0.00023232421708619015	0.1997267459742347	0.0027340597052580825	6.7404128051550405
17692	243.4080271286933	0.00023248308871991766	0.20054674903363842	0.0027266959228891947	6.755651447197767
17841	242.7206466732511	0.00023216596401535493	0.20022173936152712	0.0027237671556991183	6.719714090038698
17991	242.03257747005574	0.00023203737010265375	0.19959079523491108	0.002729443634669072	6.728267490437095
18140	241.37165964736485	0.0002322751119778874	0.19959533159928716	0.002735068102503439	6.711497896289962
18290	240.70126122259552	0.00023251045516821096	0.19945266438674256	0.0027426673937169964	6.708191224319197
18439	240.0261452729672	0.0002328292628044653	0.19908714901957636	0.0027553391544843132	6.690022574051239
18588	239.38153167801389	0.00023336243470164798	0.19864264215015304	0.002774261940955267	6.663177914049527
18738	238.7534580259656	0.00023415837926330697	0.20072075331570904	0.0027643931246863775	6.67292302405532
18887	238.07193371072643	0.0002337375901709812	0.20039380898302322	0.0027590545539603766	6.762860116607568
19036	237.3860687076694	0.00023350780954493642	0.19972446099615962	0.0027629579039669685	6.68443161766684
19185	236.7356500255455	0.00023366882721205664	0.1997204420033533	0.002766919855694512	6.686162600684977
19334	236.08175517256365	0.0002338323085895433	0.19952049439008368	0.0027736653813967525	6.683995600179481
19483	235.42429432427377	0.0002341131233959519	0.19935170498512073	0.0027827835278825077	6.662021783551202
19632	234.79280727664187	0.0002344934842708997	0.19821184961852517	0.0028079845483411797	6.580961529241785
19781	234.1661445344201	0.0002355488403583254	0.19993857208235852	0.0028089475950800243	6.625766386895771
19930	233.50936418812572	0.00023558502188003724	0.20046431076416374	0.002802540925515402	6.62607821043965
20079	232.83375309773788	0.00023531203544887075	0.1999850139620241	0.0028028504737385228	6.647327301337982
20228	232.1761592388133	0.00023532085193208796	0.19969009025187354	0.002807300243184182	6.657533746452406
20377	231.51112815014844	0.000235503384656895	0.19975926993345175	0.002810786343477637	6.64834492861282
20526	230.85857506563178	0.0002356452445957219	0.1996256731226784	0.00281615848664627	6.69319082203972
20675	230.23780597399033	0.00023586607550156634	0.19980992733964567	0.0028189363549092693	6.758344199207675
20825	229.5889910085967	0.00023597823468302298	0.19845715331942682	0.0028409541354254505	6.696437686358712
20973	228.97010419912837	0.00023689373045246198	0.19917965949879313	0.0028527602269119664	6.713713618563635
21123	228.32667596643472	0.0002373810639426244	0.1998212380384146	0.002855417988284977	6.682586688135046
21272	227.68151284310102	0.00023748722187326112	0.2006936186032718	0.0028456538918145203	6.706110595120446
21421	227.0062547006545	0.0002370764760557251	0.19952148234721695	0.0028525846666123127	6.684464649918521
21570	226.37232691446724	0.0002373605991969009	0.19965328366235666	0.0028576438341927726	6.6840907927764075
21719	225.7448800723425	0.00023756660908098759	0.19972900717204206	0.0028616258608640376	6.662503782519809
21868	225.10984905068784	0.0002377277199421245	0.19907554895682164	0.002875020902948333	6.6311679563083565
22017	224.47864701171977	0.0002382790510716628	0.19857490094397962	0.0028957642953050043	6.590088880483734
22167	223.87119783649499	0.00023913254308158057	0.200296452910458	0.00289158685972112	6.634762861636923
22316	223.21196585784114	0.00023895551101759906	0.20060778508862714	0.0028829365528429433	6.699636783976785
22465	222.57104075276243	0.00023859325247524513	0.19905063547301038	0.00289679374907448	6.647228555050231
22614	221.95078581440913	0.00023916155643173673	0.1997747329912187	0.0029001716892071636	6.653330771923754
22763	221.16941404435548	0.0002392963583375962	0.1930502310600446	0.0030046940821998633	13.025783929311732
22936	220.81829859307751	0.0002435655852728877	0.2306942669061795	0.002605029481067685	22.313522649722465
23144	219.20856071829377	0.00022678405758821434	0.21789648189211308	0.0023911991494166844	33.51144806481624
23415	218.03355446388082	0.00021727132359910858	0.30208376162688044	0.001583250085893905	4.560004748351427
23562	215.91658480572318	0.0001767883805739517	0.2614202221359337	0.00121131545198198	5.956855134568052
23708	214.52374849567008	0.00015463191194255065	0.2645553070288092	0.0009157721355151245	9.499087760182316
23868	213.17560228756656	0.0001344484762504687	0.20788402756960123	0.000881078630012106	9.671937758207354
24028	212.42473689750082	0.00013187434672790515	0.202538388162443	0.0008700727578838179	9.725491762438923
24189	211.70428656957895	0.00013104535883166427	0.20376641909727747	0.0008540278244684297	9.79446514031534
24349	210.99392471172683	0.00012982858850826243	0.2010480982351633	0.0008496121112888258	9.758227602904098
24510	210.29380349493454	0.00012948973695338356	0.20056819080063915	0.0008472426051571279	9.666259151629541
24670	209.6180664933683	0.0001293061907523777	0.20236825537971645	0.0008373636946082261	9.686842974758376
24830	208.9074952584576	0.00012854734818537128	0.20657920558344783	0.0008107315435624727	10.492488430364798
24994	208.16196263222352	0.00012648377481464716	0.19846646504685764	0.0008170319886550994	9.653364093553403
25154	207.5157426858795	0.00012697149962435483	0.20312861717726086	0.0008044828743693015	9.731215704819025
25315	206.82716092959558	0.00012598988826399254	0.1989382923807666	0.0008088117841899197	9.841284796394195
25476	206.14906378003909	0.00012632563666760042	0.2064969670791878	0.0007834001871370253	9.754401305785782
25637	205.44847018831243	0.00012432247712864346	0.20137536707777376	0.0007780831180721274	9.707844373058938
25797	204.7397607841918	0.00012389719670836285	0.20287987104720842	0.000767074366996084	9.677734326531123
25958	204.0659612050986	0.00012301469605995448	0.2023703843068891	0.0007581225612513349	9.674717381463967
26118	203.39247704041162	0.00012229213231764035	0.20324708446953202	0.0007460441310624462	9.689420164323925
26278	202.70677531097127	0.0001213113269227836	0.20388157726847828	0.0007318737242198732	9.76770409107948
26439	202.00391498065093	0.00012015099139110565	0.20463132181221355	0.0007153427606516076	9.781438757142784
26600	201.31065070164726	0.00011878355029160366	0.2039844399522199	0.0007014017633985345	9.751116702737118
26760	200.63793047299305	0.0001176177261837944	0.20852707258615283	0.0006727504501313933	9.762779132586504
26921	199.30255365533526	0.00011518781862415507	2.789284527403797	4.82404787883178e-05	31.19358367890941
27177	197.3975935765702	3.08443159304001e-05	0.2698863164882943	3.5751388828969636e-05	19.89345827481708
27376	196.52889810112626	2.6552150908142105e-05	0.20770956277835864	3.442640164965637e-05	20.525018320837678
27577	195.69987626715337	2.6054722965087653e-05	0.2009123194066057	3.427210809012907e-05	20.370136630805156
27777	194.8956589227603	2.599549992847675e-05	0.19913046259223424	3.4423771806296986e-05	20.05861050257047
27977	194.08740967730384	2.605219501402216e-05	0.20122872187381724	3.4215604119338644e-05	20.060730555429753
28176	193.27470013203086	2.5972534623732056e-05	0.20132070144504915	3.3993175240079376e-05	19.9562848933121
28375	192.48717270593627	2.5887202102350254e-05	0.20124660884251303	3.378458067150884e-05	19.917279512845457
28574	191.6902265493495	2.5806899268678775e-05	0.2019639601388601	3.345804634410945e-05	20.010539002705475
28773	190.892804748133	2.568111558863087e-05	0.19971431977572424	3.350792422565804e-05	19.38985379717383
28970	190.10675515849462	2.5699476728431006e-05	0.20030114244803235	3.345955425634466e-05	19.76207466798843
29168	189.30713098244834	2.5680150542113177e-05	0.20048580769446364	3.3380522207868265e-05	19.67632893576843
29366	188.51756888120192	2.5649018210049985e-05	0.20042044761973954	3.331252939639121e-05	19.6070725144306
29564	187.7392136929203	2.5622100471606552e-05	0.2006570394512753	3.320546904639505e-05	19.55337853517993
29762	186.9705639386871	2.5580117059091538e-05	0.2021799709864799	3.284942686879555e-05	19.654769497862148
29960	186.19057938529863	2.5441836682344707e-05	0.19981681010659758	3.288157733175442e-05	19.52986919683276
30158	185.4126079966266	2.545349641112264e-05	0.19906862204323345	3.303746858959293e-05	19.327449680093522
30355	184.64749741937158	2.551297128156125e-05	0.19959979475072698	3.310575526008718e-05	19.15348929646231
30551	183.8890146974357	2.5538535716873435e-05	0.20076135472488932	3.298224942087252e-05	19.223410939256393
30747	183.11891049849237	2.5490064350607286e-05	0.20219329128233324	3.2626537239740897e-05	19.300763545123726
30944	182.35660715009845	2.5351435673479788e-05	0.19995496027508164	3.263594175447457e-05	19.15700408141216
31141	181.60008116497045	2.5354290709924098e-05	0.19918222778284447	3.277200210076112e-05	19.10980340771911
31337	180.84762744984704	2.540628529967754e-05	0.20063916007107532	3.26696697540495e-05	19.165717317695655
31533	180.10768176016236	2.536578563769783e-05	0.20013526339394458	3.2649634299043017e-05	19.018494330433683
31728	179.36486012632142	2.5357212330519105e-05	0.20037119660143476	3.2591220243993555e-05	18.98796853671083
31925	178.6095410413614	2.533371375758142e-05	0.20220905175051418	3.223727762818591e-05	19.17211243231475
32121	177.8641152296555	2.519495347596022e-05	0.1995191159086714	3.231706414368768e-05	19.032431764425638
32317	177.08957673656462	2.5225297838162475e-05	0.19919503101825095	3.244986371340172e-05	19.002555545447247
32512	176.4018598272372	2.5276215547518887e-05	0.2023055810439044	3.208200328618495e-05	19.25454022591986
32709	175.62231542392306	2.5131772292217126e-05	0.19817420199077282	3.237982343064538e-05	19.33398111164695
32906	174.91074950998674	2.524727758112934e-05	0.19061208012662267	3.397679022135765e-05	22.841500944053237
33116	174.1415869421099	2.5861537601914454e-05	0.21049420208107972	3.22851109102193e-05	23.572022194329687
33329	173.3398551867699	2.5208631581745463e-05	0.20039697668127918	3.222349432234789e-05	21.048652524046823
33532	172.58718077766284	2.518365066649123e-05	0.19957438100512176	3.2294461449581026e-05	20.064385019384193
33731	171.84604861652323	2.5210490111973088e-05	0.2002954065161702	3.22490539074174e-05	19.586511827852636
33929	171.12621498678539	2.5191892353922752e-05	0.20149904800560342	3.201130961443434e-05	19.38693306196078
34127	170.39398038726557	2.5098010137848066e-05	0.2002553366301795	3.19727054242919e-05	18.976948006187598
34323	169.68354369751702	2.508200435861807e-05	0.1988765661668216	3.215549358542675e-05	18.638839408441516
34517	168.97917239303732	2.5152747461251384e-05	0.19992331062857235	3.217001101749082e-05	18.462036359568692
34711	168.27225270962717	2.5157571219518135e-05	0.20020537442907174	3.2139221200163985e-05	18.257735442775626
34903	167.58025916771825	2.514466435437808e-05	0.20001320263039066	3.213927589759073e-05	18.08223067665413
35096	166.88630068499313	2.5143834456191577e-05	0.20236255309694115	3.176623520638472e-05	18.20155078340873
35289	166.18626814308698	2.4996628254231258e-05	0.19951350883121757	3.184589670850168e-05	17.899447083925534
35480	165.5114285510457	2.502708542704166e-05	0.19887550473323912	3.2028129842369365e-05	17.715175653637434
35671	164.82779892750017	2.509774060760277e-05	0.20031723394102138	3.197962880705642e-05	17.5935971004481
35863	164.1428253056127	2.507785961753795e-05	0.20046093350012836	3.190832855220957e-05	17.51874737764878
36053	163.46788901191223	2.5049011408097242e-05	0.20105983645807016	3.174233106436207e-05	17.533807980358773
36243	162.7872710192954	2.4982904388418984e-05	0.20193586148054193	3.144024062341206e-05	17.486888874859165
36433	162.1177352402783	2.486286649596275e-05	0.19938356173621855	3.153965106939848e-05	17.29329914113748
36622	161.46312457962182	2.490127135277632e-05	0.19934196495661818	3.164594304110113e-05	17.206610680293814
36811	160.7900036670778	2.4942337489633102e-05	0.19927229062406784	3.1763777411567616e-05	17.077483887649272
37001	160.12594710952578	2.498783862799209e-05	0.20048029554749286	3.168994753471478e-05	17.077366607918997
37189	159.46884823702842	2.4957888691203365e-05	0.20028276325330382	3.164744926266097e-05	17.008604826166177
37378	158.80343270538134	2.4940264442585364e-05	0.20237303293223155	3.127862181964608e-05	17.074937014556262
37566	158.15358495510884	2.479360806417894e-05	0.19896088514591345	3.144421656376528e-05	16.929953040899296
37754	157.49428386405478	2.485826865128043e-05	0.198849625969352	3.1628430875221335e-05	16.778985183629267
37941	156.85224485999655	2.4930069307973728e-05	0.1999040131042342	3.164588851906691e-05	16.682782368634676
38128	156.2174977946585	2.4936053862115553e-05	0.2000614604498706	3.163842756186475e-05	16.616431732522024
38316	155.56641627138555	2.4932223292229095e-05	0.20015463665851058	3.1616326244151875e-05	16.584198057303112
38502	154.91846609374002	2.492259028867949e-05	0.2015735278895729	3.1371837000891585e-05	16.639626235043366
38691	154.2783783932121	2.4825124057708236e-05	0.2000623534548033	3.136437752570596e-05	16.458445406878656
38877	153.64043944359733	2.4821255131710824e-05	0.19818692491357798	3.1653651995682985e-05	16.345392472611888
39068	152.99612595912154	2.493453289350498e-05	0.20014906406659902	3.163247630034811e-05	16.258078691335555
39253	152.36235547704982	2.492524597729865e-05	0.20013977537556593	3.161274608350632e-05	16.171608373360698
39438	151.73491710211172	2.49165407009264e-05	0.1999077770786698	3.16296966077104e-05	16.125448822006582
39624	151.1160149513598	2.492228737884284e-05	0.20141703980726788	3.1409511380679e-05	16.26420057486093
39809	150.487807883033	2.4834464105040124e-05	0.2007829343563938	3.128940817240091e-05	16.20806278228515
39994	149.86826341486702	2.4785996970476244e-05	0.19895519116479668	3.145610232068588e-05	15.963692977554924
40178	149.2356937694666	2.485099331100458e-05	0.1996390299047306	3.151543208971907e-05	15.943139747893262
40367	148.60296307479157	2.4873449877196375e-05	0.19981650848125027	3.154685951875108e-05	15.831646605570208
40553	147.98963947296153	2.4884867902198918e-05	0.20032407155441817	3.149824518505458e-05	15.870442450571451
40737	147.3642376065666	2.486473117586658e-05	0.19989148919739763	3.1517823156986885e-05	15.76685467859267
40920	146.768670707411	2.4871479151687744e-05	0.20171811426949104	3.1251755535204444e-05	15.8555613659068
41106	146.1484485128855	2.4765332451706566e-05	0.20082307573413674	3.1126152629727955e-05	15.830248473711972
41295	145.51577668039533	2.47145298415529e-05	0.1985136622820607	3.1361750344028684e-05	15.602082837034859
41479	144.89434539263127	2.480688024582083e-05	0.19968722490044483	3.1413427298757255e-05	15.535991090522934
41673	144.26190824932507	2.4826300462989354e-05	0.19985217539911568	3.143929084076776e-05	13.579403301051421
41855	143.6521856327404	2.483548039702166e-05	0.20068079022563493	3.1335178943826646e-05	15.568073510486094
42039	143.05256321817535	2.4793318623245753e-05	0.20084033191420114	3.120656628158312e-05	15.236973746264722
42221	142.4554671148659	2.4741395645836527e-05	0.20068937319059377	3.1101876097577635e-05	15.469595255285945
42403	141.8558992845913	2.4698865424149342e-05	0.1985036179851262	3.1338887034559415e-05	15.327433033999604
42588	141.2429772278238	2.479178450464046e-05	0.20135021003837264	3.1131358593866614e-05	15.311420294370064
42770	140.64588434372413	2.470852056675638e-05	0.1990820512767117	3.1277501572454135e-05	15.280283257915547
42951	140.0489363232477	2.4765419392380065e-05	0.20080193184840597	3.1155183484331965e-05	15.235353481815622
43133	139.4520612847781	2.471591775987255e-05	0.20203768247071688	3.08435611901229e-05	15.339827619257148
43324	138.8290338901709	2.4590963784361343e-05	0.1992831925397689	3.095722300422584e-05	15.181573950899992
43506	138.23224128713144	2.463515005958044e-05	0.1987960673543479	3.114739030931529e-05	15.035268238730167
43688	137.63876860117426	2.470963415914415e-05	0.19982331923965913	3.11775831880605e-05	14.26223669792742
43878	137.0218289112951	2.4720555688144717e-05	0.20036268637385385	3.112396297851964e-05	14.930524815622134
44059	136.43570501515688	2.469817160579896e-05	0.20084107729675335	3.0996296085100075e-05	14.993093284697572
44242	135.83429149563347	2.4646402153091777e-05	0.20185011185755555	3.0714925280580024e-05	14.562040644674438
44427	135.23365126765498	2.4533190501533355e-05	0.19922175876029385	3.083767343983062e-05	14.93261278375172
44608	134.63573510118204	2.4581062107115597e-05	0.19896643901734656	3.1000674034573e-05	14.792953105878873
44789	134.04833618290974	2.4644824413956745e-05	0.1999938947139475	3.1004394094120676e-05	14.604003814993836
44978	133.43765924103678	2.4645200581825965e-05	0.19981636066084824	3.103582027785093e-05	12.868782349526038
45162	132.84674366155087	2.4656522950414193e-05	0.20045673318560459	3.0967940921465976e-05	13.648054153544958
45350	132.22925498107486	2.4628417448264323e-05	0.20300927300293425	3.0511839283480834e-05	14.323081683177747
45535	131.6232181674898	2.4445198381502635e-05	0.19884390281752015	3.0692152390121894e-05	14.677591581164688
45723	131.01184625518908	2.4516158731537226e-05	0.19907017689605278	3.083851216998521e-05	14.484766546749555
45912	130.3999200549224	2.4573347443691598e-05	0.19971940981976968	3.088489089895499e-05	14.469581116142379
46091	129.79795307663937	2.459060320252286e-05	0.20038500446440008	3.08285763881576e-05	14.465511344576909
46281	129.19632339963897	2.4566968589883705e-05	0.20089183067897765	3.069473485439292e-05	14.449026397628055
46466	128.57869697218268	2.4512377155182067e-05	0.2018151254394872	3.042177139513409e-05	14.5433504614803
46657	127.95242657917558	2.4401896004905784e-05	0.19843109805196651	3.0665492786979854e-05	14.251069449495418
46835	127.38611755557108	2.4498173268040484e-05	0.199611121083281	3.072818917119088e-05	14.265732482693263
47025	126.75858772394672	2.452202511443785e-05	0.20007549671802105	3.071987109204847e-05	14.179632732911665
47204	126.16507832235173	2.4517398093326634e-05	0.19949423560502938	3.080089201385435e-05	13.10373896107988
47379	125.5922753074619	2.4548457080274972e-05	0.2011188536530837	3.063258641837165e-05	14.041355799457286
47569	124.9816858395691	2.448007851572071e-05	0.20117440822501312	3.0456999759455924e-05	13.415915892350187
47751	124.37858194951062	2.4408519496192843e-05	0.20131128664358428	3.026183556599454e-05	14.189635880864131
47940	123.76158155396827	2.432889441136527e-05	0.19763775736843509	3.062688963761437e-05	13.93388752831175
48126	123.16187591952762	2.447385669705365e-05	0.20034916018510457	3.057684044043533e-05	13.906840140114868
48303	122.55904986138862	2.445252138755894e-05	0.1997005640899298	3.062603988305545e-05	13.832981332410723
48488	121.95657851782033	2.4470846875025003e-05	0.20051169069792485	3.055126251240078e-05	13.852859091642156
48672	121.33498291581596	2.4439603052368907e-05	0.20199616975602178	3.0252824568371107e-05	13.879906674232275
48850	120.75321068614146	2.4318544511473237e-05	0.19990213169733462	3.0270940422203865e-05	13.864194262017579
49032	120.14623597663942	2.432449673275064e-05	0.19819297124967583	3.055044656157689e-05	13.643162115212142
49208	119.55146105392855	2.443513468448452e-05	0.20043279944619902	3.0487960175566766e-05	13.574374732050376
49385	118.95720810129572	2.440873873543967e-05	0.1999113352074703	3.0504973060329274e-05	13.44226733085371
49569	118.32876396935697	2.4414151024443948e-05	0.20018808812781375	3.0480032580877293e-05	13.501200305100394
49748	117.72727569834159	2.440267908542249e-05	0.20087640207444446	3.0350623507043795e-05	13.517957279571815
49934	117.10098398629192	2.4349387767505673e-05	0.2019928336151575	3.0054956418034086e-05	13.566283183046743
50117	116.4817099801779	2.422897617886796e-05	0.19821705590741745	3.032906628480364e-05	13.405289276484215
50303	115.84607297634888	2.433770093429622e-05	0.19928873239293926	3.0441230013196266e-05	11.607818711633653
50474	115.26168093940677	2.438109325273435e-05	0.19968756894327408	3.0492549592379045e-05	12.795598910424454
50658	114.63712429810069	2.4400159120351654e-05	0.20029817898402036	3.045107854368531e-05	11.64598577012875
50834	114.03723986912607	2.4381990396931468e-05	0.20079856225006112	3.0333793026386027e-05	13.194230072209214
51017	113.41964045495828	2.433345933741047e-05	0.20312948091216962	2.987038149758727e-05	13.334181494727114
51198	112.80429483360757	2.4145287044882164e-05	0.19809504589805804	3.0161580086067395e-05	13.030420343201975
51380	112.18244668466083	2.426110421267577e-05	0.19864343547652308	3.0371649219750697e-05	11.936621487270704
51573	111.53196756983402	2.4343804540713504e-05	0.20038484153595512	3.0317658282014102e-05	11.398418058756267
51746	110.94116313060682	2.432041701931669e-05	0.20001314950576884	3.0319625152561102e-05	12.87995625425194
51929	110.32202052590887	2.431961755507883e-05	0.2002449238502732	3.028672185764052e-05	12.779442357190849
52112	109.71079040594492	2.4304740082193083e-05	0.202441533714374	2.9925606404486445e-05	11.655936443848672
52289	109.11287169493254	2.415773257955843e-05	0.19959968905935827	2.9989712813930074e-05	12.121454067644718
52484	108.45581376986871	2.4181945444789584e-05	0.19795314526878516	3.0304416222524606e-05	11.071311003279037
52670	107.83770410826268	2.430664575172464e-05	0.20028595179582828	3.0265544720983746e-05	11.036262130863495
52856	107.2115298930323	2.4289288040008516e-05	0.20065226661138055	3.0171639085666596e-05	12.524864872486317
53039	106.59534706290559	2.424977692894823e-05	0.20023470656382297	3.0140686819493578e-05	12.539571918260522
53223	105.98650751154648	2.4235560485781093e-05	0.20324194216093894	2.9664306482264446e-05	12.687541917129579
53408	105.37518727627797	2.4041490969034954e-05	0.1975684020261936	3.003388284377672e-05	10.873648382572236
53594	104.76664193933645	2.418898536839435e-05	0.19931011764455836	3.0142391881123313e-05	10.863834412713766
53772	104.17072740357236	2.42308124942927e-05	0.2000830288733165	3.0134372015333967e-05	12.248452620263716
53945	103.60818923145676	2.4225784417119627e-05	0.2000986707984847	3.012384854591595e-05	12.14053828081184
54131	102.99380721930767	2.421981068367182e-05	0.2004616133251007	3.0059187874069656e-05	10.601168422961486
54314	102.40719904085174	2.4191908506098672e-05	0.20207616439069545	2.97548803265393e-05	11.029876199673675
54492	101.82896303846391	2.4067311786072565e-05	0.19982426137176665	2.9785546934163436e-05	12.144282421475632
54674	101.24397537542553	2.407789265047949e-05	0.19820582081346005	3.0059854451514332e-05	11.956726567447555
54866	100.62211925456985	2.4186624903768778e-05	0.20073666137702453	2.99545357801338e-05	11.204209735350254
55056	100.01685440904183	2.414220419647749e-05	0.19891626616813915	3.0122666174252152e-05	10.43651606828111
55242	99.4206929463844	2.4207880534749383e-05	0.20162141632325822	2.9885330741341432e-05	11.558449910614556
55418	98.85639668510882	2.41103455471635e-05	0.2021438989346568	2.9572976260294184e-05	11.821219062389986
55592	98.30668730044074	2.3982149915361966e-05	0.19903089242729152	2.972156549788192e-05	11.714351582769186
55773	97.73324629107181	2.4040465135331537e-05	0.19807823215852446	3.001485081298983e-05	10.993118423986562
55962	97.14772447948265	2.4156804708091077e-05	0.2003819475284435	2.996267599836869e-05	10.036257187881846
56144	96.5709675741896	2.4133771114303173e-05	0.19988669657422867	2.998469982480553e-05	10.077786198900771
56319	96.03195047933691	2.414061011760986e-05	0.20065160581450267	2.9892076420573182e-05	11.499660872842703
56498	95.47586896546011	2.4101380545146405e-05	0.20326828796562754	2.9416333782340588e-05	11.61454594604612
56673	94.93324542377813	2.390683604735534e-05	0.19813909226607082	2.9697432215228726e-05	11.087731319363964
56861	94.35225687754551	2.401883930041515e-05	0.19918033210949987	2.982489785970045e-05	9.87963149048285
57036	92.9860346646971	2.4068209783452383e-05	0.2022090036589507	2.9511659629234947e-05	9.905539049665347
57213	92.44345469368734	2.393638388972092e-05	0.19914259512970872	2.964375398252695e-05	11.21372237609997
57393	91.91202088747238	2.3987857380365e-05	0.20073208788224656	2.9540731893958316e-05	10.927518495463046
57575	91.35897533744895	2.394407449294894e-05	0.20288355677548356	2.9126090764844197e-05	10.143531570015547
57758	90.82294993904983	2.377330859398072e-05	0.1974426147232115	2.9508573189953213e-05	9.891559467120151
57942	90.26918688376286	2.392677572551524e-05	0.1997115210948502	2.9556587320441944e-05	9.73519620780335
58118	89.75320794736085	2.394405034053336e-05	0.19943775813767423	2.9645100296943522e-05	9.453523165740295
58301	89.22323460006272	2.3977777336086305e-05	0.20046776493555593	2.958126165429613e-05	9.539368028030177
58481	88.68066320990776	2.3949786517065676e-05	0.2021747107873828	2.9268533195385222e-05	10.84605250373964
58664	88.14143407043267	2.3820629219192397e-05	0.20068188692425767	2.9174517431151432e-05	9.54316178739162
58841	87.62263100683407	2.3780125322376438e-05	0.1982940071178188	2.9430937497093714e-05	9.753353727459592
59021	87.10292111534272	2.388220062391652e-05	0.2006366346911686	2.9342989322086887e-05	10.676407315219617
59202	86.57326615880577	2.384428053605662e-05	0.1994900842308396	2.942360583627128e-05	9.201223541721854
59384	86.04029305615121	2.3874735220032867e-05	0.20009086162484455	2.9415969776100378e-05	9.24938255604291
59564	85.53104706964832	2.3869313824114042e-05	0.20330417603218645	2.8943355037765626e-05	10.426005937821971
59747	85.01186032303691	2.3674552711054077e-05	0.19880810430393203	2.9122503478080028e-05	9.579109560558086
59928	84.49798880889549	2.3745413582902467e-05	0.19877096704289193	2.930828641563721e-05	9.004405064018119
60107	83.98326255297457	2.3818711316103256e-05	0.20014644580742	2.929265170837346e-05	9.401405181305385
60279	83.49827162461915	2.380999572614136e-05	0.2005599286109777	2.921639843085865e-05	9.632938070670713
60462	82.9696069818114	2.377673580222137e-05	0.20014535968579716	2.9201154486132498e-05	8.89644837929299
60641	82.4565547606688	2.376810006215437e-05	0.2019549061029115	2.8924413185669398e-05	9.091447710263994
60824	81.93943280162871	2.365278373942747e-05	0.20102517222272323	2.878291747226315e-05	8.990801260743812
61005	81.42612422366975	2.3592395355167428e-05	0.19735273800047637	2.917507333926609e-05	8.764907816449357
61181	80.92658083459996	2.3750100801450416e-05	0.2000197194440049	2.917817130394086e-05	8.71562260786404
61352	80.46135272198718	2.374893004106783e-05	0.20018500389067176	2.9156935800758552e-05	9.937172845536015
61538	79.93264430263612	2.373795354444355e-05	0.20037228791061287	2.9109253917200368e-05	8.648957435404482
61713	79.43294451556994	2.371589095798022e-05	0.20277557643369934	2.8716945464862607e-05	8.733726137935857
61892	78.94291360637158	2.355302105781003e-05	0.19958905926152265	2.8782147151276536e-05	8.68897180358476
62069	78.45469706404226	2.3577255650058026e-05	0.19811361256956178	2.9062475350094777e-05	8.537832722792707
62247	77.96375012652295	2.3689238030480837e-05	0.19956570925262226	2.9132030350962007e-05	8.601556834968923
62423	77.46518962199947	2.3715000036056298e-05	0.20052192773248217	2.9062704687124074e-05	9.565721519541428
62606	76.95800133422803	2.3684116678245125e-05	0.2012857419049182	2.8883679791991966e-05	8.435981662248832
62783	76.47143075473862	2.3608352628736217e-05	0.20414274433496737	2.8303976801716844e-05	9.514334603536787
62963	75.98589791375058	2.3367578314438352e-05	0.19812255070991555	2.8578623369335226e-05	8.42817854402059
63140	75.4829318871264	2.347803519844238e-05	0.19889610335071917	2.8744065567937762e-05	8.227274258326707
63317	75.01063308319276	2.3543097968287025e-05	0.2001606156602988	2.8727549555893618e-05	8.280297534602102
63494	74.52168653335559	2.353365018282584e-05	0.1994642599625201	2.8811436638049707e-05	8.145508889468848
63669	74.04956829776374	2.3565233445154323e-05	0.20009299523373483	2.880488307611575e-05	8.229653924797582
63842	73.57062077141914	2.355975671901007e-05	0.2014912724318639	2.8598389388826558e-05	8.073888840965454
64019	73.09206974795322	2.3472409844824895e-05	0.19952286520029064	2.8673705319963657e-05	8.044775202825127
64194	72.61853397497912	2.3500458800487424e-05	0.2039919685610287	2.811943524196485e-05	8.392721352379457
64373	72.12416253647822	2.326937960003311e-05	0.19909832149524193	2.8253914616511537e-05	8.08090972864471
64550	71.64226986778542	2.3322011379095486e-05	0.1976901003026712	2.859130961478584e-05	7.9510192252669745
64727	71.16910177687433	2.345786809356475e-05	0.20012684322937616	2.8580392709387047e-05	7.857685576212977
64902	70.69263793142657	2.34504329506355e-05	0.20032297145830813	2.8541589615098048e-05	7.773105589563876
65078	70.21773580664154	2.3431521300947152e-05	0.20085150284113856	2.8427968334597386e-05	7.815402953952236
65255	69.73237881722241	2.338179999421481e-05	0.2004863460800278	2.836655662886555e-05	7.763887241420055
65431	69.2654073311695	2.3353422621401933e-05	0.2011204371695137	2.8215947863288398e-05	7.7243716925386146
65606	68.78747217770467	2.328828108836142e-05	0.20257835845485359	2.786433608832232e-05	7.846976866989128
65782	68.304080125257	2.3139603255555826e-05	0.19843616125871802	2.8091691710861782e-05	7.76052359535044
65960	67.84650378089628	2.323060378782081e-05	0.19875812386167369	2.8274867360138625e-05	7.558671220514623
66137	67.37708975500145	2.330306524989103e-05	0.2005826975194996	2.8200499262884098e-05	7.5069935031228985
66309	66.90448842820206	2.326919265169831e-05	0.19998381552050443	2.8210747207522766e-05	7.455111957258053
66482	66.44483578040389	2.327013420827183e-05	0.2002209252997311	2.8187453954541858e-05	7.3617695152225515
66656	65.96832018859665	2.325729244287193e-05	0.20131840201644022	2.8011154258070036e-05	7.428878861187944
66830	65.49822802195659	2.31810132083624e-05	0.2034726900420831	2.754113862377291e-05	7.409895396967658
67004	65.03432875131932	2.2982345480565493e-05	0.1981582853832562	2.7805242096289958e-05	7.345071729478354
67182	64.54773845021147	2.308889925808343e-05	0.19864584950585812	2.8003496666256122e-05	7.198890716494034
67355	64.07954876767099	2.316746304677274e-05	0.19874670409599562	2.81887493250911e-05	7.083035830890062
67530	63.62025305453234	2.3240395213637286e-05	0.2011709221346689	2.8033185731347847e-05	7.229831801710266
67707	63.138914388363	2.317266075518171e-05	0.20101478042318524	2.790071611640101e-05	7.21578119874572
67880	62.68162356707728	2.311409562028966e-05	0.20335688815425582	2.7448666005181118e-05	7.2205707404264
68055	62.196662818435556	2.2922525242048685e-05	0.19960267424292596	2.7512528430010443e-05	7.3466259217534065
68231	61.72784158499167	2.2945328498122426e-05	0.1977840661219398	2.783000284799531e-05	7.232545590840965
68406	61.243250413730266	2.3073507953454354e-05	0.20079673184872435	2.7729092300463193e-05	6.9740533185175595
68577	60.782359153016195	2.3027686314821575e-05	0.2002648051330729	2.7701648490491444e-05	6.92869736223142
68753	60.31026607791135	2.3012456812495626e-05	0.20011461792036242	2.7695304015109235e-05	6.94218074642105
68924	59.8359813631824	2.3005865545544587e-05	0.20163588991766665	2.748034313583918e-05	6.751233480006515
69099	59.3703518804889	2.291235116946961e-05	0.20394908979975032	2.6957725488014153e-05	6.899319469671212
69270	58.90440674673392	2.2689439576988517e-05	0.1987929139019279	2.7131028852064714e-05	6.832716373752085
69449	58.428392097015184	2.2758221347467087e-05	0.19819638433260806	2.7388236842853912e-05	6.341009501077941
69629	57.92904039101387	2.286153837725607e-05	0.2033920646281591	2.694210908078216e-05	7.014960637401895
69807	57.4467744861925	2.2670100560649334e-05	0.2001316054212853	2.6934919028118747e-05	6.52279431341856
69977	56.979606760872414	2.2662645469349605e-05	0.2010730254927029	2.6801433725878244e-05	6.560854021074586
70149	56.50621448487023	2.2602095015583412e-05	0.2043858258362722	2.623671201406255e-05	6.3657745047221175
70319	56.03506136308288	2.2358275695104958e-05	0.1983332602420576	2.646750388570778e-05	6.586873024372237
70491	55.56136598485362	2.2452025634111046e-05	0.19721047008234743	2.685299813689032e-05	6.321844440054147
70662	55.09032489787056	2.2610259305435497e-05	0.2011439094119315	2.6711399511109398e-05	6.23413652481474
70830	54.626114337557475	2.2545875139309075e-05	0.20036748098751414	2.6673342328577855e-05	6.308657707808774
71001	54.1614285472322	2.2525190688081792e-05	0.19983073701263443	2.670724504141932e-05	5.796665340295588
71171	53.684743447172025	2.2534728445135742e-05	0.20410630536390797	2.6181403002398514e-05	5.748467742835621
71338	53.2128758949199	2.2306894644480442e-05	0.19992515046471604	2.6202631817750707e-05	6.250592651266045
71519	52.702345721244576	2.2311069968215324e-05	0.1983378978160466	2.643516780157344e-05	5.972439144881501
71690	52.22432109553814	2.240436003397126e-05	0.20042021528274953	2.6392099035167387e-05	5.945775205221713
71859	51.75141837914683	2.2380860422138217e-05	0.200568453162585	2.6329465784798598e-05	5.890592557825933
72033	51.25342848130072	2.2349121885932478e-05	0.20152740214844495	2.614302694849691e-05	5.402379364098288
72207	50.76803321462517	2.2264267362014336e-05	0.20384089334435954	2.566328254366228e-05	5.927452470152699
72375	50.28306806442216	2.2053511450383422e-05	0.197322763432155	2.6024595167839464e-05	5.717452380837126
72556	49.78029377324461	2.2202616257957294e-05	0.20874933836039591	2.494737485937781e-05	1
72729	49.25123380040038	2.17323452998694e-05	0.20038120133852555	2.4913762553854317e-05	1
72899	48.768286900064	2.1711663861603855e-05	0.20046978960298437	2.486900632146785e-05	1
73071	48.27428567613549	2.1686208912236487e-05	0.2010902288714147	2.474803304258862e-05	1
73241	47.781659858564126	2.162734214397651e-05	0.20482637136695772	2.4178681656955763e-05	1
73409	47.26895125279911	2.1371018143923985e-05	0.19942291507837542	2.4262918356428236e-05	1
73587	46.752863777712626	2.140191725865179e-05	0.19668576995637657	2.4687376379881854e-05	1
73765	46.22028088514407	2.1581479220324277e-05	0.2007550843763832	2.4610569105176243e-05	1
73943	45.69330331553582	2.154085462100612e-05	0.20045829607070598	2.45706728693709e-05	1
74115	45.166074976926716	2.151621673327533e-05	0.2013003686551513	2.4428673912389113e-05	1
74285	44.65340103203149	2.1446608452015274e-05	0.20085408263602197	2.4341013512427786e-05	1
74456	44.13764928515252	2.1400961658399656e-05	0.2075979338038485	2.346648316455365e-05	1
74628	43.60281219941607	2.100568136590081e-05	0.19827496124391253	2.368779485153125e-05	1
74799	43.0778886848229	2.1096860657115504e-05	0.20896720411889372	2.2688503244431052e-05	1
74969	42.5470882880768	2.063924308873279e-05	0.20467472272616175	2.218710360944e-05	1
75138	42.02061642422221	2.0402183937463594e-05	0.19999022246219147	2.220553734371718e-05	1
75312	41.45038467945646	2.0402682663561905e-05	0.20171453481516669	2.203551579428054e-05	1
75482	40.90018959262202	2.031578818033142e-05	0.2005626692234877	2.19924028301339e-05	1
75669	40.314374524667706	2.0287270666571662e-05	0.20727757792912638	2.1240475090706498e-05	1
75842	39.74496873734723	1.9927942374964732e-05	0.1965928533258528	2.1628648828785665e-05	1
76017	39.162064250075055	2.0099885965959523e-05	0.19712429798429731	2.196574816773155e-05	1
76200	38.565872770963956	2.02459663877911e-05	0.19891047841907628	2.2109508705772654e-05	1
