时间秒	晶中温度K	设定电流	电压差V	κ	时间常数
127	261.1035637891642	0.0001	0.045332256571349455	0.002229656568945028	7.5187889123632345
280	262.13191940476526	0.0002	0.3553150978860275	0.001137923772375801	11.626184722487947
448	260.8275520517924	0.0002	0.36618708791186105	0.0011041995242485763	12.008958429417811
617	259.5980117316184	0.0002	0.37343611113414243	0.0010828221607827922	12.015241260001519
786	258.35380799269296	0.0002	0.3669998410747308	0.0011018708338003226	11.882236778212402
955	257.1232287954233	0.0002	0.3689626547231571	0.00109606736210561	11.861698344797258
1123	255.94502328429496	0.0002	0.372875150372132	0.0010846224418193146	11.976106445222557
1292	254.7653689047105	0.0002	0.37846246496022196	0.0010686656630177081	12.050516750845238
1462	253.60708158041427	0.0002	0.36997999212166277	0.0010932230616071644	11.783826205637563
1630	252.4580472775044	0.0002	0.37131125152690414	0.001089359606561365	11.758639539710051
1798	251.30965933658538	0.0002	0.3730609182244363	0.0010843070000681502	11.789199809610839
1966	250.1954347773903	0.0002	0.3742552492515823	0.0010809017042882054	11.739856000322742
2135	249.08127491917088	0.0002	0.3792731068844525	0.0010666561290732122	11.994078482668224
2303	247.95431774755556	0.0002	0.3786971050669485	0.0010683343129264276	11.729616882205494
2472	246.90508980073983	0.0002	0.3722892951378286	0.0010867760191322947	11.607803786306944
2639	245.80794895429133	0.0002	0.3743136445870167	0.0010809547717388801	11.62723647825871
2807	244.7602260963638	0.0002	0.37549355744293217	0.001077612098318821	11.636182698080777
2975	243.69621032979134	0.0002	0.3762906751058871	0.0010753843576154006	11.645049277391239
3143	242.65974109005484	0.0002	0.3817991797207802	0.0010599226038869591	11.810658272021088
3311	241.6042442955147	0.0002	0.38225712886985214	0.0010587074975885536	11.792646873582525
3480	240.56217691263473	0.0002	0.37388701726644663	0.0010824641778754505	11.48059698716985
3647	239.531297852617	0.0002	0.37463435600050193	0.0010803601410552417	11.405732769935689
3814	238.51525998678872	0.0002	0.3799991102718821	0.001065162472503245	11.642263215186732
3981	237.49598686426233	0.0002	0.38346220654383195	0.0010555974747941297	11.7422503317668
4149	236.5027938525308	0.0002	0.3746880778913375	0.0010803715202299625	11.367582959776467
4316	235.4998081545256	0.0002	0.37670137493537553	0.0010746529292718367	11.421405351303164
4483	234.51261516778368	0.0002	0.37770656908748856	0.0010718480780447205	11.406974140930277
4650	233.5284632868214	0.0002	0.37990359073424995	0.0010657047756694976	11.491501246907495
4817	232.5490075028456	0.0002	0.38687148599999405	0.001046564596209997	11.61122165775733
4985	231.55901545568153	0.0002	0.37893653716897296	0.0010685361578043062	11.133998594504671
5151	230.60934443867006	0.0002	0.37618192542725487	0.0010764154191798784	11.224283781494822
5317	229.64753066716577	0.0002	0.3780951548585587	0.0010710247229120853	11.311335835242614
5484	228.67880556234437	0.0002	0.38480455566889155	0.001052406522368416	11.565035207213839
5651	227.73888659651075	0.0002	0.37921942501733497	0.0010679615529004427	11.078032577121363
5817	226.78572061907877	0.0002	0.3776390514051379	0.001072487543631172	11.192255246981567
5983	225.846972111475	0.0002	0.37898812799642956	0.0010687261288132132	11.217568611735372
6149	224.9157289902069	0.0002	0.3795981640912217	0.001067064993891342	11.199530176316872
6315	223.97611126005495	0.0002	0.3830248373660201	0.001057575411025768	11.333536148817924
6481	223.05667991482258	0.0002	0.3857661816255485	0.0010501158277851285	11.38238917995503
6648	222.1324498437459	0.0002	0.38197223123841784	0.0010606030124948982	11.08290346378034
6814	221.21925330913407	0.0002	0.3776615749535084	0.0010727661391928078	11.063829964057675
6979	220.14626913412044	0.0002	0.3704112848555863	0.001093822301006318	16.454136712474206
7165	217.51077152000812	0.0002	0.9728264162227532	0.0004165071308955895	107.0631135248794
7803	214.41551907851982	0.00014338288691305315	0.4033222801186836	0.0005164537419226673	14.536165078481655
7982	213.83815876369198	0.00015964532879384733	0.49255779878602696	0.0005242876206930751	13.048551967619563
8155	212.9426972103655	0.00016084687139859895	0.49434325378221516	0.0005303177188624396	12.983875998646614
8328	212.04977279504422	0.00016176453519973222	0.50492684052536	0.000525173807197013	13.012887793738495
8501	211.0850436773969	0.00016097338913040514	0.511535618497809	0.0005133614476896821	13.216421928255082
8674	210.15051121755744	0.00015914798719931668	0.49655719638855167	0.0005169500419888528	12.870614948730175
8846	209.25633305255533	0.0001596987483457691	0.5084338627354478	0.0005084050679093651	13.207283582500445
9020	208.30805395533687	0.00015836867406441378	0.5035933158278547	0.000504807450279132	13.042001270227658
9193	207.38609613239947	0.00015780265441176294	0.5078970628743534	0.0004969880820120333	13.133450873865343
9366	206.4392010181575	0.0001565710469981948	0.4924209242778279	0.0005046680213810807	12.84044047494693
9539	205.59504092865177	0.00015777137424524985	0.505882206355647	0.0004988295161690676	12.877415287542021
9711	204.6776609777421	0.00015685143942355704	0.504068802211766	0.000494832796055279	12.947701916425082
9883	203.7865521063844	0.00015621711076197985	0.5035535162364793	0.0004913703110705349	12.936217640972943
10056	202.87657834293813	0.00015566493224845266	0.5083772666095794	0.0004833032652001065	13.186858270738067
10230	202.12171588719445	0.00015437704664269684	0.8926023766375507	0.000270743421267834	13.06416770513388
10402	199.6325743045112	0.00011554168878664514	0.7528515888653134	0.0001798232304945813	2.0445526245013395
10549	198.83034172967734	9.41605588747534e-05	0.21268790243205762	0.00042276207459427165	18.777688370811962
10744	199.8503352051549	0.00014437188789310487	1.0054683338240484	0.000210245926625873	17.20727378387412
10933	197.41022746086023	0.00010180835940013714	0.5062075241631332	0.0002076820947302924	20.604729400992362
11134	196.5002443805316	0.00010118220584930278	0.5353633016502468	0.00019397817687579762	20.734467469813897
11336	195.40649509808094	9.778333527948299e-05	0.5005089532965291	0.0001937950743075485	20.506632560486914
11538	194.41933035743062	9.773360609018038e-05	0.5111717984490842	0.000189573656255931	21.037941589384754
11741	193.35441901554864	9.665970884772619e-05	0.49460529662456404	0.00019165622527721546	20.551264413979
11942	192.375222439386	9.718541721202068e-05	0.5008877540056034	0.0001913310046049529	20.523339207206256
12143	191.39566980185938	9.709925518766668e-05	0.5057974901787722	0.0001891520828210956	20.656893149100167
12345	190.3670149322667	9.654117177160643e-05	0.5037214120386578	0.00018776943811736358	20.748590030987902
12546	189.359804689813	9.618389541913842e-05	0.49453676976085653	0.00018985867812512278	20.416909597618947
12747	188.4215283086921	9.671371595761147e-05	0.50468194071527	0.00018811168289134325	20.60487381171371
12948	187.43042434277612	9.626406348975047e-05	0.509252529056338	0.00018470844377314026	21.052902894470314
13151	186.41757661916023	9.538555150155977e-05	0.49386647919507315	0.00018701738372852117	20.632525106528124
13353	185.46151046609273	9.597603900513901e-05	0.4992274275486376	0.00018732169883854625	20.462407509985198
13554	184.4833186317269	9.605027348722458e-05	0.5139010385182047	0.00018226946239202624	21.255426644437794
13757	183.46639475918346	9.474228618354512e-05	0.4932872114166261	0.00018476483251205224	20.588408488072876
13958	182.51496505628495	9.53847474673253e-05	0.4990744549973168	0.00018512269644895964	20.67417063261415
14160	181.56508375171003	9.547315309771036e-05	0.503641043781066	0.00018379929618363456	20.78314638602672
14362	180.5755697492867	9.512741827906653e-05	0.5017166873574131	0.0001831858296759046	20.877266172934544
14564	179.61750889228875	9.496453355617988e-05	0.5041892798661411	0.0001816788076085849	21.033149814694205
14767	178.60274994644777	9.456918317049432e-05	0.5039436478766415	0.00018027282871706569	21.241497510019663
14971	177.60064755196615	9.419842737169158e-05	0.48798347930189695	0.00018472799999055174	20.841261687768625
15173	176.55631349519672	9.53511850499961e-05	0.4991934006365005	0.00018504202462639598	19.92209428810791
15372	175.3730195652732	9.542818843402192e-05	0.4819903597972659	0.00019197292010233712	32.0776192836969
15633	174.6213264042783	9.719468253631661e-05	0.5370228493046163	0.00017875833464394764	24.416981535883163
15849	173.40009368134443	9.378451255304216e-05	0.4853420134331715	0.00018417466432649117	21.953036282401996
16056	172.4942962312851	9.519018786507688e-05	0.5092781723588177	0.00018083605721812174	22.01848851186478
16262	171.52653755840026	9.431910145516095e-05	0.5150949003679355	0.00017555265361193063	22.228850906242297
16470	170.54931047051326	9.292681061771368e-05	0.49011560197230714	0.00017910948909124507	21.529816411190392
16675	169.62781902518552	9.385918311402832e-05	0.5058087702356391	0.00017706923755132962	21.54086456526997
16880	168.66607814036436	9.331868162517407e-05	0.5079272827629521	0.00017432207486748502	21.714407737738924
17086	167.71445933441217	9.258759989084395e-05	0.49844018747189556	0.00017488385773488144	21.14377494001596
17289	166.7856496374967	9.273235797048732e-05	0.4980452393306405	0.00017558690665990127	21.21531032615444
17493	165.8559151147583	9.291416078211512e-05	0.5036404453847055	0.00017433443678083841	21.33036895906107
17697	164.9237031349722	9.257774778347661e-05	0.5031332426416701	0.0001732653631401174	21.291316031256024
17901	163.98943496941743	9.228903543881995e-05	0.5053354814517413	0.0001714525709798572	21.434393688460005
18105	163.03922818973058	9.180053512046619e-05	0.5008596580037892	0.0001711752556189669	21.249729567422346
18309	162.1151806982622	9.172171967264468e-05	0.49338482436419406	0.00017348741831956763	20.89539622200763
18511	161.21245648393574	9.233456280464055e-05	0.5024853044026667	0.00017264660686957834	20.99023328737159
18714	160.29321226931938	9.21059352705411e-05	0.5120105686031424	0.00016861362145714014	21.452424470282118
18919	159.32678278297777	9.101922981526249e-05	0.48906015683616283	0.00017240303708494417	20.87240726697763
19121	158.45928841530375	9.203160945243009e-05	0.5038504825798571	0.0001711028170946664	20.912463745074703
19324	157.51923642400735	9.167927701735787e-05	0.5062681038425145	0.00016900215806345292	21.203333792304218
19527	156.5795477849448	9.110996895476287e-05	0.49618529255902527	0.00017031933403930093	20.804328593098408
19730	155.7099918456532	9.145952830785022e-05	0.49974796874022237	0.00017042280209795564	20.804715533624073
19932	154.80071472175092	9.148258768588073e-05	0.5027689172400129	0.0001695023135410223	20.815137642838636
20134	153.899050058421	9.123032722201743e-05	0.503051383748416	0.00016849196471385142	20.896296005389395
20337	152.962196509188	9.095321619919638e-05	0.5070261225365837	0.0001661756697410205	21.208172895025545
20541	152.04149658207913	9.032082489491664e-05	0.49734202292927676	0.00016708208207382873	20.640359841103404
20742	151.1534235910481	9.056185699001801e-05	0.49383823118099235	0.0001691853273086389	20.645433501794617
20944	150.28083599863345	9.112508935738308e-05	0.507689472162364	0.00016664140215155504	20.824667304731378
21146	149.35063739690645	9.043236538023178e-05	0.5055855373008974	0.0001648192931634983	21.126611907212204
21350	148.4180579051141	8.99314450090337e-05	0.4909585819587566	0.00016787407914390127	20.51328929337067
21551	147.55002800318442	9.075574911564798e-05	0.5023991774925711	0.00016709171842774724	20.67394342076377
21753	146.65978989431792	9.053879043715607e-05	0.5120023169037425	0.00016319367379868507	21.302175175412046
21957	145.7054495535253	8.947129580550944e-05	0.48803691001598365	0.0001672141932883205	20.535781080407126
22158	144.8562279181827	9.056124721934442e-05	0.5029767514309641	0.00016624435477596584	20.625917286358423
22359	143.95944676435184	9.02928666576558e-05	0.5017159240669158	0.000165695684671042	20.543762224689214
22560	143.0638866271948	9.013832860447367e-05	0.5053933052968839	0.00016394755763380527	20.83269981170799
22763	142.14586839422225	8.965608293844402e-05	0.5090411409332604	0.00016105580148032485	21.06340790028385
22966	141.21538302675788	8.885631961890783e-05	0.4837920204304242	0.00016647263881837323	20.336567765615694
23166	140.390930661775	9.033248814666732e-05	0.5059258822566656	0.00016454335437867166	20.555034960639393
23367	139.46271192842255	8.980190013048195e-05	0.5097125585376308	0.00016142915965669608	20.846028270671436
23570	138.53710583404543	8.894219868936797e-05	0.488076996983654	0.00016539424002086594	20.29885165519059
23770	137.6822880044568	9.002200747814572e-05	0.5042720444838849	0.00016401483210628216	20.378578608825983
23970	136.77662548647822	8.96398764427445e-05	0.5011006301996208	0.00016367642997686647	20.35968271700251
24170	135.89834437596988	8.954137867227556e-05	0.5029162688267071	0.00016274894753269043	20.50810912777664
24371	134.99179932585648	8.928138869079753e-05	0.5105538903002189	0.0001594068442542645	21.163848488894264
24575	134.05571332027884	8.835378193736874e-05	0.4900326433829886	0.00016267209091121697	20.08543069080619
24774	133.20197340237038	8.924782488728391e-05	0.49722592488428463	0.00016360258135688822	20.15578116612904
24974	132.3157330745119	8.949644005278699e-05	0.5050768399320651	0.00016198144387669138	20.384266346573156
25175	131.40107446427174	8.904551199556947e-05	0.5021029000547401	0.00016132647902481528	20.42862549167982
25376	130.49244178887093	8.885884678500753e-05	0.5068514568572097	0.00015916955053324428	20.709251445478007
25578	129.5810272480609	8.825622050764286e-05	0.499039965945794	0.0001594994136296314	20.311105981295338
25778	128.67966265163201	8.83410716944389e-05	0.49366080547815294	0.00016157226063260522	20.12985179837312
25978	127.80572110282628	8.89064648544434e-05	0.5023223440650247	0.0001608500630055842	20.21665452929558
26178	126.91334907409293	8.870070992726614e-05	0.5023876507595065	0.00016011041755746014	20.308471569465308
26379	126.00736175172248	8.848967911162127e-05	0.5067260930714972	0.00015801022670038623	20.500471690872416
26580	125.09070363115413	8.790042771363852e-05	0.5001505750827365	0.000157987993572931	19.99534064139042
26779	124.18752013729302	8.78871950881435e-05	0.49298990176483526	0.00016026072612902942	20.10770209550637
26978	123.33036871627309	8.850984794953035e-05	0.5030230517215917	0.00015932351261347723	20.100444399213337
27179	122.4272510396029	8.824348533651383e-05	0.5025540626793751	0.0001585404670267742	20.17337539505986
27378	121.52512195472096	8.801896573440625e-05	0.5076345823162343	0.00015618250955687422	20.552222499992382
27579	120.61078241823127	8.735457658749282e-05	0.49961227662189395	0.00015633059465141208	20.185275643086598
27779	119.73354304882027	8.738846570970188e-05	0.49065052479749105	0.00015933692089127312	19.87572420238425
27978	118.89262793906241	8.821714181338108e-05	0.5067949050565119	0.00015722793787414314	20.152763230020206
28178	117.9865039565034	8.76237559086122e-05	0.5107829106631876	0.00015393619471868462	20.336760123688034
28379	117.08021542105736	8.669392939065789e-05	0.48645281316424993	0.00015825136044198888	19.805096036930518
28577	116.2592600886395	8.789280612469047e-05	0.5032652670038232	0.0001572528651383976	19.905249390985514
28776	115.40214569263195	8.7607210704156e-05	0.5018296562470144	0.00015670756047139915	19.89024104146385
28975	114.5492085970133	8.744735820296073e-05	0.5049845179156851	0.0001551889731512985	20.133011565241386
29175	113.67765084128483	8.701470743851356e-05	0.5091855665294297	0.00015241771202318088	20.341447848935317
29375	112.79299237592343	8.622627487406602e-05	0.4834851506948204	0.00015765358162802792	19.569261063423436
29573	112.01663731412026	8.768656475995912e-05	0.5047534113424903	0.00015619818260524093	19.815117086066422
29772	111.16446237927317	8.727270300444311e-05	0.503645256601363	0.0001550971163668553	19.81321071131745
29970	110.32549211880422	8.695630061229398e-05	0.5027237905313111	0.00015428641197668896	19.910354799115648
30170	109.50129461269667	8.67204131896143e-05	0.5070167558009521	0.0001521802193474929	20.111789271390702
30369	108.65151615286047	8.611824773885716e-05	0.502475697242761	0.00015146021405096705	20.400525772375044
30570	107.8070463090935	8.59058335156662e-05	0.48857788418127956	0.00015503221482140195	19.506205884514905
30768	107.05249611285335	8.69041979877002e-05	0.5036529359618532	0.00015393797002076173	19.717504140579354
30966	106.23232292101119	8.658847146137904e-05	0.516358344342697	0.0001490914633285494	20.42121042072883
31169	105.37323297959206	8.520586221418003e-05	0.4852971945976153	0.0001536395787280264	19.492504816330335
31367	104.63328146617114	8.648695109736543e-05	0.5045314090692062	0.00015229067966071407	19.66552753825489
31565	103.8282246502271	8.609768722431198e-05	0.5046722319501369	0.00015091183487562907	19.826094250794043
31763	103.02534402822202	8.569821632034975e-05	0.5118768046013956	0.0001474411237256061	20.17416871922892
31963	102.19421946529145	8.469817641495181e-05	0.48545981510133	0.00015188935086135245	19.47644530221437
32160	101.4730012868093	8.595723143166694e-05	0.5041789810286202	0.00015066211034382485	19.569626116487576
32358	100.68792807214881	8.56002539433941e-05	0.5020961865484755	0.00015006520511531396	19.58533333864083
32557	99.92756774827131	8.542138206967538e-05	0.5058919674582908	0.00014834928417674668	19.782219334641812
32756	99.14328006663116	8.492248697230087e-05	0.5110827655256325	0.00014516421060163098	20.244716324163548
32956	98.319764600452	8.399667370034921e-05	0.48406634242664726	0.00014997643148635217	19.313521131693406
33152	97.64342117030597	8.536790958888088e-05	0.5064121175646941	0.0001481096136383722	19.54135645562822
33350	96.86984960682489	8.482572976003605e-05	0.5088238890476621	0.000145574205635881	19.86749902318028
33550	96.0866264618407	8.408700037735578e-05	0.5015207898392685	0.0001451657328849311	19.218601686791988
33746	95.3333643299304	8.395941269897539e-05	0.4928892138247151	0.000147294336578876	19.36034165988309
33943	94.63510694739118	8.45628744442145e-05	0.5089480437710794	0.00014473781869579741	19.857743307164554
34142	93.86867437649188	8.381620911964442e-05	0.5149025635796153	0.00014058207451329833	20.354438258077533
34342	93.08176362947833	8.259437850146373e-05	0.48528677950538146	0.000144878667617207	19.537098156086785
34539	92.42042055635997	8.383710278253019e-05	0.5072116195061757	0.00014285268476114019	19.870372149450198
34738	91.68338402946274	8.323896409833181e-05	0.5321498795080896	0.000134255514583544	21.07520575343659
34943	90.83885906342526	8.06853495666214e-05	0.4857879360283599	0.00013821810889079459	20.31960705987419
35143	90.17640335514919	8.185709430725737e-05	0.5039528659748587	0.00013716747281541377	20.245503019138344
35343	89.44051399975658	8.153543017560134e-05	0.5033603249434827	0.00013628615054038368	20.30872139326547
35543	88.7122031065499	8.126281796721594e-05	0.5084671236675392	0.00013405128745022413	20.747967025354626
35747	87.96693653076733	8.058337297932951e-05	0.5083802654562212	0.0001318761783567603	20.787308371125423
35949	87.22012111500462	7.991643498608575e-05	0.48544317998811654	0.00013586676087490041	20.11404371493543
36149	86.57807337140335	8.110579810446072e-05	0.5042129254039835	0.00013476629397240442	20.05368627523002
36348	85.84005221660556	8.076624966525901e-05	0.511040241932837	0.00013189163121762095	20.677120135959324
36550	85.10994377913974	7.988907069297558e-05	0.49438552450288376	0.00013342506673537328	19.671421235435208
36747	84.4297745825981	8.034141905599423e-05	0.4990753228723591	0.000133709155272997	19.945112560208205
36947	83.75047696608893	8.04158121288737e-05	0.5035112703531031	0.00013281331367210762	19.903047009325665
37146	83.06136681385267	8.013492899403415e-05	0.5032683711611944	0.00013198717206422257	19.98014450714144
37345	82.34427474167872	7.98742953804126e-05	0.5151520076097219	0.00012814285408671005	20.995027744624
37547	81.61034100562777	7.869086945334087e-05	0.495788119473893	0.00012926875933672168	20.05157478140751
37748	80.93365799173942	7.902441475897159e-05	0.48939162176290274	0.00013211006508233542	19.622652369024994
37946	80.29053390728791	7.987631579880154e-05	0.506602032726693	0.0001304269987746283	19.663070969212697
38144	79.59576754028782	7.935413527438681e-05	0.5112329616798471	0.0001275995972182531	20.308195496390397
38349	78.83694389237857	7.847749683559879e-05	0.4899395013884795	0.00013026203230758003	19.49456371554048
38546	78.23066258577684	7.927913743060003e-05	0.5065183764520163	0.00012862382711167713	19.62471329990645
38745	77.5293702736268	7.876736465835847e-05	0.5037120592597087	0.0001277165821366194	19.7285048218705
38943	76.85858394323108	7.847659357429758e-05	0.5041347722747183	0.00012670902750701644	19.862999081881146
39141	76.18179333748628	7.815410945590499e-05	0.5133749471398883	0.00012344757320143713	19.897253715443643
39340	75.4688971772091	7.712931696314517e-05	0.4909909926298472	0.0001257540542783378	19.39104017511829
39537	74.8293338078647	7.783370877741995e-05	0.49771599134414185	0.00012637362622497258	19.12645098726342
39734	74.17351515041669	7.801209302189976e-05	0.5062454680365611	0.00012485715645706668	19.124068801197208
39930	73.50956657465854	7.752938838512804e-05	0.5191324364078943	0.00012029648635839533	19.539624932497276
40131	72.78726529178519	7.608731826302893e-05	0.5100929532101922	0.00011795811881657583	19.971856178752077
40332	72.09729091471368	7.533080660112641e-05	0.5083535944623887	0.00011606147640490961	19.324706973800097
40538	71.36422443436432	7.470930055354395e-05	0.4797266839634011	0.00012101279560132499	19.08615236603013
40737	70.78666209750692	7.627157851298016e-05	0.5047500864187878	0.00011991730117122516	18.66129782206339
40941	70.0792804624101	7.59118430658145e-05	0.5152487715416995	0.00011641437688750421	19.934241589921207
41141	69.37446456190041	7.478010239106177e-05	0.4933609673341568	0.00011802591670151085	18.397460683439274
41334	68.74944967865359	7.528156937992335e-05	0.4956200389365312	0.00011911432168202502	18.824213148963736
41538	68.09068800394189	7.561348196778957e-05	0.5062643115616255	0.00011768885600637246	19.235722455567767
41741	67.39866618725672	7.514422038459656e-05	0.5161145506106476	0.00011406221012295653	19.87597835634609
41949	66.65648184544796	7.396181049896256e-05	0.4778324111042481	0.00011940496262861756	18.149858147019128
42152	66.08227574773177	7.565797856917896e-05	0.5130363303988101	0.0001164213150984162	17.562096603467406
42351	65.3669452443765	7.469055310497669e-05	0.5089389344110627	0.00011442553455775456	18.856106046030746
42551	64.66906443736637	7.403172000386939e-05	0.5067273615178072	0.0001129577484055134	18.973363668162047
42750	63.99394813815308	7.353865188928111e-05	0.48432520202790225	0.00011666532171567702	18.09661139539389
42954	63.36652665568102	7.471918602542628e-05	0.5082460032696047	0.00011482695626503115	18.256637921178577
43161	62.666265483244196	7.411056909740369e-05	0.5231516344891999	0.00010979912937654649	19.280311108435214
43359	61.92312930913814	7.245216327312595e-05	0.47229006878990626	0.00011629705855788009	17.37739128672335
43565	61.346791318860895	7.45473058482389e-05	0.5119273362826301	0.00011364554491829472	16.01999171788563
43758	60.64722682728463	7.36737530955145e-05	0.5019417068938004	0.00011326185405452251	17.74101032384698
43949	60.011581320618106	7.35311155674606e-05	0.5056709465938644	0.00011204729908146961	17.908697761421948
44153	59.33305639862802	7.311763844253122e-05	0.5181803835467264	0.00010817382725644871	18.504717839471528
44357	58.574304424620344	7.182351810361105e-05	0.4909749432011563	0.00011022454481184831	17.3734721781363
44546	57.972930470811356	7.248063876394741e-05	0.49083611848375686	0.00011234179094580974	17.14548462578412
44747	57.33922907829252	7.315411449768774e-05	0.5201198388924685	0.00010805825048715763	16.89395542492125
44957	56.570086074135375	7.172524662087977e-05	0.5078224402481107	0.00010646027137657632	16.171428957554124
45144	55.90109143060819	7.117067885684431e-05	0.48487940390554524	0.0001098424258185789	16.54006330330918
45354	55.24429263297525	7.227186166799265e-05	0.5095213412621152	0.00010786006355213895	17.413142629745714
45567	54.48816131787314	7.159341101794531e-05	0.5235250096003563	0.00010308470573283048	16.926224415675538
45761	53.74535849653546	6.99663696165074e-05	0.47283324395175635	0.00010907726316927343	15.575607079518878
45956	53.16990478864188	7.194826747625495e-05	0.5062535433977413	0.00010780075586249115	16.480605431083085
46149	52.47396509914204	7.150251285107189e-05	0.518848512107712	0.00010395659973505818	17.524952549264682
46343	51.732953158725316	7.019174172570734e-05	0.49816915671456274	0.00010441257879902428	16.93216559582854
46554	51.08022160651049	7.032060580783408e-05	0.5494438268051354	9.509195552930083e-05	1
46711	50.36865105301882	6.70819929300278e-05	0.45716741219845647	0.00010406414788146025	1
46861	49.95685970047474	7.015414337000819e-05	0.5069926995511621	0.000102691122638771	1
47009	49.413245997753464	6.96686628585867e-05	0.5069330877924905	0.00010134777889217549	1
47171	48.831684154619246	6.91906097733746e-05	0.523185468594201	9.692168727924487e-05	1
47336	48.16005369262652	6.764011288099415e-05	0.4800691424004579	0.00010101823821708703	1
47493	47.653211150187346	6.9029929539492e-05	0.5046904047515047	0.00010014921030357443	1
47645	47.09213220105955	6.870841154418848e-05	0.5019575285369846	9.982851649190179e-05	1
47802	46.51755922589419	6.857430651128414e-05	0.5175778222360904	9.651085592594053e-05	1
47967	45.85690365401492	6.739979832143802e-05	0.5065379415705186	9.534101854300373e-05	1
48137	46.17800190671184	6.696341729562091e-05	1.885905300445193	2.5299440524516157e-05	1
48295	43.74941265982018	3.44796358288375e-05	0.13408448426440542	9.441930511204143e-05	1
48443	44.954750969952926	6.658224115791305e-05	1.8264117466608982	2.5869419354653632e-05	1
48608	42.5744386594258	3.483726609197732e-05	0.18527862351092592	6.987681083634247e-05	1
48765	43.120558873771344	5.722903332227001e-05	1.3656171664167622	2.56078571781777e-05	1
48920	41.34225936928437	3.462875905518695e-05	0.2572305364740332	4.982424701162162e-05	1
49077	41.37347266748775	4.827926713562456e-05	0.9545677546608392	2.6123827526287075e-05	1
49226	40.147604085113244	3.4941560057202407e-05	0.3456284235248632	3.782935366504337e-05	1
49393	39.82473242634292	4.202643662643895e-05	0.7556931100256392	2.5058038072128054e-05	1
49560	38.81033621444423	3.4184941348048505e-05	0.4577645009509579	2.7403221278420143e-05	1
49711	38.21821357784829	3.5727183940743515e-05	0.5102527399282463	2.68831706014047e-05	1
49859	37.59097124956775	3.5366421239902646e-05	0.4861726350954927	2.768049800018308e-05	1
50025	36.92040708476711	3.586582807971108e-05	0.560083729350956	2.474523291153353e-05	1
50184	36.16304586364919	3.388748874494453e-05	0.49809192922642237	2.4874102966223898e-05	1
50337	35.48465361339633	3.395233412530538e-05	0.49988760918755704	2.491492171076576e-05	1
50498	34.76968936710166	3.395615069915587e-05	0.5165027338399923	2.4157223002508115e-05	1
50649	34.062923831840095	3.340928199346032e-05	0.49721883400453204	2.4329700261644485e-05	1
50805	33.350790223988774	3.350258818340921e-05	0.507772006290598	2.3998648079436026e-05	1
50962	32.61823068111296	3.324520260394342e-05	0.5264004489111299	2.283605695561847e-05	1
51111	31.854844366199973	3.24008094954075e-05	0.4728824296227817	2.4190539118999213e-05	1
51261	31.15531321384493	3.331687611689188e-05	0.5194480752105359	2.333119476503741e-05	1
51409	30.408744605139077	3.268723651557229e-05	0.5065171421533846	2.3078945080300417e-05	1
51573	29.549229100455968	3.247626927818357e-05	0.5414624799974433	2.1365625199087992e-05	1
51724	28.710468142042437	3.120807290404243e-05	0.508663583029324	2.1054054458094967e-05	1
51873	27.902781879294697	3.094116280448037e-05	0.4903602773693386	2.1524738884462725e-05	1
52040	26.970201221728107	3.124381028790412e-05	0.5272393978763789	2.0480499578001262e-05	1
52191	26.0634182524391	3.04260144079261e-05	0.496131760422188	2.070753701497717e-05	1
52340	25.181617451882747	3.054439686317071e-05	0.5117913790595141	2.0302781207808905e-05	1
52491	24.232666534128445	3.0190483826991194e-05	0.5042538463836749	2.021168712872148e-05	1
52648	23.205905206817494	3.006287183441337e-05	0.49050124331694034	2.0699624215068753e-05	1
52814	22.124277741735003	3.035256593718368e-05	0.5309423042408203	1.960269037603361e-05	1
52971	20.99346095449192	2.945484544528708e-05	0.5269228908507163	1.8715918568584612e-05	1
53120	19.845508843071308	2.8692488583802782e-05	0.47355108194178724	1.9896928933650746e-05	1
53278	18.633655124037503	2.9482873094929227e-05	0.5186623668059671	1.9343172402740014e-05	1
53445	17.257243219971805	2.894759157537398e-05	0.5144605534891945	1.8999546810241437e-05	1
53597	15.91425513452868	2.8537859688550018e-05	0.4712857459694611	2.0402533692576947e-05	1
53766	14.406614188474673	2.9394376200601446e-05	0.5313328152422411	1.9515849287139996e-05	1
53961	12.492703448480869	2.8514511175931704e-05	0.557716923182961	1.7938716720841672e-05	1
54140	10.6146759899544	2.6998772640350315e-05	0.4775063218170868	1.9387880035383676e-05	1
54319	8.853047590971848	2.7627364717201134e-05	0.5299927822124517	1.9089150245131074e-05	1
54506	7.163073054192492	2.6834251485312586e-05	0.6486811889297013	1.5568631674611673e-05	1
54689	5.859477855203727	2.3559107601693386e-05	0.5162256012670937	1.6000656874454586e-05	1
54893	5.219349582493583	2.318590587654786e-05	0.3678016156823974	2.2756976014817388e-05	1
55072	5.178041077010738	2.703349858882472e-05	0.22726100823326045	5.0945637528133415e-05	1
55235	5.737847547660088	4.009819208744639e-05	0.4175245406367988	6.113519638239655e-05	1
55386	5.922319993035132	4.388021943272282e-05	0.41200532299770837	7.42030924012482e-05	1
55536	6.221299822607555	4.833952508572791e-05	0.5920433361202158	6.257073387105634e-05	1
55692	5.995786662151422	4.442328115824477e-05	0.539668950514503	5.8011299673087876e-05	1
55849	5.898640398561306	4.275943116747538e-05	0.44824862318461584	6.478460793978766e-05	1
55997	6.0163712364952815	4.5160364560668066e-05	0.5011543097873994	6.459948124092941e-05	1
56159	6.042909702046499	4.510832559616763e-05	0.5257558887655476	6.140251491500548e-05	1
56310	5.980487262217766	4.398956180607411e-05	0.48226842087285243	6.369550319422764e-05	1
56469	6.027640956203539	4.4790945019611836e-05	0.5103265012082008	6.237376082913026e-05	1
56627	6.001549393566772	4.4335454684800256e-05	0.484781602697603	6.437888546074978e-05	1
56778	6.022620562574079	4.502597271660498e-05	0.4978651434738744	6.463981545593166e-05	1
56927	6.020585447355921	4.5122405624048014e-05	0.42966658622527326	7.521319935185668e-05	1
57078	6.246334902049117	4.867561605079705e-05	0.5913874270636414	6.353000632101847e-05	1
57237	6.032211701602726	4.475694297705021e-05	0.5202607784489861	6.107558864889552e-05	1
57395	5.97535791161303	4.3876792724983e-05	0.4866174419162196	6.279106061043196e-05	1
57563	6.012786895329644	4.447603269274092e-05	0.49764566834124774	6.308996712134955e-05	1
57714	6.033297075404698	4.458111526937939e-05	0.4899016130013946	6.441022752710813e-05	1
57872	6.024240914321095	4.503824886567013e-05	0.5092835316803309	6.320005300699311e-05	1
58028	5.9959936588258245	4.462586857020381e-05	0.4586876947239405	6.891341644326172e-05	1
58185	6.108962062692677	4.65921916281947e-05	0.5833885895670231	5.9041449860380365e-05	1
58353	5.904623948238025	4.3133944619364895e-05	0.473594223551152	6.235982287932127e-05	1
58503	5.976061847136367	4.43201253716837e-05	0.47535664093031454	6.559267033408607e-05	1
58658	6.025721782872915	4.5454428279521855e-05	0.4566849055529519	7.176140732609398e-05	1
58815	6.169607860934911	4.7561207606378724e-05	0.567691046290195	6.318243275768524e-05	1
58967	6.032823691801813	4.4635648918382295e-05	0.5281239550777509	5.984495356507796e-05	1
59135	5.942884546094596	4.343090924876172e-05	0.48467262010157575	6.17628002907055e-05	1
59301	5.967571246757174	4.411229779052111e-05	0.466938308114012	6.613012672468919e-05	1
59454	6.059030934568256	4.564728271942495e-05	0.5305718821699109	6.229231610567888e-05	1
59621	5.965761553150561	4.431265961740749e-05	0.45514436082905085	6.844039673044009e-05	1
59778	6.127819013742194	4.644492179385939e-05	0.5338014170124381	6.408972259027153e-05	1
59934	6.033453774454484	4.495038097606628e-05	0.538795028245679	5.948810827773687e-05	1
60093	5.933812367066229	4.3301863763844674e-05	0.470198715834191	6.326958512030653e-05	1
60252	6.001991168589217	4.4653023644869483e-05	0.41714401914019555	7.582996225621813e-05	1
60419	6.325359796797384	4.888694107546925e-05	0.5969132752017368	6.341339817199704e-05	1
60578	6.024623634854756	4.474270607817476e-05	0.5292749194839509	5.997438753319332e-05	1
60737	5.956387609822485	4.348771529791542e-05	0.48249080987321535	6.22044937146544e-05	1
60896	5.98940416799106	4.4269750179848145e-05	0.4764096525757314	6.523978467812688e-05	1
61058	6.063134245455419	4.5352559031684946e-05	0.5252316609069098	6.210935977293255e-05	1
61208	5.958293771609699	4.424980393492024e-05	0.48344602418903804	6.424078594429281e-05	1
61370	6.024083025980768	4.5001019869197635e-05	0.4748143018236174	6.761961597254666e-05	1
61532	6.139578036068686	4.617909980008281e-05	0.5745639793022481	5.880121678686817e-05	1
61698	5.902832362938508	4.3078568873186055e-05	0.4009046104147179	7.341624960955826e-05	1
61860	6.192920309753638	4.810893510416926e-05	0.5570228915435943	6.582341626910311e-05	1
62024	6.094660345477445	4.557998986993487e-05	0.497300182498776	6.618658522458711e-05	1
62189	6.106231527116787	4.570354812717372e-05	0.5345374009344548	6.191559487137165e-05	1
62352	6.017810529463639	4.4202402057127325e-05	0.535389371056906	5.785768577584789e-05	1
62509	5.8966560123277825	4.271653333045858e-05	0.4688611179286526	6.174179530342317e-05	1
62672	6.005473192124956	4.41122177934161e-05	0.4845371878305679	6.367297864132921e-05	1
62840	6.008706864061565	4.481055655433258e-05	0.4943260008752749	6.438026263382576e-05	1
63008	6.0867484850168365	4.506699624665157e-05	0.5156748857259693	6.241507929238884e-05	1
63165	6.01667975989811	4.437676346439079e-05	0.48065301115711107	6.493973959974207e-05	1
63335	6.036023042225952	4.5261067534318747e-05	0.5291559179860841	6.133647261023648e-05	1
63493	5.981112441634944	4.39964835379222e-05	0.47802683765683895	6.417656321071842e-05	1
63656	6.03230536874162	4.499630260325199e-05	0.42739093013116397	7.507396583147201e-05	1
63815	6.289849279691613	4.8668636605652236e-05	0.5892970043696103	6.363913911671639e-05	1
63974	6.105330105316032	4.482982728078789e-05	0.5420662594177826	5.8751277754181255e-05	1
64136	5.948590284054084	4.3055226666024465e-05	0.48052469526320096	6.114943467549097e-05	1
64295	5.954402547263045	4.391905896716505e-05	0.46236637203832376	6.614887373279783e-05	1
64458	6.131272958491237	4.567146137103858e-05	0.547470826424472	6.0351250543431486e-05	1
64620	5.950620852359738	4.364649960677204e-05	0.45554226315815993	6.626828401250936e-05	1
64788	6.093823455280358	4.572672356644027e-05	0.5114833903066192	6.474728065537152e-05	1
64952	6.0490822732403435	4.521050090604789e-05	0.5367496198045366	6.0330137318286794e-05	1
65120	5.976770171348593	4.363534843415333e-05	0.40616247288909085	7.428914902429202e-05	1
65286	6.30429412410407	4.841428842041008e-05	0.6035674023564003	6.144800076019816e-05	1
65444	6.007961642045849	4.4065192039281e-05	0.5402090787104455	5.6930987686332066e-05	1
65612	5.891351744789849	4.239354457828524e-05	0.42685011357809943	6.674498060715399e-05	1
65780	6.106263524434274	4.588249558724081e-05	0.5311562430163075	6.276826583377275e-05	1
65951	6.008631665555805	4.45164873732032e-05	0.5213795060465002	6.0204996347444187e-05	1
66120	5.9585189143992165	4.359422009689744e-05	0.4625261460942008	6.509805960196341e-05	1
66284	6.022969310651904	4.5325830535087844e-05	0.4998058770221381	6.509281989248156e-05	1
66453	6.07984460977479	4.533463188318417e-05	0.45955996866877713	7.081354751538732e-05	1
66621	6.2128917341740015	4.728724367820282e-05	0.5646959593066371	6.266476566537605e-05	1
66783	6.0371327648414255	4.449607077423285e-05	0.5590981389566523	5.608612708478541e-05	1
66953	5.896797745244091	4.2078731692325916e-05	0.41115281048332153	6.827190264266267e-05	1
67121	6.142473784612812	4.640299493981828e-05	0.5476206982600028	6.227480014163368e-05	1
67289	6.0364013388119	4.4339530125756786e-05	0.5121906132343181	6.080774443745811e-05	1
67457	6.00991767895614	4.380869145115923e-05	0.4885790328398154	6.224650002073827e-05	1
67623	6.038132535053659	4.431776707463173e-05	0.482422035903127	6.451645934287208e-05	1
67791	6.0908973807544555	4.511794434577824e-05	0.5166093737759809	6.241568843131622e-05	1
67958	6.013341193593183	4.4386731417833375e-05	0.40292135699093934	7.746528137162446e-05	1
68126	6.3534303885154655	4.944564238590966e-05	0.6012304405403701	6.430718463180357e-05	1
68294	6.094194680429774	4.509127807440243e-05	0.5524319316784327	5.826007092322197e-05	1
68465	5.909124600231489	4.289811019631802e-05	0.46333417133503774	6.292299873401687e-05	1
68630	6.020502691469428	4.456316182873809e-05	0.47502759122946686	6.621827640783962e-05	1
68801	6.124751624350449	4.571951150600002e-05	0.5446504990205641	6.077188465713519e-05	1
68972	5.9751320533192045	4.3805398019135376e-05	0.46230323854214816	6.574752394455315e-05	1
69138	6.116630761522203	4.555637560655698e-05	0.5281320703410796	6.224169557870282e-05	1
69306	6.005804177735441	4.4326444475356655e-05	0.40519103052453587	7.679974560656822e-05	1
69474	6.3162170554102826	4.923999357401905e-05	0.6119112370973131	6.26547115348437e-05	1
69647	6.00152012207822	4.451012105449958e-05	0.4783660312811427	6.556511589566409e-05	1
69819	6.087297066086104	4.5505470719183994e-05	0.5220838269454062	6.27981936314603e-05	1
69987	6.06067924049354	4.45326452803195e-05	0.5540881839273915	5.667386321469545e-05	1
70155	5.887611086360238	4.230328090506211e-05	0.4527051678703448	6.26469616374116e-05	1
70329	6.039418697936599	4.4458143898981896e-05	0.4791419914587718	6.534634613916046e-05	1
70500	6.090828823249844	4.541551178291062e-05	0.5227677724763587	6.246831446757749e-05	1
70668	6.026786854843028	4.4415526188593796e-05	0.5029472191909463	6.211772893777502e-05	1
70842	5.972123802764554	4.4285199766059076e-05	0.4753079961345321	6.535524494424624e-05	1
71012	6.08382614014694	4.5420932904313935e-05	0.5266105834187358	6.202181871724112e-05	1
71184	5.96595213641674	4.425845616323982e-05	0.3888201040713153	7.977514842581629e-05	1
71353	6.400337026631024	5.0188810955230554e-05	0.6274353752863786	6.345133066626462e-05	1
71522	6.05125509739037	4.480303231225399e-05	0.5133414037398608	6.187302054322358e-05	1
71691	6.029482276019271	4.42169989947953e-05	0.5354800524907194	5.7804756405370946e-05	1
71858	5.911803815217021	4.2727021304632794e-05	0.4412704215480908	6.554034953038987e-05	1
72027	6.097604961243397	4.548154515034278e-05	0.5231829999336423	6.259670996188129e-05	1
72200	6.013489688259318	4.4462451133824134e-05	0.5167812579784313	6.055870319955247e-05	1
72366	6.003437011691941	4.373458659363833e-05	0.4319923444668681	7.011904536402903e-05	1
72536	6.225285001628547	4.705134066203211e-05	0.6054923198689844	5.784906220152225e-05	1
72708	5.887240862169716	4.275655298204988e-05	0.376555126489247	7.688337444927706e-05	1
72879	6.323107876720909	4.926896115352989e-05	0.5981991737618403	6.41550337613263e-05	1
73047	6.089455820905518	4.504384993386966e-05	0.5406959092264525	5.936987614642912e-05	1
73215	5.954819214390624	4.3315562961036086e-05	0.48011421724561126	6.187877611514988e-05	1
73389	6.046286153054777	4.4203502467067455e-05	0.49709301178500553	6.223425726435336e-05	1
73571	6.000043805305859	4.4332564574295715e-05	0.5076184831558954	6.132268801359618e-05	1
73739	5.999613571039586	4.3998628992788106e-05	0.4847798318724989	6.323871129029811e-05	1
73911	6.012400943588163	4.468398262673594e-05	0.4974712646859576	6.35471266057911e-05	1
74081	5.992684130799425	4.479740700370056e-05	0.4070189536246901	7.80537916128288e-05	1
74253	6.371379796427415	4.9651292920396844e-05	0.6183996189481715	6.301148224329223e-05	1
74423	6.054487983245993	4.464583578656654e-05	0.4784358746307003	6.59249904123963e-05	1
74595	6.083786418250784	4.5640888593478296e-05	0.5206083014500663	6.332834317846064e-05	1
74768	6.067261894542402	4.472841913601775e-05	0.5473509140836761	5.787869066232016e-05	1
74942	5.924201184058406	4.274995158568034e-05	0.47276381509186244	6.124271669513944e-05	1
75116	5.989618715139259	4.3964133207523314e-05	0.46066671199766696	6.648059127544886e-05	1
75288	6.140987454434422	4.5802596850467276e-05	0.5340669795683808	6.220165270320936e-05	1
75467	6.005894149334437	4.431770275794529e-05	0.5040500058452888	6.173080160040942e-05	1
75641	6.015944517703803	4.413929887923169e-05	0.4773185648663756	6.465846984744546e-05	1
75815	6.050795723274915	4.5175843424597084e-05	0.5192634597132965	6.223699109861564e-05	1
75987	5.985192102495938	4.432996520031084e-05	0.4558295952369616	6.829383676392688e-05	1
76155	6.120626133679451	4.64281237279193e-05	0.49142433757265835	6.943268052679949e-05	1
76337	6.172162584505059	4.683147158679822e-05	0.5417698133769268	6.408513834944439e-05	1
76505	6.082673219865124	4.4989939117185966e-05	0.5699653252266516	5.622339746847118e-05	1
76677	5.890007443293139	4.2138220356398244e-05	0.4200550163932808	6.700232670166453e-05	1
76848	6.112265228320004	4.597355675039262e-05	0.5207412623589538	6.426673081626332e-05	1
77022	6.055714195707769	4.504868422492602e-05	0.5277218280158711	6.087912661581951e-05	1
77204	6.00576065892769	4.384949375589745e-05	0.4832506910820624	6.302980072020663e-05	1
77374	5.996659848956942	4.460292540778523e-05	0.43313550499402864	7.273752733304022e-05	1
77546	6.253163605409723	4.792216759422761e-05	0.5383801539377968	6.748193207203749e-05	1
77718	6.117070471880759	4.61824463781843e-05	0.5184185704180053	6.510254266435697e-05	1
77898	6.076111783828763	4.535463348899486e-05	0.5126370907768896	6.352375805624495e-05	1
78069	6.08866305923757	4.479212342626403e-05	0.587213274235546	5.409789120485352e-05	1
78240	5.838733582981603	4.1332218933228626e-05	0.4082709228659829	6.63107032622599e-05	1
78422	6.124667801629111	4.574035153899801e-05	0.5281816145665759	6.272299680839554e-05	1
78590	6.008272049563135	4.4503366037157125e-05	0.5131021851098869	6.111328952904258e-05	1
78762	5.975379380220206	4.393148971476612e-05	0.45193024352265004	6.761759468729729e-05	1
78944	6.110285384982817	4.620885738539803e-05	0.5066235768911125	6.66543631764771e-05	1
79130	6.127485390785577	4.5905797177231346e-05	0.5011604535611266	6.648441718052633e-05	1
79303	6.10287569726563	4.585261818117104e-05	0.4862072811528452	6.839552179398702e-05	1
79485	6.198577633707368	4.649844312126788e-05	0.5966310662402714	5.7313899895875555e-05	1
79656	5.91738549128083	4.256674899820067e-05	0.4449485455422009	6.44740539217496e-05	1
79835	6.106132963622374	4.512327252903766e-05	0.4857648833511832	6.630703370222687e-05	1
80027	6.134720256082993	4.577965687274898e-05	0.5434690125127236	6.098114571333737e-05	1
80208	5.975904497852749	4.3910677926432464e-05	0.45163117644996276	6.758936255179689e-05	1
80378	6.128414887988883	4.6202256549043066e-05	0.5174207606429339	6.52649184130736e-05	1
80562	6.099454158249647	4.541781787300087e-05	0.47057699070614817	6.933546411572839e-05	1
80748	6.1882829369633745	4.6816174427582086e-05	0.548092093948553	6.323681347780201e-05	1
80921	6.0232207944240725	4.4715094810008126e-05	0.5376159066600142	5.8853672441226224e-05	1
81093	5.938177586706761	4.312241781471017e-05	0.44960028538042573	6.549333048804011e-05	1
81282	6.096036005331212	4.547522077912776e-05	0.5240737466541066	6.241068759668294e-05	1
81456	6.028604209775447	4.4418472153261605e-05	0.5008152192435577	6.233651362606027e-05	1
81629	5.999529908219499	4.438230557951914e-05	0.4654529386923904	6.696230111239026e-05	1
81821	6.150681047329096	4.5999909064732736e-05	0.5901409776365573	5.6700885917902476e-05	1
82016	5.91119346708701	4.2341290389849225e-05	0.3586919726671769	7.912769258135165e-05	1
82191	6.363457634830667	4.9990590046165676e-05	0.631401226390136	6.253001888517848e-05	1
82385	6.065158205747659	4.4485712874536025e-05	0.49305688256668034	6.349526766372228e-05	1
82558	6.077715740130392	4.479783686134737e-05	0.5800314069539739	5.474717829862498e-05	1
82737	5.86174618829358	4.1592621224516535e-05	0.4973421791958468	5.511561851678473e-05	1
82916	6.6086758008578625	4.1703609635998445e-05	0.06498272790800122	0.0004054106044849538	1
83102	20.222466668072094	0.00011568037281726322	8.799508424514489	1.9561444136351175e-05	1
83276	13.122508158009913	2.757499713996498e-05	0.024997423055820617	0.0003720549342945526	1
83457	25.760506817213653	0.00012332549239064416	11.368592428508203	1.5947311587195127e-05	1
83639	16.577963730721592	2.5863334203724048e-05	0.19440148343390298	4.0381954178931714e-05	1
83817	18.42160929397751	4.1478183312264055e-05	0.7858747710716796	2.54180901975516e-05	1
83993	19.12470028383776	3.3084765088554025e-05	0.48102617252072255	2.620482609244372e-05	1
84165	20.131219774790463	3.373096019414107e-05	0.5338165024051506	2.438390808791673e-05	1
84335	20.98744862328417	3.2645077844746305e-05	0.5293879525462029	2.2902464484756215e-05	1
84512	21.826877821997645	3.1726026588977426e-05	0.5178748678668762	2.2002168508554855e-05	1
84689	22.611805215633797	3.117369401576728e-05	0.45743701243446866	2.3946416636648458e-05	1
84878	23.509060807344937	3.2591745445408065e-05	0.5176109700333087	2.3034946842827687e-05	1
85052	24.25717054677456	3.203250376139801e-05	0.5091020379028172	2.254393259796241e-05	1
85230	25.002562956520162	3.174486395673225e-05	0.5314136190350043	2.1142651312628588e-05	1
85410	25.698676511482326	3.079230020944914e-05	0.48268428189783774	2.1835098476576005e-05	1
85598	26.439737131723636	3.133975204458568e-05	0.47233515657526676	2.3047575904316296e-05	1
85775	27.168167236084493	3.2244483320356385e-05	0.5048129769519232	2.276954404762268e-05	1
85952	27.85910914525486	3.209040285585566e-05	0.5214749239931599	2.177998129914457e-05	1
86130	28.50007906084009	3.142269692306591e-05	0.47431581752049096	2.290676102830607e-05	1
86310	29.19731308867934	3.2262250197261506e-05	0.49772087809379245	2.2962476765151255e-05	1
86490	29.86839550389593	3.2336032131495676e-05	0.50854623041089	2.2531350460289693e-05	1
86661	30.47638828924257	3.2063173874497693e-05	0.49366199365989616	2.2778390497147457e-05	1
86835	31.115808839593985	3.226834309310249e-05	0.4863939596903497	2.3373984471314075e-05	1
87006	31.74658857761528	3.271655610738038e-05	0.4934458916968741	2.364557875665992e-05	1
87183	32.385138139266026	3.2933115329321645e-05	0.5246377354840608	2.2498279264998937e-05	1
87363	32.96489544895268	3.215052394171069e-05	0.4604633371538471	2.439146455711985e-05	1
87542	33.639417700156805	3.3502369843862945e-05	0.5116471026701077	2.3800431427720134e-05	1
87722	34.26684452958734	3.311885175717848e-05	0.5216621597285129	2.2778227884776382e-05	1
87894	34.82138704691	3.2423926470507406e-05	0.4526603246929139	2.512683866440419e-05	1
88074	35.50152141028804	3.407723841434961e-05	0.510503124491931	2.4577241516550806e-05	1
88251	36.09196192088608	3.372486288563004e-05	0.5109119642429802	2.40216613967161e-05	1
88427	36.66728294386897	3.336277437059391e-05	0.45885482649268355	2.6143918705082224e-05	1
88602	37.32053133527874	3.482647414639217e-05	0.5111935288743625	2.5541012513949226e-05	1
88785	37.927139065967985	3.444306861661608e-05	0.5146517590372706	2.4784674542623596e-05	1
88959	38.481019796503524	3.394924405106788e-05	0.4648191828292925	2.6631543692569532e-05	1
89132	39.10291550773	3.5210572707532294e-05	0.5058207598012394	2.6297926275016032e-05	1
89322	39.74501950919961	3.5007392703286724e-05	0.5031389841214803	2.610468219009325e-05	1
89499	40.33099362328151	3.489801976475619e-05	0.4794188727456676	2.71977577325781e-05	1
89682	40.96916094760899	3.5639222686348117e-05	0.5378429510191808	2.525898624759191e-05	1
89873	41.54203460910289	3.436255791685738e-05	0.4551669523564667	2.7718900363887123e-05	1
90063	42.23906695255725	3.6015141534691566e-05	0.5105789770420237	2.711812783375808e-05	1
90246	42.82023585650309	3.564007945475162e-05	0.49762136032384185	2.7223060227742827e-05	1
90420	43.39188216550482	3.5725158039378806e-05	0.47281495473049145	2.8763586369890454e-05	1
90608	44.067940692766896	3.6737834943983355e-05	0.5159231981717474	2.7851172217660727e-05	1
90791	44.63655429747068	3.61664625787292e-05	0.4913328651164249	2.8318873196733743e-05	1
90980	45.26968885203594	3.6484057157363496e-05	0.5087274143116711	2.7809607132496578e-05	1
91160	45.84020389444374	3.61697543181603e-05	0.45775461491559	3.035231882010298e-05	1
91334	46.48382828691191	3.7801949301205704e-05	0.49836844396237373	3.0429022288154666e-05	1
91523	47.12112121473606	3.786377665321932e-05	0.5385818327894941	2.8227265062305895e-05	1
91701	47.65150996429779	3.6482373219577036e-05	0.43759287264559776	3.2229396717859876e-05	1
91883	48.36149104127517	3.8997158553051594e-05	0.5285556363562907	3.0466246862755985e-05	1
92055	48.875204428480785	3.792910650823752e-05	0.47733124828584855	3.189175414689937e-05	1
92237	49.52977566834035	3.881929834244478e-05	0.4972222976102623	3.204766775822972e-05	1
92415	50.12064941761637	3.892757816333836e-05	0.48941798803401	3.271909565223119e-05	1
92588	50.72059337390046	3.934616636321717e-05	0.4929866560147465	3.316346702103516e-05	1
92772	51.316694109030436	3.96250518963375e-05	0.5935810690730438	2.7917034608277416e-05	31.69639854472436
93111	52.38656781010283	3.636761538037901e-05	0.5842801163362381	2.386185425752642e-05	30.815498757720867
93425	53.37072941988631	3.3642578464992453e-05	0.5018895349244014	2.3746845049563727e-05	37.13702019509613
93798	54.666112558508104	3.3579189245777596e-05	0.48158652009076086	2.462505146971588e-05	37.037343816802846
94184	56.05497684340359	3.4215118395195297e-05	0.5100766688608332	2.4109485060396836e-05	33.498572093619885
94530	57.24866465038145	3.3875469239075944e-05	0.5164082538612327	2.3319173447877105e-05	36.63087943648902
94920	58.62851970538622	3.3332948732761994e-05	0.47221944472470617	2.466321916749458e-05	34.50852848394872
95286	59.99141826478451	3.429942214840221e-05	0.48962829787876894	2.5159505830493733e-05	34.57812557744115
95633	61.223704342667986	3.466079747431576e-05	0.5114108072746207	2.4575585456061358e-05	41.705116654214734
96054	62.766317242201936	3.427193316217892e-05	0.48380156384032785	2.537052081789833e-05	41.41770021085853
96482	64.38029535692183	3.4840948566159165e-05	0.4925454445536807	2.572677378567739e-05	38.095336929333804
96876	65.86728748783104	3.5103613096557984e-05	0.5271310807283759	2.4379217037002182e-05	42.195952135801626
97308	67.48268372372779	3.418830025679e-05	0.4669679025784328	2.607738892095636e-05	38.76732374009449
97712	69.07563072576605	3.5376836679725056e-05	0.48735687361372004	2.672937061503046e-05	37.76836332006379
98100	70.59990450492539	3.583277569324855e-05	0.5022576257931002	2.6586530986519435e-05	40.59273125097293
98517	72.23264599768468	3.5752151620582686e-05	0.48780611478882113	2.72271532887199e-05	40.649692518751785
98939	73.96200357350008	3.6196248872586964e-05	0.5230794462310976	2.6002994803156354e-05	43.128125747062285
99384	75.74744476802071	3.5388710671224804e-05	0.4682531859058099	2.774122866552909e-05	41.64302343209662
99806	77.55568601438576	3.656868738569689e-05	0.518279754628471	2.6740684524250442e-05	42.86867921373262
100237	79.3512601566286	3.5918008737741925e-05	0.47337437101489593	2.8221673215756924e-05	47.55518986358672
100725	81.49146004556776	3.6914320911169816e-05	0.48728299467120184	2.8932404300197698e-05	41.35200066851316
101154	83.40827546519398	3.739290944597951e-05	0.4917906941417376	2.939254177994363e-05	42.24718733848174
101592	85.40115328037373	3.770371176336512e-05	0.5145780206527695	2.8537920854592528e-05	45.211737042694594
102045	87.51373476220061	3.7165800624278545e-05	0.4801302802453922	2.969577912528164e-05	44.162936649369364
102495	89.66550888729641	3.792703974560965e-05	0.4828770634589336	3.0725744749982335e-05	43.650509846964056
102942	91.86304110548102	3.859363280167284e-05	0.487950342521166	3.146151073543443e-05	43.72022742315167
103395	94.14592691076216	3.9067250659209735e-05	0.504391781582999	3.1164975713580354e-05	45.51381519999228
103854	96.50233709501883	3.889679789590378e-05	0.4687712228310853	3.321730239699513e-05	43.50247643499764
104316	98.96170545609418	4.017153074554242e-05	0.5222548387943268	3.177951933560277e-05	46.08534138430146
104799	101.57842464341174	3.930629840147378e-05	0.47487948502482763	3.343631513863009e-05	46.81219950099503
105276	104.2782564092601	4.033252808363466e-05	0.48269266259670857	3.461105958633533e-05	45.09272259539295
105767	107.14782862002816	4.104923788403391e-05	0.507464638605683	3.407788167370567e-05	48.09584366366849
106250	109.99919762218228	4.0746208970148286e-05	0.4763694855307615	3.574434060119947e-05	47.08631057141864
106725	112.95315633493117	4.174459415304478e-05	0.5015260439661857	3.561232432763404e-05	45.49153777065927
107202	115.99434809678233	4.168103551997177e-05	0.5034753442016553	3.5343750561586925e-05	50.35409667988469
107781	119.81378503700297	4.1536930363766553e-05	0.47736468677186406	3.699155748119026e-05	41.39393662564315
108215	122.74485153937945	4.2510308454023884e-05	0.4831171278753655	3.826311629397116e-05	46.365440846147884
108690	126.08754402811124	4.324670671126156e-05	0.4907797288810871	3.895885113301986e-05	47.65654423780927
109203	129.78838226239597	4.365105403394844e-05	0.5043177669748876	3.860116875839816e-05	48.413970973414635
109700	133.47752670654336	4.346379092309165e-05	0.477907458247713	4.0361692835334557e-05	47.5704811491108
110192	137.26932180032725	4.445705612023787e-05	0.5072745698705763	3.976023866564669e-05	46.315874119538094
110673	141.09670020399489	4.413713686969389e-05	0.4782135357270068	4.1548706040252944e-05	48.717682878927725
111171	145.18452353172916	4.513133989534102e-05	0.49266583518691154	4.214403395850066e-05	46.66784502581976
111666	149.36858110802214	4.54660270909678e-05	0.5045267345012534	4.174355576164533e-05	50.11320641215757
112200	153.9923676550199	4.526160148563711e-05	0.48493663449769864	4.301619607428108e-05	50.10115115631353
112730	158.74063254553639	4.5959195890742814e-05	0.47668784789409807	4.509556722252925e-05	49.94724838333324
113295	164.0084155343792	4.7069586534497816e-05	0.48687008689212286	4.6285783925078946e-05	49.323372057767024
113823	169.03213521979626	4.7700050557360545e-05	0.48608594421123597	4.7586730055426236e-05	49.378982991804435
114377	174.43867067101542	4.837793314035085e-05	0.45267675282603037	5.253473323394688e-05	42.78347701100741
114861	178.9912748679031	5.0843825110036476e-05	0.3324069715644417	7.898814926501824e-05	28.88430070148246
115194	182.80377986787218	6.235742262849294e-05	0.707874467376812	5.577668390501242e-05	40.30308077219658
115640	187.2216488203649	5.240769208233223e-05	0.49429274785950184	5.639944411447501e-05	49.18852755936129
116190	193.16715776011358	5.2709381189684364e-05	0.4625592605872025	6.093670690739612e-05	38.429853425588114
116622	198.047935176709	5.4801094163062045e-05	0.46266248537960974	6.583090358262232e-05	42.9550296345992
117119	204.04289155744718	5.6969458129900806e-05	0.4520376463230876	7.27855935490669e-05	39.55543954924685
117579	209.8444203353261	5.991558283678094e-05	0.15123331852589245	0.00024054186239113017	12.032717531627068
117816	213.78564724920525	0.00010894343123096995	1.091383353411957	0.00011017618308361696	80.50237549638923
118572	227.17494455268596	7.37390246712021e-05	0.24674807042973457	0.0002230821574384395	86.18812588062548
119439	238.87460482882233	0.00010496765826297207	1.2581323201355044	8.860802826058761e-05	31.052202803628745
119805	241.57598264571516	6.617247083534387e-05	0.500533095584188	8.849867430018058e-05	27.88732951180427
120141	244.57824895029572	6.613722276672838e-05	0.5012929748501248	8.825795108164294e-05	24.95406456394384
120477	247.35675987261726	6.605187449516193e-05	0.5034789429733683	8.76368201245226e-05	28.222229104372154
120824	250.07797368199414	6.58232760227945e-05	0.4821616135441966	9.086793928188164e-05	26.82618525876225
121131	252.42615761689788	6.702983951292291e-05	0.4923329650761994	9.227351384359009e-05	26.78019981052841
121484	254.94634130464186	6.754974655116056e-05	0.49047227168753643	9.405574610251889e-05	25.429546867431522
121813	257.159162571393	6.820268872839788e-05	0.48354878941740076	9.724651167383504e-05	25.976324164763298
122114	259.1573678616228	6.935317501126884e-05	0.49516577284647945	9.81877722289444e-05	24.843321181914398
122416	260.9860089698173	6.969089491790973e-05	0.48358591053544137	0.00010151282655041778	25.09810057793972
122747	262.9689965189308	7.086376522241836e-05	0.4891299722974506	0.00010376048338305319	22.94231027318041
123101	264.99626392978774	7.164684789570659e-05	0.49765140480229614	0.00010424177836942102	20.00482860374048
123409	266.635127955274	7.181571246378404e-05	0.47646942205182014	0.00010938264524665265	22.614464088160574
123746	268.38921381432874	7.356766267371603e-05	0.49526549811106463	0.00011042082979642498	20.052008135962577
124049	269.85228206341344	7.39184621781841e-05	0.4815880919480595	0.00011463591691313749	21.597634573797045
124391	271.44135449787746	7.531822132706701e-05	0.4965815476643225	0.00011541816307608445	18.4493992420332
124696	272.7343620794234	7.557702087623328e-05	0.4802452865702328	0.00012015995837570959	21.220473880419217
125008	274.06902314451236	7.711577283650567e-05	0.5030344949645903	0.00011942923077349005	19.341624581101975
125308	275.25646583326056	7.68828251951761e-05	0.4782395775584907	0.00012485785520512907	20.76075175657201
125615	276.4033503016036	7.86124947989657e-05	0.5005751729620166	0.00012470922097606083	20.581127606788343
125921	277.5003234684355	7.856731799046456e-05	0.4830231312170935	0.0001290872388872453	18.26335893354442
126239	278.5308443436503	7.993610187157452e-05	0.5040213223665638	0.00012805262916138664	17.67303600546039
126535	279.4969626241167	7.961657910669922e-05	0.4793560775167669	0.00013356265712714504	17.95509270341176
126835	280.4019973116336	8.131288991745277e-05	0.49575892485496365	0.00013470097675967758	19.3327800558776
127132	281.2531923414267	8.165995344489024e-05	0.5040099082877255	0.00013362527607234593	19.51064335942147
127445	282.04502743688005	8.13344610098085e-05	0.4883701360907883	0.00013680353745349182	19.493404786954898
127742	282.7774136482687	8.229719739988709e-05	0.4944050179668902	0.00013834817800644584	19.675826390880115
128038	283.5010427057357	8.276154945731654e-05	0.5058477286874025	0.00013674540772951063	21.082257342721817
128348	284.178516246781	8.228178657740108e-05	0.484083058862973	0.00014123832485395422	19.700388567771064
128648	284.82589525714224	8.362358324481966e-05	0.5032352132070798	0.0001403272829814971	19.396761519508843
128959	285.45679880951326	8.335434896709715e-05	0.503236040747793	0.00013942188217125288	20.242277190152794
129251	285.94168741011424	8.308591320045526e-05	0.4955953312422822	0.00014065864050434324	20.851152109914914
129556	286.5369175253977	8.345431495283378e-05	0.4919527400825586	0.0001429566374180754	19.909518107610953
129857	286.9717400538752	8.413411034691175e-05	0.5087926555954095	0.00014048411460633895	20.15224921089968
130151	287.43661038314065	8.340396398967217e-05	0.4871713732324798	0.00014418117627440903	18.85912690224303
130465	287.9136157892005	8.449496179267909e-05	0.5101717840252391	0.00014130430033394234	17.628897430569502
130756	288.27619183974014	8.364839229556068e-05	0.4975157042340037	0.00014200808025124301	20.76177286079775
131062	288.6654809311281	8.385697724506759e-05	0.4979260086473921	0.00014259776211791565	17.924521218405037
131377	289.0862553268105	8.403143882644553e-05	0.5130344767591181	0.00013897291126663248	18.69347676583763
131693	289.43747915310865	8.295709324194968e-05	0.4877665716603389	0.00014245670125431515	16.703213870565488
132004	289.8035758745796	8.39909535428605e-05	0.5016585035643792	0.0001419840682788658	17.04981560248949
132302	290.0649794797852	8.385199983447047e-05	0.50723060085821	0.00013995883275190327	20.05283610697408
132620	290.3731270163823	8.325219711016282e-05	0.4957485086575629	0.00014115764895779515	20.273765338281056
132947	290.6764569158042	8.360841641692564e-05	0.5101733156342321	0.0001383415075438088	18.085550149928828
133255	290.9390901235362	8.277060512527096e-05	0.49158552959230334	0.0001407082452889628	17.841216782562434
133553	291.17179252261394	8.347599170660392e-05	0.5117189252876104	0.0001374848420272157	20.54377387943509
133846	291.42122641534456	8.251460971588605e-05	0.4942723351293111	0.00013907683527383788	20.23865908505582
134137	291.58958856506064	8.29913253809832e-05	0.5091938113976037	0.00013656503362208673	18.77196050205362
134443	291.83586368342134	8.223868251272362e-05	0.4970245739201176	0.00013738144808984887	18.49649231679922
134747	292.05165674843215	8.24844751859777e-05	0.5082500067287619	0.0001351505294492132	17.6708819929939
135059	292.21915206927156	8.181228472999254e-05	0.4923454818753654	0.0001372509356669753	17.18254143750095
135370	292.3890460661604	8.244580159720748e-05	0.5110580093861962	0.00013428045016658662	20.88400924366215
135707	292.6099462751467	8.154896389174997e-05	0.5092868653277025	0.0001318308973807356	17.432377211904655
136033	292.76536166702454	8.080201885602699e-05	0.49068249984532325	0.0001343334940376116	17.125709950264042
136333	292.89680280844664	8.156558013119754e-05	0.5083911425131789	0.00013211576043895617	19.57393221466581
136646	293.06542740161626	8.088964769276637e-05	0.4941025761798341	0.00013369187843315693	18.22316157770867
136976	293.22364479519086	8.137095010407295e-05	0.515484489941804	0.0001296753424752382	17.78723669708478
137291	293.3751330978112	8.013949249007136e-05	0.49039110103986056	0.00013221553660238441	17.504578377592065
137588	293.5182647157964	8.092082459874614e-05	0.5102377290419328	0.00012956212380185096	20.007985526301052
137909	293.57487865956904	8.010488796620931e-05	0.4971502726055441	0.0001303045096356498	20.248206392002107
138212	293.7385591557152	8.033414550890432e-05	0.5074200089355241	0.00012839842031993622	19.713543765582173
138545	293.858771313541	7.974461881671796e-05	0.4965002845893384	0.00012930296061566192	17.08313283092954
138872	293.97583577251436	8.002517595540714e-05	0.5033833267531121	0.00012843343198006016	17.171037516629546
139175	294.07507261543356	7.975579099438455e-05	0.5108926293347804	0.00012569472492053596	17.936359008009195
139472	294.1732999824199	7.89009823138018e-05	0.4924338158046803	0.00012762555044113492	19.66501296584846
139808	294.2756400578119	7.950482354824525e-05	0.5015365486560389	0.00012723418075081207	17.276487835917344
140111	294.3596556461018	7.938294136350424e-05	0.5007298868526203	0.00012704835330128018	20.247566265919126
140462	294.4473415879702	7.932506415629692e-05	0.5100847941172794	0.0001245361901431906	17.40030358122549
140783	294.53839903210894	7.85369887454799e-05	0.4962851654338643	0.00012546797296664476	17.513618065227543
141097	294.62856978496575	7.883037651248418e-05	0.5025368764023503	0.00012483423422701123	20.415942342241465
141422	294.6941810809952	7.86311513850782e-05	0.5112564783835694	0.00012208550422643865	18.201429854767852
141719	294.7748538551663	7.776071139570504e-05	0.4925191763867148	0.0001239394475793527	19.659073179252044
142058	294.8593937054404	7.834903557907738e-05	0.5003804508301808	0.00012384494642641932	16.990490006092088
142376	294.93906606065343	7.831924462336061e-05	0.508777074877549	0.00012170815162580154	17.934188303131023
142694	295.0194972135219	7.764075058457771e-05	0.5038034899245147	0.00012078896231668605	21.215048594415062
143039	295.0860780430298	7.734711895149635e-05	0.49567814911866886	0.0001218418664435289	18.39677507079092
143365	295.13923770937606	7.768358447441667e-05	0.5076275991888242	0.00012001090105804327	17.981704985980485
143680	295.1500611856224	7.709773965591861e-05	0.4964340844282447	0.00012087285955358375	20.53869558170721
143999	295.29160540443235	7.7374143014683e-05	0.5058202156139474	0.0001194815213682099	20.91195701370883
144338	295.3237096952857	7.692770262940896e-05	0.49636755686869893	0.00012035576334680402	17.65020960453631
144659	295.3601291397939	7.72086699614127e-05	0.5060327758307669	0.00011892078852605521	20.12871992555515
145007	295.43923158095714	7.674706036927882e-05	0.5028898292294871	0.00011823711884415426	18.552106035543073
145349	295.4953034106239	7.652623124890195e-05	0.49640690502675533	0.0001190927290844738	18.021779091784136
145663	295.5179656326532	7.680268816516612e-05	0.5100861921669032	0.0001167377643228057	21.100811125164924
146027	295.5936488565844	7.603956774719017e-05	0.4936625833017782	0.00011823609301750853	17.64053235860187
146365	295.62350377375174	7.652609205068108e-05	0.5072451557609936	0.00011654720263524075	17.681307826641497
146687	295.68750049837615	7.597760228844712e-05	0.4985588282768889	0.00011688385033962329	18.011641430657473
146992	295.72824355820563	7.608733633592545e-05	0.49686676228469895	0.00011762074958218532	19.769803826683805
147338	295.8072013537253	7.632686237553828e-05	0.5094447003279708	0.0001154399049135205	18.22920638895938
147689	295.79923569348534	7.561603268952992e-05	0.4965102593405406	0.0001162512785403936	18.018027959505243
148003	295.8724918040965	7.588130242766364e-05	0.5004265895344981	0.00011615192902790434	18.24341961960354
148321	295.8897072225275	7.584895295663149e-05	0.5102931920979797	0.0001138089310097536	20.70088423940363
148681	295.9237522497942	7.50800762482901e-05	0.496334377602786	0.00011464933038335466	18.12085205015369
149017	295.94697250009665	7.535681401464207e-05	0.5011079798711519	0.00011439575143993808	20.27729743233596
149353	296.0010485984887	7.527345869003858e-05	0.4915042145452363	0.00011637290392624602	20.266005176104787
149693	296.0612610300458	7.592123265767586e-05	0.5139464945097854	0.0001132148361167086	18.771995125218556
150032	296.03722042383106	7.488404554667496e-05	0.49600521524167596	0.00011412670009167454	18.280266446706943
150341	296.1064843089446	7.518499574283568e-05	0.5015886381684685	0.00011376499067481904	20.812730554289143
150677	296.1193010499509	7.506583786197628e-05	0.5019827102553936	0.0001133156056754082	18.919602369203687
151031	296.2027293924323	7.491744523923043e-05	0.4966387750346619	0.00011408223207846717	16.96629223420253
151372	296.24025839607066	7.517053638819879e-05	0.5092166544727895	0.00011201726004131305	18.20488992652195
151712	296.2309908669908	7.4487148965749e-05	0.49802239644465474	0.00011246207082351721	18.039153993133112
152054	296.2777164881544	7.463489343108151e-05	0.497776231983616	0.00011296432167371198	18.3886394315983
152396	296.29395922418144	7.480141980035391e-05	0.5017899781836951	0.00011256127583196703	21.790285923168522
152741	296.3492963422216	7.466788531974164e-05	0.5051015362975003	0.00011142424398479948	18.666680147889668
153074	296.33342982222626	7.428985475037561e-05	0.5001747311168578	0.00011138535914886068	17.932386852486783
153388	296.3531314405109	7.427687740230462e-05	0.500807320595079	0.00011120572155683407	20.955211550761835
153746	296.3906670316375	7.421698466864451e-05	0.4992987422347637	0.00011136178800406115	19.288550875459403
154109	296.4540831789147	7.426908471520886e-05	0.4999572233310712	0.0001113711155665604	16.872424877713804
154444	296.4411748719138	7.427226190312311e-05	0.512154722227019	0.00010872803750433902	19.524651584521294
154772	296.47159849588934	7.338563587530501e-05	0.49260115096086565	0.00011036096910667121	20.13874770646002
155119	296.5015432087343	7.393470642247833e-05	0.4990595404890415	0.00011056886065104704	19.471008976019217
155479	296.5413709409647	7.400433726321392e-05	0.49934975094692785	0.00011071272281560181	19.07166220273089
155830	296.517931406837	7.405250550056362e-05	0.49859236640720533	0.00011102536867825865	19.19945810228598
156164	296.57057518019394	7.415696490761026e-05	0.5103697370184639	0.00010876938874108036	19.1232302818242
156494	296.56298521321764	7.339973494862315e-05	0.49571597380614085	0.00010970934496193425	21.22654400611936
156875	296.6113853848349	7.37162165171006e-05	0.5045640325703222	0.00010871685185466677	17.674266163000976
157202	296.604939875843	7.338205922881681e-05	0.4916534670735182	0.0001105624785906473	19.245390160753423
