时间秒	晶中温度K	设定电流	电压差V	κ	时间常数
127	10.918169939680261	0.0001	0.08628412537388655	0.0015057834664952815	1
274	16.956365379298173	0.0002	1.5554853076752917	0.0003273987797264631	1
421	12.716698289308024	0.0001133919022840666	0.257184226639713	0.0006289840386310222	1
568	15.459079175230832	0.00015810473574727225	0.7633223112773878	0.00040598842569020626	1
715	14.88219804486161	0.0001279604923682018	0.4075256863651354	0.0004916509002030314	1
861	16.312142947230097	0.0001417370569939649	0.6206916694881196	0.00039121941339963337	1
1008	16.604923813023426	0.00012721269544447084	0.4752856315858356	0.0004072010714017605	1
1155	17.62420377237672	0.0001304782473125489	0.5439141625540423	0.00037069554559191907	1
1302	18.29387029885693	0.0001251001795005354	0.5088908902109792	0.00036112489747762205	1
1448	19.136971290736668	0.00012400254446737495	0.5206556574789092	0.0003441531423493923	1
1595	19.894690555910994	0.00012151791323584529	0.5035273422299087	0.00033940965394008176	1
1742	20.748959233354388	0.00012109153263264518	0.5153920627415451	0.00032724497082353536	1
1889	21.52753816597276	0.00011926964187132206	0.5232757658574679	0.0003109504603815635	1
2036	22.243555474854944	0.00011658686017347123	0.5049589051336456	0.0003063327280580242	1
2182	23.024396256100484	0.00011601298219310215	0.5127754867286687	0.000297344800483215	1
2329	23.7764034736314	0.00011455867059212709	0.5098626033706529	0.0002903616268739869	1
2476	24.510660097877977	0.00011344526861294785	0.4920049567140725	0.0002939350679334552	1
2623	25.304189895723752	0.00011436329269820446	0.5035411161947073	0.00029081656297386	1
2770	26.07117173242582	0.000113960457461535	0.5077520589545491	0.0002854017947717561	1
2916	26.796871549331577	0.00011308717091086293	0.5106974695447294	0.00027855527718441696	1
3063	27.49769685924317	0.00011189649644552515	0.5034620615412113	0.000275839350739163	1
3210	28.208022972497773	0.0001115111041156951	0.5048926067215439	0.0002724254946893549	1
3356	28.936541368393403	0.00011096949572798937	0.49676356601152244	0.00027349438284907665	1
3503	29.66086375751863	0.00011133039415970298	0.5002016601624469	0.00027272284955732004	1
3650	30.3752936473655	0.00011130795004322958	0.5117529099537859	0.0002658563930699929	1
3797	31.035045101148878	0.00011002237767358662	0.49565512022670577	0.00026761205839959335	1
3944	31.752745519368897	0.00011050354991104398	0.4952172192020535	0.00026963813242060535	1
4090	32.473599859468344	0.00011103588629899044	0.5099720937206785	0.00026385338378774115	1
4237	33.12548761065976	0.0001099449180360502	0.5012889134279569	0.0002626909326220319	1
4384	33.81380438756673	0.00010980348194450802	0.49943337079701705	0.00026252247149614823	1
4531	34.5056912983626	0.00010986575273564125	0.49824732742911515	0.0002630038648260726	1
4678	35.19734620313167	0.00011005881914877936	0.5021512052026501	0.0002614523892404329	1
4824	35.88232006841829	0.0001098228212917108	0.4963845530926678	0.00026293849558387103	1
4971	36.58488485648013	0.00011022204624559274	0.49538334411070123	0.0002649961978722982	1
5118	37.30610863191021	0.00011073445466754523	0.5025757315132922	0.0002632409258528222	1
5264	38.04589108620013	0.00011045032971739332	0.49451169108025383	0.0002657648012483868	1
5411	38.824879884259616	0.00011106155173824592	0.4988122875717277	0.00026600889145262356	1
5558	39.575392771508994	0.0001111936963949836	0.5070148178270384	0.00026196106216634326	1
5705	40.27876945224549	0.00011042180545306161	0.49018678882453365	0.00026685544766241065	1
5851	41.01816405413925	0.00011152161366439554	0.5033210656668822	0.00026476919844437593	1
5998	41.70346485053815	0.00011115307794629185	0.4981676196695624	0.0002654302087042849	1
6145	42.414132708745775	0.00011135731418945197	0.5042672373869129	0.0002628936480914741	1
6292	43.07421369928047	0.00011088514623382615	0.49946123573952284	0.00026290198299344387	1
6438	43.73734852736162	0.00011094493551046388	0.4977789867610991	0.0002638077258028211	1
6585	44.39526199462274	0.00011119216965204837	0.5011174122885482	0.0002629652318617255	1
6732	45.039379650210954	0.00011106813002172353	0.49367194296265504	0.00026608926860433106	1
6879	45.710109499182074	0.00011177771810336491	0.5046792360480665	0.00026338533626625013	1
7025	46.34112926170914	0.00011125832647963193	0.5002349135298741	0.0002630311122516451	1
7172	46.981837796858045	0.00011123219959940684	0.5013145544422647	0.0002621202240966853	1
7319	47.60378300274101	0.00011108626650982503	0.49823695704978954	0.0002628358644841444	1
7466	48.248078684594226	0.00011128263583305112	0.4930035789384462	0.0002663544641677262	1
7613	48.89374030342678	0.00011206948338232008	0.4960862309758645	0.0002682532910084565	1
7759	49.54157884079785	0.00011251068931831877	0.4984175459621965	0.00026890614837664145	1
7906	50.1650328943808	0.00011268915604792642	0.49931856759125537	0.00026907952206006817	1
8053	50.787051829860076	0.00011276602467105766	0.5010158861368439	0.0002683469019616823	1
8199	51.401838727676065	0.00011265164150082112	0.5027449762664216	0.0002666993605303335	1
8346	52.026863870672805	0.00011234368284879216	0.4882443448916702	0.000272936247380066	4.498253447820705
8493	52.700777885187215	0.00011368811038015144	0.5026998714747258	0.0002712922379455875	4.70052542272494
8640	53.31776140183104	0.00011338240458784632	0.5006183901941293	0.0002707843042677589	4.784881868972696
8786	53.93911914203649	0.00011331235499094541	0.5011172806490922	0.00027001273263007556	4.81753328710179
8933	54.54705642613429	0.00011318596506953149	0.4961296597819746	0.0002719561000934697	4.875264471057692
9080	55.19526428208604	0.00011362659298870896	0.49166440719751753	0.0002763999555776282	4.952661706273557
9227	55.86117870103748	0.00011458574748270368	0.5006356161350229	0.0002758884969969248	4.963352803607195
9373	56.4751244096915	0.00011451298429959528	0.4954907313390037	0.0002782417022989273	4.989245469810903
9520	57.109368872938234	0.00011503287324413746	0.5013432955227409	0.00027734438998110183	5.0608242532488985
9667	57.73692018216092	0.00011487866076047526	0.5014632353167561	0.0002763841521011864	5.191353189718198
9813	58.34664467306646	0.00011471093429219991	0.5002061468598835	0.00027612491772367954	5.28572970794487
9960	58.98132402034489	0.00011468729430301448	0.4995938118460772	0.0002762033467498794	5.363885695141428
10107	59.611633165849916	0.00011473390732577574	0.493908953121766	0.0002794668492733544	5.307292958929243
10254	60.275071427370406	0.00011543920754079152	0.49676151282243436	0.00028114577536401356	5.316803788275861
10400	60.92072783736705	0.00011581488184703834	0.4959575396666605	0.0002832963845263671	5.278504801679853
10547	61.581821907478115	0.00011628591705681451	0.5035818098363314	0.0002811435975322863	5.453236466458338
10694	62.21143487284508	0.00011587162755058705	0.4988599500570988	0.00028164956319358023	5.562006782428468
10841	62.87015458513542	0.00011600395332298936	0.5004806788620401	0.00028124551116374464	5.640634189296953
10988	63.52392423619565	0.00011594823284697938	0.4960095126077323	0.00028337416163695645	5.518956182418104
11135	64.18374159572555	0.00011641371089523402	0.4929075675584948	0.000287321349560885	5.555683242012337
11282	64.89396523458551	0.00011724825628021843	0.5025664609328734	0.000285721305308689	5.717131181185014
11429	65.52872512359582	0.00011694849670055794	0.5004942857056123	0.0002853149783417947	5.815711362332859
11575	66.19184951910265	0.00011689073355406604	0.5020741320317733	0.00028401115023429286	5.914593532449757
11722	66.8546628455328	0.00011664903844134016	0.49375417106630465	0.0002874786748216865	5.857101880672241
11869	67.55178216892689	0.00011738450600548224	0.49782787268782114	0.0002886098483054705	5.963685954749379
12016	68.24323016992858	0.00011764031387026937	0.49718189341695596	0.0002901232762428456	6.21722811848461
12164	68.92376057764886	0.000117973244828487	0.4945349633752649	0.0002932098967198918	5.960439468304783
12310	69.62392615443062	0.00011862330673086837	0.5037633543815395	0.00029090166664803076	6.086300677817674
12457	70.29173217107258	0.00011817938955033556	0.5004436996058422	0.00029052771963913735	6.173184545120874
12604	70.99350345020528	0.00011812698827483343	0.5016489330394169	0.0002894555570985605	6.335099542747138
12752	71.68218853375474	0.00011793268523820618	0.49448774383769806	0.00029256809650943173	6.214708607157719
12900	72.38607985689077	0.00011858818534285959	0.4978004468718742	0.00029375030108840205	6.234758089069204
13047	73.08714788468433	0.00011884989012447811	0.4982652489911616	0.00029466210439862706	6.320950838410769
13195	73.83077943364529	0.00011905660314048037	0.4944582411352712	0.0002978483529186505	6.197400767720939
13342	74.58069788288718	0.00011972192181651632	0.5008357404292543	0.00029723993597512074	6.431514200340925
13491	75.29738059980006	0.00011962199062355842	0.5027807907302451	0.0002954869278778401	6.554098682997048
13639	75.99940945974734	0.00011929072802024185	0.49724316147405095	0.0002970197303513501	6.456746660165904
13788	76.74584471393943	0.0001196209595165927	0.4960192897504363	0.00029929496842588167	6.49967206982425
13936	77.50519887781344	0.00012009999817264533	0.49867447548371496	0.00029998369840802106	6.584143153113312
14085	78.2378216445174	0.00012025951089181844	0.5005489213338544	0.0002995523077688861	6.697754643319663
14234	78.96461799577925	0.0001201935521849372	0.4972734544725429	0.0003010927340226026	6.676733751906097
14383	79.7218428917554	0.00012052261178427909	0.5011118364933088	0.0003003231622831027	6.814625778740363
14533	80.48017340686735	0.00012038883341444119	0.4982796274464738	0.00030125794372905083	6.805295519516624
14683	81.23351241585009	0.00012059648306524755	0.49654491904529285	0.0003032548630563891	6.7803528794677215
14832	81.998817737834	0.00012101532563389357	0.4997068611950625	0.0003033349935569555	6.910827281956313
14982	82.758942267641	0.00012105081552778926	0.49813194670674754	0.0003043746289178215	6.9004284187540215
15133	83.54779137560675	0.00012127758051420787	0.49769623130771823	0.0003056854062384898	6.972380424969274
15283	84.32731770456306	0.00012155794522328888	0.5017019063532169	0.0003045533901487229	7.070956140421504
15433	85.09897963313934	0.00012135159162660392	0.49718653472535523	0.00030618173863581504	7.082587971298577
15584	85.9024316714001	0.00012169445775901666	0.49765646630613775	0.00030752862989138	7.087488712852459
15735	86.69725378187223	0.00012198065929945018	0.5007976594227174	0.00030694602617772204	7.272266623189461
15886	87.5154691093462	0.0001218834765398405	0.4969132542941669	0.000308757214429043	7.2369710154932925
16037	88.34077675650366	0.00012226145080645293	0.49940711994957016	0.00030903133209653444	7.2870851074308405
16188	89.15515981495217	0.0001223340017089261	0.4998433258860868	0.00030903740030543893	7.348162112086141
16340	89.97511550256465	0.00012235317278578016	0.4982233499569332	0.00031004895287677455	7.36573904857778
16492	90.84243536576997	0.00012257113258521294	0.4992219530598333	0.00031043892573269364	7.3987890790460265
16643	91.67373711235825	0.00012266661012334397	0.49792045252690686	0.00031164628323400933	7.43973314518553
16795	92.5190918848465	0.00012292249964128603	0.4985877151611129	0.0003124413906213241	7.507332614582561
16948	93.38526983174307	0.000123096469853999	0.4993165140984479	0.000312780123156796	7.520483626249402
17100	94.24004574992658	0.0001231806909113758	0.4984498196789876	0.00031366622573321043	7.5718762002377575
17252	95.11967409312868	0.0001233720883603571	0.4995734065763103	0.00031384698277940766	7.665592246951239
17405	96.03115623127708	0.0001234247517831202	0.4976577733543928	0.00031523478651640334	7.725395472087308
17558	96.93844186613933	0.00012371486017369806	0.49861091475185615	0.00031602535854737197	7.757405906289248
17712	97.82855126957321	0.00012388706956441547	0.4989358037147283	0.00031661558273271393	7.786000500480569
17865	98.75025046484984	0.00012401912055332414	0.4986457165368482	0.0003173897430073061	7.824800299503831
18018	99.6721668442731	0.00012418741956152294	0.4994071005909194	0.000317681773923279	7.869167988983789
18172	100.62278748909357	0.00012426111575732307	0.49833084885134316	0.00031865992354925823	7.934919736500879
18326	101.55427894730909	0.0001244690470897261	0.4991695152279167	0.0003191078007322434	7.973745167557644
18480	102.49694468901755	0.00012457254568680375	0.49988072796254013	0.00031910218319216693	8.03944261063411
18634	103.47691808199787	0.00012458740636688763	0.49662572583498865	0.0003211856650829546	8.06120568939921
18789	104.44551976770173	0.00012500993824787561	0.5000088905772918	0.00032109890515939597	8.086701068503121
18943	105.4430498049422	0.0001250088268521788	0.49848603683078907	0.0003219911514566508	8.125607563908874
19098	106.42022456260489	0.0001251985164954205	0.498112562900448	0.0003231311846614129	8.181541095970404
19253	107.445698081671	0.0001254354919460995	0.5007074547879706	0.000322593175875274	8.251537906860253
19408	108.4459676007916	0.0001253468460650864	0.4979585632741983	0.0003238360002090407	8.2626930452901
19563	109.47532259008801	0.00012560351996335792	0.4985301132058032	0.00032471141260751195	8.307897146138236
19719	110.50244939817433	0.00012578855098072025	0.49971164442034033	0.00032482078930551274	8.347238397700584
19874	111.53840018662274	0.00012582483850757364	0.49789841560467324	0.000326113537074867	8.409958935479365
20030	112.61627993741945	0.00012609010654298804	0.5003466088161758	0.0003258086477599545	8.516556938454226
20186	113.67915126126407	0.0001260464253095671	0.4986064032296437	0.00032664166994505654	8.527526003779128
20343	114.77562946052919	0.00012622245125015175	0.4992940654801346	0.0003270259642257607	8.612526042133648
20499	115.87486191365159	0.00012631165050003653	0.4981118358835914	0.00032818796009773853	8.605474836314578
20656	116.99075910564325	0.00012655082524131884	0.4994427647111416	0.00032847780871926916	8.613839602367234
20813	118.13016289333518	0.0001266214028249396	0.49925186913059	0.0003288930095738721	8.746544669951883
20969	119.25952342641651	0.00012671623864280509	0.49865055519932344	0.000329707841512655	8.71400604508157
21126	120.41337232404187	0.00012688758211815542	0.4983223514004759	0.0003307426803620348	8.768072916160662
21283	121.57542162745868	0.00012710099208340019	0.5000885218437331	0.0003306100704411957	8.87031725128817
21441	122.76181018153711	0.0001270897423629876	0.49820382029487886	0.00033172662661486076	8.883169643324006
21598	123.95000204889544	0.0001273186352630712	0.49974857156088587	0.00033182037617748855	8.88975511705191
21755	125.16781540533687	0.0001273506588667788	0.4991635714863087	0.00033230236466618633	8.997338820723513
21913	126.38506215613235	0.00012745731241987134	0.4982742279261996	0.00033338052365722835	9.034804870223919
22071	127.64307463867053	0.0001276778457401023	0.49941557653175317	0.0003336971852276701	9.041548911935877
22229	128.87530070470333	0.00012775252914601142	0.49954746552938	0.0003339285027957967	9.130409715363465
22388	130.15490734765407	0.00012781038084195195	0.49881232453320895	0.00033465107552146136	9.170566282657354
22547	131.41618537617478	0.0001279624490609082	0.49811683920629063	0.0003358460039202028	9.21866926872244
22706	132.74316398177734	0.0001282041057603304	0.5004864701304873	0.0003354477262511766	9.330779715688573
22867	134.05459762488658	0.0001281417837652704	0.49822835708594615	0.00033657008333220026	9.287290615044313
23026	135.38382500174518	0.00012836941033690747	0.49935342145386163	0.0003369360653020339	9.315133690906903
23185	136.71565790691702	0.0001284524918303676	0.49834555700869687	0.0003379856208766059	9.358357454025896
23344	138.08090242815655	0.00012866553801035895	0.49890249528404923	0.00033865993026787277	9.40715366176924
23504	139.4811662953519	0.00012880698194081642	0.49986711517324073	0.00033868042123487446	9.505106016518686
23664	140.849032597089	0.0001288241018468362	0.4979180737160784	0.0003400290582098014	9.498230643068387
23824	142.25079329113817	0.00012909314461342905	0.49882185113700805	0.00034076508874000794	9.483527168643196
23984	143.65428616864617	0.00012924550486248943	0.49917555342685366	0.0003412615755562773	9.625100547760779
24145	145.08653503719964	0.00012935219283200842	0.4982783399757713	0.0003423738270455191	9.57525824218545
24305	146.56373105984912	0.00012957547010853583	0.49977560533060383	0.00034246061440142237	9.64783603930158
24468	148.03222669857718	0.0001296045559437385	0.49908162356471725	0.00034302502858596866	9.703419624890323
24629	149.51279594493832	0.00012972374593089056	0.4991162473284595	0.00034356723224705923	9.758950474291066
24789	151.0218462777568	0.00012983854183713672	0.49927409010333074	0.00034400190504406473	9.826243718576048
24952	152.53813622293575	0.00012993289567063656	0.4991870710545853	0.00034449815424297266	9.685777688414518
25112	154.03919876788095	0.00013003865085715354	0.4999008395381991	0.00034450423027067745	9.947463275227308
25274	155.59234824916058	0.00013005154746810707	0.4968987411172183	0.000346590519549181	9.826557484462082
25436	157.1746689894626	0.00013045675695151673	0.4984604571144254	0.00034759795868697	9.55513306007781
25599	158.7525766867608	0.00013065806572826828	0.5025286221453265	0.0003457873260438947	10.112670054405104
25761	160.3411875068847	0.00013032892871970176	0.500934993268692	0.00034508056297317236	10.176611303582268
25924	161.93602731999357	0.0001302072426854973	0.49915282231580577	0.00034560591294059863	10.248625648877113
26088	163.56180058052047	0.00013031769173060467	0.49867076112005665	0.00034646720772016755	10.124579481764044
26253	165.2391059586043	0.00013049126122294488	0.49736407684837924	0.000348242712728262	10.329458597877844
26416	166.9234497469789	0.0001308365921596372	0.5004890891122242	0.0003478426120491096	10.279860586371683
26584	168.61403123825298	0.00013077264831446697	0.5009031027869228	0.00034715663013278606	10.51360445171599
26748	170.3074459006865	0.00013065470691710148	0.5002732595380612	0.0003469088985023436	10.585958476110623
26911	171.99841903232178	0.00013061901889971448	0.5011062832071006	0.00034608644547460095	10.913843618507421
27077	173.71767449407574	0.00013047475662089197	0.4952010611572421	0.0003493831934177504	10.730470937036326
27241	175.47943551648348	0.00013110544056763797	0.4940875572107969	0.00035350651608468075	10.700787351935386
27406	177.18459227386947	0.00013188753701070497	0.493159149549605	0.00035835441092717745	10.691010711853309
27572	178.97718846177114	0.0001327991247189764	0.48515800095928807	0.000369257864265659	11.296093383675288
27742	180.98875919621483	0.00013481512409446405	0.4962961989476355	0.0003719539677252678	9.77245815466118
27903	182.7339979694027	0.00013531724384891755	0.5042283359717549	0.0003687799254348015	10.88001812923703
28069	184.5574545377091	0.00013474868066278923	0.502196494464198	0.0003671100116813671	11.130560174093837
28235	186.3802191926395	0.00013445367753572098	0.49803050414546046	0.00036850591188101453	11.151966080447496
28401	188.24135510086924	0.00013471926837439836	0.49499774016905157	0.00037217407472921605	11.018682782543612
28567	190.1227753053655	0.0001353982682285532	0.4986040605004149	0.000373160968415885	11.088526413761995
28735	192.0658839828203	0.00013558767270753893	0.49333006247672173	0.00037814912468730615	11.088847869437858
28902	194.03730847430106	0.0001365011838350695	0.5003135264405	0.00037785604613328435	11.198103606871207
29069	196.01525959718032	0.00013645840722112604	0.4968108789224728	0.0003802251796422251	10.91411811692419
29234	198.04958869426756	0.00013689568250492337	0.496919604373162	0.000382525246455135	11.254390856152279
29401	200.06791693687327	0.00013731933389557867	0.4919948147796011	0.0003886929325812537	11.055448769307418
29567	202.15440304157002	0.00013843197896206276	0.4894314301605648	0.00039702787414174753	11.004659181357157
29736	204.16159404181386	0.0001399186164041621	0.4494375232937886	0.0004416270178531254	8.733273882351995
29894	206.59264688753507	0.0001475794337984064	0.5688871855417231	0.0003880935615224192	18.68020013892269
30095	209.26310398966305	0.00013835592631639295	0.48529863478930163	0.000399776315054126	12.292890719439567
30265	211.6962955860625	0.0001404359297239491	0.5333873049947744	0.0003746932826887292	11.348006251866412
30431	214.11456327690087	0.00013596962458166332	0.46245991409941434	0.00040504415300339437	10.43431432462006
30596	216.7076232648879	0.00014138061077772183	0.4618616364025074	0.0004384218821163612	9.835243610455736
30757	219.3948713630779	0.0001471021128847389	0.4378593503082499	0.0005005608840303202	8.768631545388669
30914	221.6108930852101	0.00015719422928134384	0.30474968134982583	0.0008211331417069124	4.572646856612454
31061	225.88461420568245	0.0002	0.5034408872236085	0.0008045184610599786	7.1490124019501184
31212	227.95891575086375	0.00019931535421910073	0.6361605912429514	0.0006322779112988812	12.964056438159181
31386	229.13067570023395	0.00017670237100552108	0.5288551277264617	0.0005977193009902517	12.982251291490861
31559	230.7723520682362	0.00017181418616153102	0.5095052835463508	0.0005865127109496767	13.159985095947826
31732	232.48400571018902	0.0001702039659746008	0.5010558951941493	0.0005852226948442088	13.104266064019905
31907	234.20127399333776	0.00017002453256924815	0.5076759938096161	0.0005763227652873477	13.23238905078419
32081	235.8155709751947	0.0001687342626046986	0.5014715385735471	0.000574582793668181	13.051078206090015
32254	237.35608031965708	0.0001684865103601483	0.5005477965458296	0.0005739088381900624	13.278510066645753
32428	238.91705923237586	0.00016839428980199432	0.49972284567478875	0.0005741821322784774	13.342799051477241
32604	240.4562561231824	0.00016844098041941054	0.49744564859442014	0.0005770865655244102	13.222810152308057
32779	241.93306589619442	0.00016887289346738624	0.4999293238373352	0.0005771267694563704	13.208990294292734
32955	243.3865412207347	0.0001688848300209342	0.49887729447286483	0.0005783847701459718	13.005771137885898
33128	244.8011267671357	0.00016907475786252102	0.4996817044650075	0.000578714346647159	13.155665581481255
33302	246.16659195894204	0.00016912859931063153	0.5011350294293921	0.0005773662292483038	13.261464515907697
33475	247.48393009229653	0.00016893695958650017	0.49880605070544254	0.0005787123171228244	13.268713698555981
33653	248.80332777524015	0.00016913902370378607	0.49607624887223817	0.0005832541100671022	13.158727499582783
33831	250.10345604147503	0.000169806614911082	0.5010990269915906	0.000581940757621784	13.005496777244526
34007	251.33788380874	0.00016962029994950278	0.500746038527167	0.0005810410035498116	13.282606239074772
34183	252.56104276399515	0.00016949389810414577	0.4993269378751225	0.0005817923767754292	13.321204122282744
34357	253.75889571858482	0.0001696080933310223	0.4956734591539671	0.0005868396504562946	13.179969139353721
34535	254.94513933249127	0.00017034670660695173	0.49955556922404887	0.0005873316903954073	13.286270546245541
34713	256.0807591367222	0.0001704224644333567	0.49509633289723454	0.0005931195118008583	12.924273105784419
34891	257.220256649841	0.00017126435709378344	0.5019581804741329	0.0005907771820731395	13.279831030611716
35067	258.2728715535036	0.00017092997243215943	0.4999917669541379	0.0005907597102517871	13.325783801651037
35242	259.3118502902023	0.0001709313797238411	0.4990251952537317	0.000591887395619221	13.266191782442764
35416	260.32526391956344	0.00017109824848044621	0.4969424927140035	0.0005955035283021487	13.305308491450901
35592	261.34610761945066	0.0001716237941433527	0.4958627922211331	0.000600446695391204	12.93940429913447
35767	262.32740399208234	0.0001723382744397444	0.4978919563707328	0.0006029647951282333	13.109411418341784
35948	263.3429169938223	0.0001727027238599188	0.4987274607059143	0.0006044782637870573	12.82216488988374
36127	264.2490087846946	0.00017292291525478515	0.5013160412413842	0.0006028689511925089	13.243951704796299
36301	265.1300228733226	0.000172695789828158	0.49823035809654925	0.0006049882793943757	13.22390054359199
36475	266.0089832083304	0.00017300221316407738	0.49859800011765415	0.0006066679588751163	13.196507775428271
36649	266.8829435542548	0.0001732452735220768	0.49579905117053	0.000611786811914167	13.180279425580407
36829	267.7853550740578	0.0001739776865405572	0.4982453131783683	0.0006139197464367455	12.80452712892732
37006	268.5879103840693	0.00017428376874802697	0.4953011748537783	0.0006197242675678622	13.098671423660731
37185	269.4507732148345	0.00017510851528676502	0.5005210927340813	0.000619058620462649	12.881320128251852
37358	270.172862990663	0.00017501733877271558	0.49914018298713286	0.0006201071490463182	12.877509296466583
37530	270.92940449324266	0.00017516801601830023	0.4997857347307164	0.0006203546838638601	13.194419321900376
37704	271.65796049324126	0.0001752055605075734	0.4955975933613941	0.0006258474206984743	13.070464356924733
37878	272.3872018830589	0.00017598201783040145	0.49648273404375126	0.0006302639394122477	13.010373314816496
38054	273.13135374451224	0.00017660427830532474	0.4982489543476575	0.0006324612054030261	12.73024264985324
38231	273.80478541561837	0.00017691433508248186	0.49964246963091	0.0006328976881601728	12.75873738474822
38404	274.4883465133406	0.00017697762127212645	0.5011685576020768	0.0006314054743152884	13.14957658395909
38580	275.1053579154758	0.0001767711745243713	0.4971878431969773	0.0006349616404442426	13.070292863061049
38758	275.7501034828948	0.00017727038958167938	0.4973856493056866	0.0006382838634071095	12.764881638624242
38936	276.392156335264	0.00017773566192246377	0.4973576181882031	0.000641659815592646	12.789679826630039
39116	277.01648795382476	0.00017820717711281302	0.5001493219591737	0.0006414535039967784	13.041541893146757
39289	277.6097247689289	0.0001781805728267456	0.49875610266787973	0.0006430389165790969	13.060108974729022
39463	278.1621735668015	0.00017840262556814086	0.4986843508309163	0.0006447222827303775	13.06248025973499
39637	278.73585038629324	0.00017863780505668407	0.4958041046286992	0.0006501647410169606	12.933763274769696
39813	279.30344898597167	0.00017939210135251683	0.49731638051848764	0.0006536600257216922	12.942128860122464
39991	279.8158540422998	0.00017987546812187703	0.4976838169016049	0.0006566900105808044	12.884291964310263
40173	280.3815244163067	0.00018029354571937268	0.5016052629363142	0.0006545752357412849	12.94906869218058
40347	280.8506639368392	0.00018000482220280995	0.49868064230855874	0.0006562953560703472	12.995412939219975
40520	281.33864146963265	0.0001802427839882397	0.49934316655069133	0.0006571471468533311	12.911953587977319
40694	281.81578396406445	0.0001803612902488638	0.4960142862787187	0.0006624162599603737	12.819861918203598
40872	282.28114051961035	0.00018108448527435952	0.5004434823058335	0.0006618185352787726	12.858501266521344
41045	282.7250859040799	0.00018100423089243263	0.4945613383134787	0.0006690856742559647	12.762266938333951
41222	283.18262245489905	0.00018199675606066974	0.4988752600200838	0.0006705839758375431	12.555976736031843
41398	283.58646031153756	0.00018220180108685478	0.5019629775318427	0.0006679521203424841	11.986164703288146
41568	283.90557187290995	0.000181845192723512	0.4997538967546348	0.0006682731871173716	12.94728091485501
41741	284.18322670427995	0.00018188996194304873	0.499101046884089	0.0006694703478333949	12.905252061026927
41914	284.43412542128823	0.00018205369330442488	0.49877317446480496	0.0006711112155477861	12.739372642934509
42087	284.66445611537426	0.00018227745328012402	0.5007719939301183	0.0006700715082411265	12.769187374814168
42267	284.8240601301089	0.00018213689893232382	0.4963510457372284	0.0006749938275295746	12.523264897351844
42448	285.0008782368344	0.00018280516810418898	0.5039804680193327	0.0006696591948444128	12.4721246493084
42621	285.00986712886737	0.00018208183393775553	0.5027368145813945	0.0006660129883428104	13.028267044974687
42795	285.0181964229593	0.00018158554616426692	0.49899337562129076	0.0006673560790449887	12.955859682072894
42970	285.02998473488975	0.00018176861106466587	0.49892565544021855	0.0006687931075183521	13.018738122920244
43146	285.00827562159435	0.00018196420844808053	0.49957530635659797	0.0006693625856139322	12.476728478478899
43319	284.91639698240465	0.00018204153675548433	0.504216683938748	0.0006637671198014863	13.182582718127263
43493	284.80110296701844	0.00018127874642341404	0.5006687648292263	0.0006628828006606107	13.107142073533247
43671	284.6370672564047	0.00018115763505252512	0.5012453934179324	0.0006612397071459379	13.14023284972372
43845	284.4594346037184	0.0001809324431178425	0.4973860655094375	0.0006647189016115272	13.058565910990634
44027	284.259542705715	0.00018140725116022423	0.5051000336185448	0.0006580124333236437	13.184325652368472
44208	284.0039468410626	0.0001804890861491054	0.5015517502087471	0.0006559820658576878	13.175075271738415
44383	283.7102936573646	0.00018020966239784588	0.5040881558656943	0.000650668808948437	13.104563072337424
44564	283.4196151911833	0.0001794774244169219	0.4974613623575933	0.0006539956269179775	13.24690974749212
44745	283.10002961210813	0.00017993479494835885	0.49859313688892265	0.0006558489157520907	13.197302330702266
44925	282.74887433602487	0.00018018847403710033	0.5029578066972675	0.0006520005339161145	13.215851356508425
45105	282.42733913873815	0.00017965786436597564	0.5003466656254079	0.0006515562064540353	12.385274970110297
45288	282.02011802278105	0.00017959561552749497	0.5037285495346837	0.0006467430251182092	13.122849790829145
45468	281.5986925822391	0.0001789297063858276	0.5023118772702329	0.0006437757025903819	13.416530108910543
45643	281.1647865353471	0.00017851747186852505	0.5014127315187601	0.0006419717800856175	13.46981103021637
45822	280.76800238360653	0.0001782658077846508	0.4999591938635524	0.0006420334206038189	12.225744100972687
45995	280.29071438483174	0.00017827308256881396	0.5000446144022602	0.0006419873440932293	13.416431666379557
46177	279.8428829588482	0.0001782651295540206	0.5027108576039139	0.0006385359144384494	13.329656678955262
46356	279.3475169177204	0.00017778383437426262	0.5001860659789311	0.000638309924665711	12.584191051213267
46528	278.89784770241243	0.0001777507640806803	0.5021760095942743	0.0006355544155678426	13.474931615627519
46705	278.4252059506586	0.0001773652346309416	0.5026592710988806	0.0006322030399952654	13.071836826899071
46892	277.8697463645636	0.00017689544550515525	0.5044000096632264	0.0006267009370400524	12.683253848371992
47070	277.33632883631856	0.00017612220351774613	0.49831240104722624	0.0006288350605417726	13.564872884427093
47248	276.81764892141945	0.000176420181677928	0.4985274052241638	0.0006307051578295357	13.481876582418568
47430	276.340010721315	0.00017668055238800418	0.5003621194729347	0.0006302602008295396	13.464757364328701
47605	275.7774827742148	0.00017661660765085185	0.5009664985765733	0.0006290576205770905	13.627308588010484
47785	275.2529454188984	0.00017644615502452184	0.5024761272173672	0.0006259701474380311	13.019969206050616
47960	274.70426960025185	0.000176010867971284	0.5002005694135143	0.0006257317603443622	13.653176536962057
48139	274.15237219348126	0.00017597557619204518	0.5022721786696767	0.000622914236772131	13.687818182658539
48319	273.58892935219166	0.00017557708589001838	0.49999457872038594	0.0006229341300610521	13.669065323245576
48496	273.03407319346223	0.00017557803775023525	0.49855301554101145	0.0006247554784035958	13.6681685552937
48676	272.4592762801855	0.0001758326492038916	0.49976479696747717	0.0006250636873535776	13.071376778397918
48850	271.92641672820395	0.00017587402017263916	0.5005827492202175	0.000624348919102129	13.183364926082747
49032	271.3482736325086	0.00017577161922694521	0.5028730091335987	0.0006207959341510261	12.319355550312078
49208	270.7666697430635	0.00017526879166709976	0.4999612340645897	0.0006208576750061343	13.770087527929743
49384	270.20018977907773	0.00017527558652087282	0.5024341781217655	0.00061786348613521	13.885651091171315
49561	269.61401660106924	0.0001748504860501067	0.499617019263716	0.0006183510269895873	13.878998890123087
49742	269.0188222994816	0.00017491748891165952	0.4996338209719862	0.0006188189390434925	13.699286395291894
49921	268.456848037156	0.00017498157523047978	0.49815636365451577	0.000621123076739415	13.722246081708183
50098	267.88470440248443	0.00017530507251479067	0.5018116909869558	0.0006188951170631425	13.478437307493628
50287	267.27251228752823	0.00017498833438294443	0.5045317664620994	0.000613351263455039	12.242141558766788
50466	266.63344550604546	0.00017420067830226267	0.49759104293420436	0.000616335429548976	13.784215529969194
50642	266.0891314780033	0.00017462184272011412	0.500022176150605	0.0006163220528731979	13.816762142189349
50818	265.46117554103677	0.00017461797040864	0.499945928638799	0.0006164044718616102	13.855622426353495
51003	264.8971535463939	0.00017462741300585823	0.5049587280768265	0.0006103657279271154	14.006656449374859
51194	264.2293726296081	0.00017376787124303628	0.4996349460694031	0.0006108274676801338	13.923743184081557
51371	263.6517186218186	0.00017383134064419186	0.4993403603893693	0.0006116489706051899	13.848201341708178
51550	263.0606089003914	0.00017394612026431982	0.5019396620006583	0.0006093004675457167	13.591204134671244
51739	262.4028386995513	0.0001736097020752344	0.49839837562361217	0.0006112748222489427	13.798160885304238
51924	261.820606018672	0.00017388842940983045	0.4979240866206062	0.0006138385056316027	13.759414820649608
52113	261.22549987025224	0.00017425053466661256	0.5026031402940312	0.0006106749426858776	13.947920895547558
52290	260.5970419711885	0.00017379869960020602	0.500677975070566	0.0006098636862352283	13.991554253570651
52470	260.01701333123265	0.00017368098810924753	0.5002806900729668	0.0006095365661947171	13.17767935329906
52663	259.41565199443124	0.00017363225809610905	0.5043208712873165	0.0006043299379643577	12.496287719087448
52852	258.73438620387583	0.0001728868432556635	0.498756045943608	0.0006058541145458638	12.405637190929758
53041	258.12921814860255	0.0001731023086727053	0.4988750728571513	0.000607236225287568	12.303790280585476
53225	257.5169182873946	0.00017329736535683722	0.49672675623039636	0.0006112537367396136	13.939856119599435
53404	256.9513128239788	0.00017386741025404392	0.5026871086676196	0.0006080018519827345	13.714262116143985
53594	256.31714082701325	0.00017340208436305812	0.5033094151903144	0.0006040202927735377	14.110797288679972
53776	255.67908548240072	0.00017283105795787393	0.4996953442593823	0.0006044048005383157	14.075572041307874
53962	255.11201025113093	0.00017288373600606523	0.5001173827004814	0.0006042783978770305	13.62045038962081
54160	254.4540178049581	0.0001728634460187339	0.5017275866533698	0.0006022152472261366	13.777606903891419
54337	253.85039074536286	0.0001725655810958688	0.49538305033403246	0.0006078436100557689	13.379804341341512
54535	253.2587531473471	0.00017336786817172414	0.5073439710817399	0.0005990619386065994	13.377965359490783
54735	252.5572267733558	0.00017210851567694258	0.4993482139644732	0.0005998615493736927	12.263857736688443
54915	251.96290269223272	0.00017222080339734166	0.4990088082924431	0.0006010688294897715	14.16171062368215
55095	251.3837920556413	0.00017239176144987547	0.49858026091839397	0.0006027964167515003	14.199558499483874
55288	250.77299687890246	0.00017263703523188664	0.5031197632028087	0.0005990758433285295	12.523643407074411
55473	250.17591028921032	0.00017210095592233286	0.49265350326585944	0.0006080250786969558	13.924237059061038
55658	249.62081986001797	0.00017337940054445983	0.5045748797933624	0.000602529224512078	13.537858946826049
55848	248.9646282264653	0.00017259161257794146	0.5018072024229194	0.0006003764116786712	14.190735680618575
56028	248.39717259421823	0.00017228054758011658	0.4994836444667119	0.0006010126628706485	14.199448999024234
56224	247.78023092054966	0.00017236957455443088	0.5050288809506354	0.0005950455845669705	12.73347103595354
56419	247.1314451206982	0.00017150923290582662	0.4957101131583943	0.0006002124677440065	12.579158977028248
56601	246.55075094673677	0.00017224975667371798	0.4974999820595492	0.0006032454878238826	13.684272424976298
56790	245.97765974315234	0.00017268200577850838	0.5033090819936449	0.0005992961146301923	14.233012349712457
56971	245.3840062172855	0.0001721134076180505	0.5002954437774457	0.0005989585754532753	13.837992513326965
57172	244.76021216290764	0.0001720625803065653	0.5042098314330856	0.0005939758308275278	12.725472778278109
57368	244.10693657951256	0.00017134276810369477	0.5000564526050941	0.000593926581001553	12.727016585381596
57559	243.5050696840453	0.00017133309617707175	0.4974078679118766	0.0005970390297049431	12.66983267516292
57752	242.90762223937114	0.00017177894850650913	0.49879942677011413	0.0005984938378659823	14.057657055271461
57931	242.35986507198743	0.000171985553855359	0.5002985339289967	0.0005981525409253053	14.26928540388908
58121	241.78003717216984	0.00017193423331247773	0.5035527420498438	0.0005939494585664673	13.970328187660424
58307	241.17513753220618	0.0001713266314007701	0.4987008737513121	0.0005955136713956037	13.871812459934263
58501	240.5854871531885	0.00017154964099536657	0.4997649360311684	0.0005958117357609379	12.465543289894226
58679	240.0109157158833	0.00017158998035888428	0.49757892619631044	0.0005987274794410833	14.212940576128693
58864	239.48617247601197	0.00017200692716627357	0.5044366826444738	0.0005934776581469995	14.231223607378896
59057	238.8550058043698	0.00017124882846861547	0.4996625829094005	0.0005938963944301521	14.24393097568567
59240	238.2853677022289	0.00017130664001163592	0.5005385226808642	0.000593274617786857	14.245883358885447
59432	237.68844545994017	0.0001712144619538897	0.500583174607332	0.000592601234836819	14.373076093726901
59632	237.0921233870413	0.00017111470128562597	0.49966064458248977	0.0005930221123450266	12.6285863868509
59827	236.49582740355572	0.00017117279956214344	0.49853838915112575	0.0005947790122329771	12.610609639868763
60019	235.91742347065252	0.00017142353743892637	0.5019871223319264	0.0005924424153011221	12.721929811747241
60202	235.36667061441878	0.00017108390988709936	0.5012427618116829	0.0005909897926831239	13.707551811634119
60403	234.75780225260073	0.00017087168886572988	0.5026187352364784	0.000587929358657175	12.680516169216414
60589	234.16006927546687	0.00017042597121579058	0.4964340130084715	0.0005921702876888877	13.539151713577548
60779	233.6066385633393	0.0001710369782261298	0.4961367182909414	0.000596799232936344	13.804930678490352
60967	233.09303355707618	0.0001717015961545867	0.5051953082900635	0.0005906790192592891	13.461629914181321
61166	232.47743327184705	0.00017081644543299473	0.5029548026122223	0.0005872272714846598	12.881479591927553
61357	231.8797994038077	0.00017031394265500915	0.4981429810202216	0.000589434317450222	12.724510228135454
61540	231.32944358259093	0.00017063110261106946	0.4962725281209233	0.0005938792176317551	13.036838618535668
61727	230.80172717364883	0.0001712707036198909	0.5031769927758751	0.0005901473523195601	13.000570126886075
61918	230.22680279149313	0.00017072915720318086	0.5015273233864094	0.0005883677356188858	13.678373586845586
62119	229.6198322256373	0.0001704689944461469	0.5027446669251004	0.0005851749105426916	12.859534017732795
62314	229.03258495046444	0.00017000303133051553	0.4999511840201779	0.0005852501887475737	13.080565259218238
62513	228.42958689620818	0.00017001133080278788	0.49570102589156234	0.0005903453039775504	12.82553736422081
62704	227.8956594458631	0.00017074695215122353	0.49897249273465405	0.0005915791688544462	12.762660711478253
62902	227.35147196802941	0.00017092266675356672	0.5036292811976422	0.0005873343946163273	12.863932654074224
63100	226.72156344872667	0.0001703056970434278	0.5013405084512851	0.0005857838205627809	12.926863334890873
63295	226.15479743262267	0.0001700778588435705	0.5027889763548345	0.0005825524829790417	14.674023280849335
63496	225.56719592597358	0.00016960549093515353	0.49984803114860926	0.000582748438499454	12.83741213717443
63683	224.99441496137138	0.00016963127156372816	0.49390307411899304	0.000589960810813034	14.068690905173993
63886	224.47042420628927	0.00017067505643163572	0.5001167368991448	0.0005898426429671129	12.732404173871808
64081	223.8919915929453	0.0001706551358429203	0.5039247492061355	0.0005852679570649397	12.972170106548344
64272	223.3100142234735	0.0001699892746869036	0.4863464017398734	0.0006017174271104679	13.486653844158042
64471	222.8585477008594	0.0001723588824303496	0.5007252344325718	0.0006008653097348065	12.847927944800794
64669	222.28224918740207	0.00017223401765199982	0.4968940532465279	0.0006046413232508569	12.846247528340289
64867	221.73358455125572	0.00017277147259987506	0.5066627336865575	0.0005967100908890562	13.125724751568587
65063	220.9740523193738	0.00017163172052077238	0.4704810312457477	0.0006341701692804423	10.714934112368276
65247	220.29761010647155	0.0001769340828044221	0.668265294580905	0.00047450443028453743	8.219315469203073
65425	218.3376675296811	0.00015304602264348794	0.7619409455048892	0.00031138791156229694	14.792218726260133
65629	217.69193113591575	0.00012397850456429883	0.5942491749634679	0.00026200994791773254	15.034710215585328
65839	217.18480544837882	0.00011372268425375504	0.790644122481664	0.00016569991538463685	13.629961616875548
66038	215.98858425113858	9.043604905982277e-05	0.5229540870683094	0.00015843207009999944	12.609517071691288
66229	215.38155777865634	8.842901799286382e-05	0.5002026278784467	0.00015837319446014515	13.017658710129245
66427	214.84863946349304	8.841110525280175e-05	0.5030462609646786	0.0001574193166162914	12.427592137095413
66622	214.28797781484238	8.81430063826282e-05	0.5026864915167518	0.0001565832881683777	12.757876768670261
66820	213.73504254190004	8.79071609145952e-05	0.5025585457215659	0.00015579136179640462	12.60467004680587
67018	213.17525881523463	8.768310594074472e-05	0.5011310359358118	0.0001554450437607729	12.516423123473121
67216	212.64126580339882	8.758410113232934e-05	0.5010227355190757	0.0001551328126499822	12.429962678691735
67417	212.06969248849063	8.749466294524709e-05	0.49807034072978024	0.0001557393857323924	12.56675494919002
67613	211.52893330452918	8.766398810040619e-05	0.49779812018889247	0.00015643356340689634	12.585137707111565
67810	210.98908156305407	8.785765354326285e-05	0.5039935889026109	0.00015519932906111428	12.50127378059508
68009	210.43668895168136	8.750887413032946e-05	0.502214595711796	0.00015452026672777328	12.354127884466207
68204	209.89940004194574	8.731571875821809e-05	0.5010877587050852	0.00015419003744328834	12.834664019690239
68401	209.35059272023574	8.722089501505734e-05	0.5003883999387757	0.00015407572797693084	12.502760099780675
68605	208.79977653421142	8.71870381485045e-05	0.49907858763915053	0.00015436563399883797	12.097855965130156
68800	208.2694734505831	8.726748456673712e-05	0.49900125940893025	0.00015467989599833468	13.065782325714247
68998	207.7574744503419	8.735477293529863e-05	0.5011726017385334	0.0001543231778841228	12.526722578129519
69190	207.21854813482622	8.72525203938393e-05	0.4985176940552504	0.00015478737109520386	12.627381624165803
69386	206.69449441743106	8.738214360671079e-05	0.5048254820064192	0.00015331314108384716	12.732868157511962
69587	206.1586749739794	8.696351038039718e-05	0.5026002510965201	0.00015252522576936702	12.73180772928643
69784	205.62171467649017	8.673826159252764e-05	0.49606114714666505	0.00015374168689446667	12.283553307713621
69980	205.10315635121125	8.708194274421427e-05	0.4974508390175211	0.00015453493698081388	12.312672690861186
70180	204.57416923683394	8.730478107403896e-05	0.5043615235830882	0.00015320411635053063	12.336923645486058
70378	204.03903149990316	8.692647242428822e-05	0.5006468824504179	0.00015301153667158216	12.561896812309412
70580	203.5141935149064	8.687029571851475e-05	0.5021090429649979	0.00015237424830602463	11.851759504941034
70783	202.9581363110868	8.6687660109316e-05	0.5008482345221799	0.0001521218813594905	11.70163717498012
70975	202.4448306885368	8.661422206918709e-05	0.49712027745981824	0.00015300838532072606	12.412055096750793
71173	201.94577549672397	8.686472960593345e-05	0.4992742705559438	0.00015323610123616125	12.325805337465045
71373	201.4558837627629	8.692783860626368e-05	0.5328908599787967	0.0001437834325117165	15.584335769862397
71590	200.68418121746285	8.420245381683839e-05	0.3298659772715178	0.0002179507310572136	13.187330861411974
71793	200.87961944994672	0.00010366710911670841	0.7503571980225813	0.00014523658909264733	14.821030038121101
72001	199.79238559857097	8.462369093721026e-05	0.5094872636252284	0.00014253750021101782	14.025367369314285
72214	199.22677386812728	8.383209119984411e-05	0.5046445551546563	0.00014123114612822797	13.84082548167324
72422	198.67940445698449	8.344542022486452e-05	0.49606972578104186	0.00014235549871866892	13.640723144093108
72628	198.15868871971077	8.377532984061556e-05	0.5020246472953478	0.0001417867746436413	13.856535436931589
72841	197.60847278566007	8.360622773088482e-05	0.5026953264500561	0.00014103212930768888	13.903725552718106
73043	197.08328771357176	8.33817886522396e-05	0.498042520278867	0.00014159167897885767	13.701133600120688
73259	196.55364098293606	8.354548762589026e-05	0.5002041572109515	0.0001415395078224698	12.742452098122502
73465	196.01423923246412	8.352843643365711e-05	0.5036532890633053	0.00014051827141070737	13.767358056522788
73677	195.48584236986653	8.322494501422814e-05	0.4979278908846201	0.00014110839172991395	13.565547453794974
73889	194.9641952078347	8.33979340457164e-05	0.498013834285224	0.0001416767570865771	12.400378175686127
74093	194.4261115693864	8.356407129132597e-05	0.5033515840599077	0.00014073891786115991	13.938710100112134
74305	193.90924986144933	8.328539948997979e-05	0.4965860142266927	0.000141711841358572	13.398285151226439
74509	193.38884456513966	8.357119906812864e-05	0.4973826154055134	0.0001424632337739742	13.713918058659905
74716	192.88742656658715	8.379079958271012e-05	0.5075393621137269	0.00014035240755718158	13.856391362081496
74926	192.3716183113161	8.316612605216375e-05	0.4966143400651718	0.0001413145714646542	13.452453265389964
75127	191.8681472975736	8.344913635179489e-05	0.49695389382350097	0.0001421862289304278	13.401716420602728
75334	191.37135060383915	8.370449866671961e-05	0.5026999328214078	0.00014142811438595037	12.698955885112937
75541	190.84153884628194	8.347941330739985e-05	0.4989347056845899	0.0001417357593849382	12.337892908416764
75754	190.32843717623933	8.356848580979366e-05	0.5015591515350433	0.00014130082653538142	12.516926375454995
75956	189.83297238484133	8.3438493813814e-05	0.4973784374490645	0.00014205097359094507	13.246612125572483
76164	189.3388883868863	8.365809697795256e-05	0.50718055754282	0.00014004526793221728	13.344005101208326
76369	188.78682585116016	8.306377889516744e-05	0.49736880916632054	0.00014079208042952067	12.554962999558452
76567	188.32341125041447	8.328320194546321e-05	0.4941026029191458	0.0001424777231087425	13.22961452767597
76775	187.83497368171754	8.377874400418564e-05	0.506942702051445	0.0001405320840567272	13.533016918063757
76991	187.28813066109467	8.320308123975419e-05	0.5004822589878924	0.00014040262207540765	13.291141210684781
77197	186.8093443177733	8.316298480897195e-05	0.5013500374129103	0.00014002995614875477	12.872158313637627
77420	186.2756981616835	8.305093851715433e-05	0.5014956278178888	0.00013961838521989867	11.77379535335835
77629	185.76317216179433	8.29270031956736e-05	0.49573333563910743	0.00014082577785640932	12.24415452861092
77833	185.28709411913002	8.32831055663163e-05	0.4984068914835401	0.00014128145234458325	13.188482983652264
78040	184.79970435064084	8.341610249339812e-05	0.5042786158939903	0.00014008844774686751	12.251549946880367
78244	184.30160122575893	8.306147141062512e-05	0.5032679412622237	0.00013918431786270636	13.202896740757623
78452	183.80221105950275	8.27913547700479e-05	0.49707741485141	0.00014000833251331585	13.338897385651709
78662	183.32909387034792	8.303438549137995e-05	0.4987073518038865	0.00014037693230361866	11.595606240674151
78865	182.83556408704698	8.314192830752426e-05	0.4999639978592526	0.00014039280264089698	12.78162864518981
79075	182.36159614292015	8.314492175658603e-05	0.5007458274584264	0.00014018935005264316	11.466974223467004
79282	181.8468563855627	8.30829792799036e-05	0.4975181122465791	0.00014089470798924505	13.227854788789704
79499	181.3628563842225	8.328995275561871e-05	0.5070064294750355	0.0001389535440794248	11.48674370717964
79699	180.8806666771293	8.271244988715177e-05	0.4953609711391418	0.00014026035334787466	11.573761597140736
79903	180.40390351260766	8.30988461731836e-05	0.49810564453660033	0.00014079960048511762	13.130000327796761
80128	179.89539227356462	8.325671365402027e-05	0.5075345255205836	0.00013871566597466339	13.125563167607066
80335	179.40163391762525	8.263641556023542e-05	0.49533128189107856	0.0001400287638926202	13.003257328916986
80536	178.9488960748432	8.302494471680976e-05	0.5001204184679221	0.0001400006953244293	13.13601754630069
80745	178.46735458029198	8.301494878567347e-05	0.4985011988269818	0.00014042757126394884	12.867095295259878
80962	177.98514139307565	8.313965211667837e-05	0.5045999601634441	0.00013915349209445247	11.8706625232611
81184	177.48048116435706	8.275983176663292e-05	0.4982634553869245	0.0001396445650883548	11.651256257037279
81388	176.928608700255	8.290392334767381e-05	0.4872789272817959	0.00014329638246201709	13.011176532583026
81615	176.46251907399636	8.397911054756801e-05	0.49713126667371704	0.00014412982211500056	14.671129105926823
81835	175.94998930143993	8.422106587792087e-05	0.4884366465074909	0.00014754856749978488	15.648736111101607
82055	175.53867976467038	8.521216805041261e-05	0.5108626488265936	0.0001444176459099809	13.18205175978382
82268	175.0368507093933	8.430135241821441e-05	0.5014409082146056	0.00014400887364045606	13.824072356707912
82471	174.5797870909723	8.418014381988682e-05	0.5039251849131572	0.00014289322025129916	13.574541883140812
82693	174.09903510721318	8.385165400395725e-05	0.5090553506568218	0.00014035776872404443	12.587979084068351
82912	173.58697602613543	8.310250831924151e-05	0.5004688475995249	0.00014023263662484863	12.757911164236086
83117	173.127172360423	8.306357328745717e-05	0.49876056089956866	0.00014058699814524514	13.461163831652282
83320	172.68192423251682	8.31667173288098e-05	0.49970558971875595	0.00014067577268882744	13.204435488691612
83536	172.22704748421432	8.319121328377118e-05	0.5046178050253303	0.00013939461238496976	11.672880555446628
83742	171.75518257094447	8.280969313493946e-05	0.49614096914944306	0.00014048484533961845	12.993599438870916
83954	171.28886014013668	8.313112009160788e-05	0.5017555292422855	0.00013999970845494296	13.010567520459876
84163	170.83738254655015	8.298556415893726e-05	0.5028747061611475	0.00013920530718977567	12.77135635046093
84373	170.36646028479612	8.274802882346335e-05	0.4958813760737873	0.00014036780792521115	12.683204901641318
84586	169.9216010806312	8.309095688268534e-05	0.5039801406593475	0.00013926553178295262	11.919667488883807
84807	169.44440774889094	8.276220461037384e-05	0.5022284887296141	0.00013865388567445595	11.916687523730786
85030	168.96310290746365	8.257838420500078e-05	0.5006283965723117	0.00013848637191404655	11.242598244991829
85244	168.47193593417333	8.252654109335503e-05	0.49640512567439854	0.00013949590395950906	12.770756181460074
85453	168.03863015386048	8.282482303340775e-05	0.5025850006272227	0.00013878441657087985	12.1954959673706
85672	167.5621276903217	8.261154743487972e-05	0.4978159338423169	0.00013939989993150005	11.526523039306609
85873	167.13576174614207	8.279256978339232e-05	0.49680429412528926	0.000140302557414705	12.578737977099582
86101	166.6764206933547	8.305842556128161e-05	0.5074502892777599	0.00013824927435079649	11.063494553836836
86323	166.17954907068113	8.244644696074498e-05	0.49619716065342795	0.00013931559772161994	10.619370480596386
86542	165.72851057234888	8.276177742427405e-05	0.5010475381798161	0.00013903082868219378	10.96181958624462
86751	165.27702852020425	8.267521729143713e-05	0.4982742775658045	0.00013951864906534077	12.375885439983975
86975	164.80153434401058	8.281826215895972e-05	0.505779009556178	0.00013793142648212427	10.86661238299062
87175	164.36133686071997	8.234376388662406e-05	0.4918276210442755	0.00014022940603171697	11.019738032048776
87390	163.93711911409284	8.30250716573639e-05	0.5046778758306271	0.0001389360829417042	12.445724272024188
87604	163.48918383055573	8.263939480388573e-05	0.5010187405193696	0.00013865987148654012	11.995622844143895
87829	163.01455652739403	8.255533513460179e-05	0.5003294367757523	0.0001385754926659498	10.811531374548414
88042	162.5701510132387	8.252815180322017e-05	0.49548090557797414	0.00013984597863916733	10.69606831664839
88260	162.12247302224503	8.290365161822077e-05	0.5039549594371621	0.00013875526474261244	10.774096360560028
88473	161.68157601785668	8.257770343705075e-05	0.5011313591856909	0.00013844837974372786	10.925909214116105
88677	161.2473393440946	8.24844366412921e-05	0.4955600719354215	0.0001396951736495546	11.682421851193038
88897	160.81643585022465	8.285311881498811e-05	0.5054446720930724	0.00013819708587594766	10.903045931637292
89108	160.36343358514574	8.240566183770666e-05	0.49597463583645024	0.0001393252506303047	11.996218786248077
89310	159.95351432039848	8.273939106562287e-05	0.4953004737444278	0.00014065358643681024	11.746560466184983
89517	159.55679935316897	8.313098967058291e-05	0.5033446192291576	0.00013972526533713483	12.119937371231808
89728	159.11617968549936	8.285433534792298e-05	0.5044631096342108	0.00013849578374079935	11.33707606546489
89948	158.66226465835118	8.248700469989889e-05	0.5007774180973266	0.0001382875943272036	10.633602356010984
90166	158.2232519675197	8.242295249299771e-05	0.5015325785767529	0.00013787176117805548	10.84165782751548
90374	157.79073193459564	8.229692249419698e-05	0.4965194465708443	0.00013884485615914613	12.016222577172
90578	157.38277261508006	8.258486550665431e-05	0.4921445904556169	0.00014106754690245711	11.763026870231784
90796	156.9780661996881	8.324134907615188e-05	0.5083117062192353	0.00013876767907210013	10.776006314689713
91015	156.52308700332694	8.255797968036398e-05	0.5012612683846217	0.0001384254308441419	10.463214826773136
91230	156.08213450522612	8.245404849708702e-05	0.4998617315503888	0.00013847059116239957	10.32543868339555
91435	155.67062420585356	8.246545165563697e-05	0.49589009503556003	0.00013962481169115743	11.334650618680236
91639	155.28316202465672	8.280648066608254e-05	0.49901249791847785	0.0001399074886694667	11.853700039836728
91852	154.86575192987553	8.28883735621963e-05	0.5012474901628925	0.00013956617929266322	11.409309740582351
92073	154.42942034815786	8.278516422041278e-05	0.5045623770821007	0.00013831125328909799	10.48111205952864
92294	153.96899911988302	8.241003238053598e-05	0.4969349950864094	0.00013917168326787959	10.340933811968638
92491	153.59412182167648	8.266378677018014e-05	0.49682879982687966	0.00014006623073142423	11.325561074614022
92710	153.18258804481817	8.292718377636599e-05	0.5069157620486181	0.00013816241326547465	10.558675503401869
92932	152.73250830939017	8.235956068485761e-05	0.4994214028424704	0.00013832957711781905	10.374994217383204
93135	152.32982785589647	8.240725509033044e-05	0.49835422071944696	0.00013879312101354723	10.975246961632356
93350	151.92811515608759	8.254321497548502e-05	0.5027509415263518	0.00013804054140975272	10.498153283593897
93559	151.51936517465282	8.231707613312498e-05	0.49264382773689336	0.00014010850614680883	11.343547425041416
93772	151.12110175879465	8.292937938255898e-05	0.5043847766246471	0.00013889765602187216	10.409298311432403
93987	150.6959007172915	8.256812686691309e-05	0.5020624483872471	0.00013833409037712068	10.938182538387238
94201	150.27779459851573	8.239835939163849e-05	0.5002484701645916	0.00013827246296756573	10.307378958863124
94415	149.87599238194971	8.23778934851533e-05	0.49983772032669566	0.0001383242717719582	10.71634572681529
94632	149.4631601209643	8.239126499777068e-05	0.49618219832873706	0.00013939574273743783	10.117386904140364
94843	149.06506492550506	8.270763140047873e-05	0.5023845689414578	0.0001387412297288342	10.754479127170622
95064	148.63817319105885	8.251111199383337e-05	0.5016128264040126	0.00013830248703036269	10.211976497521865
95272	148.24459382158756	8.237835697379571e-05	0.4989618173208903	0.00013859709306174558	11.766095158712716
95483	147.84575993373366	8.246401417197348e-05	0.5007935602458575	0.00013838454576293863	11.65498957465018
95711	147.41444121751113	8.239865180179845e-05	0.5011058915974501	0.00013808680043731088	9.896480553518016
95926	147.02227775490718	8.230767870691724e-05	0.49594139749129984	0.00013922386609122544	10.269782722793167
96142	146.62764389703952	8.264378040271532e-05	0.5013783998033252	0.00013884840800129	10.208110539713092
96361	146.2034170729806	8.253009922530718e-05	0.5012021319161881	0.00013852296663028937	10.044564275303616
96577	145.7998813753215	8.243106570028814e-05	0.4986955590817239	0.0001388926191563903	10.06059395489541
96793	145.4087231273988	8.253880300664138e-05	0.5018769589266647	0.00013838041615893656	10.083079335147312
97009	145.00672819253174	8.238431587672938e-05	0.5002480093080349	0.00013831911322374115	10.058207539363991
97224	144.60323027056182	8.236389139743334e-05	0.5003095151711066	0.00013824096716048273	10.040150634342334
97438	144.19918151786237	8.23384103530391e-05	0.5005488593450056	0.00013809686814154998	10.157694571633996
97656	143.79737207795245	8.229325531930845e-05	0.4977084585083953	0.00013874015899646906	9.952364167179713
97870	143.41817158372353	8.248248441683354e-05	0.49728984284677535	0.00013950360861010754	9.89161887603072
98080	143.03312538768336	8.270693778109822e-05	0.5040283987895418	0.000138395984322338	10.582774821264035
98296	142.63231266381638	8.237576108257313e-05	0.5027420776371986	0.00013764851129154454	10.180226445247655
98509	142.23200607571263	8.21508051983061e-05	0.497876045479618	0.0001382432555935956	9.883657201292399
98725	141.84343921344887	8.232584764348165e-05	0.5012949911966921	0.00013789365334111368	9.963038636544784
98950	141.4287002454029	8.221944304050682e-05	0.49213229089452204	0.00014010623071687118	9.524557217559
99176	141.04578176716538	8.287405738481014e-05	0.5080976885164441	0.0001378811555011655	9.770544720041405
99394	140.6253695770721	8.221101200222508e-05	0.5008933483214778	0.00013764301344969433	10.090601061652679
99604	140.23432001835553	8.213766720170701e-05	0.49858256237819015	0.0001380418846760715	9.861560759621375
99823	139.8592875252436	8.22543403454075e-05	0.5002578710026226	0.00013797823284034095	9.845221155524763
100036	139.47457971902054	8.223313753722428e-05	0.4962077486195776	0.00013904035858998921	9.745152104149744
100252	139.09008680667347	8.254677146652058e-05	0.5038856341146001	0.0001379759928135332	9.830805676195766
100463	138.69729023447923	8.222788234592406e-05	0.4952769721366385	0.00013929947329206725	9.984713387223675
100677	138.3343304164275	8.261902014914405e-05	0.5059486545851162	0.00013766931027074027	9.850085642833067
100891	137.93146942451165	8.213189050113146e-05	0.5002214754429336	0.00013761618264835176	9.96525901875142
101107	137.55026785992456	8.211370634509682e-05	0.4991382211436526	0.00013786144880104011	9.724830774265056
101321	137.17186659893173	8.218456180681628e-05	0.5000198005260418	0.0001378637253105758	10.028328582800754
101536	136.78990060722938	8.218293455759041e-05	0.49198128011395575	0.00014011879796586694	9.526774505972599
101750	136.43483729162048	8.284997045973386e-05	0.5072684692313539	0.000138118912758783	10.21802264608433
101968	136.03401023229014	8.225426498776661e-05	0.5023411082542177	0.00013748308377190146	9.789290665950539
102182	135.65367910562213	8.206237244855353e-05	0.5001590110648388	0.00013744724103179558	9.758039708850824
102401	135.2513570328136	8.204932673486407e-05	0.5006798869494735	0.00013726900648602022	9.803805330484924
102619	134.8717766301788	8.19935992945075e-05	0.49359134376004205	0.00013905918431595545	9.512555327207634
102832	134.524246842712	8.252417397535848e-05	0.5010465722545356	0.00013877662773991822	10.128232058486539
103048	134.1500512030524	8.243794181324174e-05	0.5051552767496865	0.00013736826142571304	9.612536176043548
103270	133.7512476255503	8.201620983836021e-05	0.5018871392738612	0.0001368600431694301	9.843934594965734
103492	133.35355895147313	8.186187058004162e-05	0.49926771139706605	0.0001370692210013125	9.797362594545078
103708	132.97527505841947	8.192188302257504e-05	0.4961114542581111	0.00013815184892567163	9.550897427510357
103921	132.63253975010136	8.224231022171224e-05	0.49577196556341474	0.00013933789084443922	9.466491591233737
104134	132.26785102656922	8.259225447658715e-05	0.505597086568429	0.00013780359339636043	9.635329048017885
104348	131.88383223779584	8.21338237229185e-05	0.501363199937076	0.00013743704098766177	9.098097790162138
104564	131.50495488079724	8.202208732632114e-05	0.5011909641066836	0.00013711876063730912	9.563217249650037
104779	131.1264600000656	8.192457612832919e-05	0.4948215828840558	0.00013856208042519987	9.048752556070298
105002	130.76921837485762	8.235213979138231e-05	0.5022305047439737	0.00013795513626261473	9.416100488014662
105214	130.40487080128008	8.216906524865593e-05	0.49776698911570927	0.00013858218600981917	9.568924333879911
105427	130.0440502316667	8.235316654602113e-05	0.5034421598930873	0.00013764303978469378	9.632185543638387
105643	129.66732318109237	8.207114907042776e-05	0.5021986412565194	0.00013704878202345087	9.578810017488992
105865	129.2874840396259	8.189129698455993e-05	0.501079752516942	0.00013676198562754621	9.17592909296683
106087	128.90681424240722	8.180301760464646e-05	0.4967944652821607	0.00013765308393941123	9.434451326556866
106301	128.551663265707	8.206650763631697e-05	0.49526273662246323	0.0001389784374878407	9.305169113315479
106528	128.19087136121894	8.245806285501808e-05	0.5080041991594596	0.00013679728567584395	9.49339495677147
106745	127.79639589655483	8.180587213106555e-05	0.5013669023071532	0.00013643311503852532	8.219056129263244
106954	127.45462679055922	8.169428024646364e-05	0.49690876172753135	0.00013728984194299657	9.428168506863463
107170	127.08681863816805	8.194799377363835e-05	0.4987360163384628	0.00013764660786719105	9.46503858063462
107389	126.72528087066448	8.205177150039328e-05	0.49550555930531603	0.00013890396961590683	9.136387672109603
107627	126.33884690941035	8.242305326052065e-05	0.5091053281064384	0.00013642918266641214	8.50640382108084
107857	125.93492697556015	8.168266137584689e-05	0.5003515226809481	0.00013634247395820029	9.79469342455615
108088	125.54747401642159	8.165396319893698e-05	0.49878893104994954	0.00013668287558904151	9.265863794191052
108302	125.20670066612423	8.175303178311484e-05	0.4975829650270516	0.00013735517592711137	9.366734506442787
108533	124.819040588834	8.195135102725287e-05	0.4986938286926555	0.00013772457479525036	7.847841377520855
108745	124.47426454850346	8.205860371193719e-05	0.49924164403136706	0.0001379425059107199	9.258836294150147
108970	124.10512936456551	8.212090422174915e-05	0.5055970087084375	0.0001364246673406623	9.292835616652495
109210	123.70267353767585	8.166509599967896e-05	0.5012772590231248	0.00013608667745344599	9.55845461644478
109438	123.3260771083389	8.156098793597855e-05	0.4983565708466337	0.00013654480394337343	9.238214813338004
109663	122.94531028597619	8.169535897613576e-05	0.4935744499076348	0.00013833220304035522	9.086938722445206
109876	122.61796267690683	8.222541091709364e-05	0.5040486132766335	0.00013722988793054723	9.18697172386714
110107	122.23039674724274	8.189452014944267e-05	0.5038552362912766	0.00013618942689627088	9.249378981357664
110323	121.86690378028412	8.158061154912928e-05	0.4980952117574652	0.00013671933191393312	8.907189423219448
110549	121.50535040485872	8.173645074144328e-05	0.5014236898388379	0.00013634060370731486	8.889106489453424
110779	121.12953374171826	8.1620331305395e-05	0.4905732750993382	0.0001389703326454789	8.960878229422208
110990	120.80199504746473	8.240079707310032e-05	0.5081477242296156	0.0001367512544914348	9.303932297501278
111224	120.41066598737208	8.173751355967896e-05	0.5040878507323577	0.00013565197876657143	7.829850089391289
111461	120.0210632967809	8.140541776036646e-05	0.49842799400430654	0.00013608980534402762	7.752254867290465
111670	119.67972453252035	8.15336901118978e-05	0.49346197637572525	0.00013790201490325213	8.773065484128427
111886	119.35732814890734	8.207204475813446e-05	0.5015839693565382	0.0001374758818069884	9.071664533409018
112129	118.95391053407354	8.194235321413731e-05	0.5072550454206756	0.0001355203003427148	7.832890154730435
112342	118.59931098761766	8.135425010864428e-05	0.4963947138938936	0.0001365135703856553	9.088370268009879
112555	118.27077794001187	8.164915122232361e-05	0.49862893481544557	0.00013689822184891255	9.051392111595227
112786	117.8885610474812	8.176132828680495e-05	0.4976816782257542	0.00013754641819144163	7.4186976487225325
113006	117.55289787417428	8.19515390653195e-05	0.501790356566383	0.00013706523551030266	9.024297764032735
113224	117.19784342905949	8.180520944547142e-05	0.5067803992462936	0.0001352409744774515	9.046194729655102
113446	116.82480511153143	8.125611580758667e-05	0.4974018831592693	0.00013595741720627671	7.890248807002512
113657	116.49287119658842	8.146805501329896e-05	0.49604473038855196	0.00013705097028286672	8.06045523205854
113881	116.1470983360635	8.179220757457221e-05	0.4968022846033533	0.00013794324754816132	8.841548712801888
114103	115.81359024397602	8.205501703483421e-05	0.5089730614714749	0.00013552106051305663	8.675081221989545
114331	115.41746034080617	8.132849649875153e-05	0.4990159267095563	0.00013579876141026298	7.919305793886191
114547	115.07064983018454	8.1408648031806e-05	0.49797861947437744	0.0001363600499811629	8.884545461299846
114770	114.73568310730147	8.157370652554007e-05	0.49363110524906845	0.00013812939234028737	8.710473791357327
114997	114.38770761970366	8.209825744470459e-05	0.5096353916516161	0.0001355284542838023	8.045650672939814
115225	114.0077725675287	8.131846111793237e-05	0.49970417880451373	0.00013561898483465044	8.924937260746004
115453	113.63939159776717	8.134252752187062e-05	0.4996887131516124	0.0001357142388063533	7.792367573859237
115670	113.3008726577961	8.13678602101157e-05	0.4946369869631249	0.0001371957532942557	8.403505700685548
115879	112.98346450621986	8.18077792226106e-05	0.5004584776592805	0.00013708006272188182	8.858344346352348
116123	112.60816513980978	8.177029795799663e-05	0.5087738959452927	0.00013472727263022364	7.664763683862777
116336	112.24660466492585	8.106216005465863e-05	0.4959722305556456	0.00013583151317698704	8.820731254917215
116549	111.9255032714543	8.139064568021114e-05	0.4995321392375747	0.00013596868813049663	8.55733163073038
116776	111.5648894906042	8.142875191445735e-05	0.49739946342756347	0.00013669050125388686	8.597038141773497
116990	111.24864822233732	8.164133998680416e-05	0.4990754139675961	0.00013695398418816043	8.192756030073996
117214	110.90441940761242	8.171692927879756e-05	0.5066843382184099	0.00013515795464406032	8.825445741429263
117433	110.53269859418386	8.117612209172979e-05	0.499907388166354	0.0001351937216345307	8.752780726666801
117650	110.2007885770832	8.118364100577172e-05	0.49841178309871537	0.00013563504192556333	8.318688295498607
117865	109.86467377071874	8.13128862223137e-05	0.49313475783527777	0.00013753385122352332	8.603846398494158
118093	109.54116205895942	8.187693405694292e-05	0.5066262599133357	0.00013574603152822858	8.708020835760227
118339	109.13631340418334	8.133972983512857e-05	0.5066423815529226	0.00013397842855856741	7.721904948403503
118576	108.75223546258233	8.080476461684004e-05	0.49547509026757075	0.00013521376487736253	7.451863935941575
118816	108.39067608248925	8.117289944090143e-05	0.4940443815137176	0.00013685555509468267	7.126585219025517
119038	108.06436724423476	8.166069631090032e-05	0.5036669059738461	0.00013587047439738003	8.625367780023213
119263	107.71005715680147	8.136289125305553e-05	0.5051631428971219	0.00013449289891484672	8.77028888514059
119494	107.33868119654318	8.094602873617503e-05	0.4995295987624852	0.00013463135114532283	7.320976349319817
119737	106.97309261950478	8.098413273662677e-05	0.49124267215737116	0.0001370436403868354	7.156662366708258
119945	106.66845792631791	8.170279153372121e-05	0.5066287272971122	0.00013526127242255418	8.691025633059027
120169	106.30787851845629	8.116653223215347e-05	0.5019723569603973	0.0001347413384352064	7.823401378254765
120400	105.95178497498826	8.100691493585205e-05	0.5003452465031688	0.00013466010852287955	7.782906239060896
120613	105.61033896891055	8.097896205685586e-05	0.49002865622582187	0.0001374117709998633	7.8792403801827495
120857	105.2675723109239	8.179871273191574e-05	0.5107226875529223	0.00013453948315628327	7.293701553775804
121091	104.88730834219906	8.093547055676003e-05	0.5001250120388808	0.00013451790314081372	8.2069169005742
121337	104.50598398430076	8.092535454546323e-05	0.501589333483723	0.00013410475471431734	7.212145392803031
121559	104.16279024774151	8.079704298369456e-05	0.48933452692599627	0.0001370394619891719	7.659045362787538
121771	103.87399632433495	8.16728176716991e-05	0.5070571555912162	0.00013514333065040994	7.651201552734412
122005	103.50277466484897	8.110247038252037e-05	0.5036397202769705	0.00013417896526316084	7.213156555610846
122215	103.16834798725834	8.080888197725452e-05	0.4961367240202612	0.00013523532049681002	8.38039497472393
122461	102.80371922440135	8.112288981453193e-05	0.49602131228150464	0.00013633354345616487	7.269681633433216
122681	102.48342510641734	8.144759158046012e-05	0.5064072956471716	0.00013462044915962075	8.494779262179707
122906	102.12254173073612	8.093069537033965e-05	0.5020644080114877	0.00013407907445269976	7.699769977091966
123131	101.77293155522548	8.0764136984049e-05	0.49859621737015875	0.00013446912184983875	7.405980045076964
123370	101.40954927249186	8.087775156798155e-05	0.4981974306365969	0.00013496894660673434	6.965443103176531
123604	101.05436550153856	8.102393470195821e-05	0.496917615505944	0.0001358195580166607	8.043030658443138
123850	100.69805685720885	8.12748423103315e-05	0.5087239918463845	0.00013350401168146016	7.133691453404985
124084	100.32194609911876	8.057494686988227e-05	0.4993309528711476	0.00013369579233182217	7.272823634388683
124316	99.96919377619808	8.062890946806785e-05	0.49779629462658376	0.0001343010377791919	7.0074848026822005
124528	99.64981992063105	8.080718133403323e-05	0.4977016878724202	0.00013493333621884967	7.34083823068214
124754	99.31697747627025	8.0993544185562e-05	0.5011381169132175	0.0001346401539360876	8.226917726195841
124994	98.9542607187113	8.090152113278641e-05	0.508036186357505	0.0001325238054269504	7.780354708661617
125227	98.58059760269515	8.02591148876379e-05	0.4981714148444783	0.00013302379620606082	8.2476315887504
125467	98.22284001506948	8.04062792909264e-05	0.49827129174656515	0.00013349927044938116	6.936663956944586
125696	97.88091011645082	8.0545639764263e-05	0.49346962650544285	0.00013527950014263234	7.912471448888709
125927	97.55042581144718	8.107684199944889e-05	0.5066861810851641	0.00013350803759378194	8.217637083386803
126176	97.16341006106701	8.054012447910955e-05	0.5050800008328368	0.00013217967285730103	6.9875099932731235
126407	96.80290283206737	8.013407209290471e-05	0.49672912950924364	0.0001330638650990734	7.266511288427689
126649	96.4406199585868	8.039747329828183e-05	0.4953264654876358	0.00013433394487626687	6.689136136239428
126881	96.11628803118279	8.077586840426158e-05	0.5020145058221694	0.0001338088262632227	6.831046505256001
127105	95.76758749493531	8.061363501297285e-05	0.5054381712382799	0.0001323828178440749	7.343097110289289
127325	95.43051066418865	8.01787882209661e-05	0.49926884721009296	0.0001325898711879386	7.279058598593462
127570	95.04920762974973	8.023747553760723e-05	0.4990725854693524	0.0001328517480579558	6.786022803905238
127789	94.72928646670812	8.031199261669404e-05	0.49284383657488917	0.00013479464699647493	7.903224040565985
128023	94.37888944863303	8.089296212160696e-05	0.5081745421370228	0.00013264144079393303	7.873378886287506
128254	94.02721087098293	8.023969856489114e-05	0.5019506036352828	0.00013213977762540244	8.105092400673076
128494	93.65839490247919	8.008363918401301e-05	0.49803698402260016	0.00013267591962840306	6.958406850109486
128723	93.30625503201239	8.024130906218599e-05	0.49201993771948893	0.0001348432418217851	6.547984167023319
128947	92.99121233821919	8.088940791086466e-05	0.5082471090303579	0.00013266932942604458	7.513912660151028
129176	92.63393440569912	8.023044484149675e-05	0.5032080269082663	0.0001318381611055768	7.300549993606447
129403	92.27949770473461	7.997429536029463e-05	0.4985328532722824	0.00013224091227834057	7.17664769872527
129638	91.92306627327045	8.009188823841677e-05	0.4964370875326371	0.0001332057347432493	6.488375193184054
129868	91.59353828873913	8.037878280966631e-05	0.5000703959981718	0.00013320233012847297	6.629902063316457
130097	91.26341722419056	8.037312506243573e-05	0.5055135109152283	0.00013176404513577593	7.763997385552217
130339	90.87550315458887	7.993361847483638e-05	0.5025994716264072	0.00013109902979769068	6.673623097979201
130582	90.5313947446489	7.972664000485947e-05	0.4959382871264853	0.0001321880491364362	6.6116608598153315
130825	90.15007621177469	8.005245311313592e-05	0.49365492328412114	0.0001339045624401172	6.094894288796319
131057	89.83313378841619	8.056527813518959e-05	0.5069566038794406	0.00013208274337062596	6.658117571902169
131288	89.48050768917507	8.001059877113732e-05	0.5023250735182874	0.00013148665248876898	7.51952347611731
131521	89.13781558392759	7.982521454472116e-05	0.4990960594384779	0.00013174033634118853	7.556045812887664
131758	88.77648325218374	7.989746978041127e-05	0.4973131454998092	0.00013246909619710515	6.946394468496915
131996	88.41447415619479	8.011301174153514e-05	0.496282238055689	0.00013347912004110825	6.457379039231793
132229	88.07993432731634	8.04125241604537e-05	0.5102551702157013	0.0001308126747301442	6.747873748983464
132464	87.71023788574797	7.9600352340592e-05	0.5011639591049928	0.0001305250242510638	6.590857575018551
132691	87.37095660644486	7.950786223648273e-05	0.49523628650358864	0.00013179683911253724	6.516802337485622
132922	87.03780768796811	7.988934298497885e-05	0.4945104405340575	0.00013327641902543576	6.60774354786611
133162	86.67762013090665	8.033154487422273e-05	0.5057022570403491	0.00013179230914055093	6.419359496768826
133393	86.3232114394132	7.987735494728879e-05	0.505120207478923	0.00013047303645455453	6.984456478913418
133631	85.94591502471322	7.947148090939984e-05	0.5004297809185547	0.00013037865326402496	6.93811775731197
133871	85.57504301327798	7.943734758653645e-05	0.49311754894302223	0.0001322165996171579	6.617848841993849
134113	85.25309727544892	7.998978097437815e-05	0.5032855980061512	0.0001313712677871014	6.369633657300213
134350	84.8860762499839	7.972825491027439e-05	0.5046972005074071	0.0001301666508193711	6.4881001796604
134590	84.50855189215355	7.935637347168778e-05	0.4995606656725359	0.00013029938037388658	6.459774550334
134827	84.15756144821906	7.939126044290719e-05	0.49857985268536825	0.00013068873399756553	6.430600830530098
135061	83.79959113881587	7.950424847475556e-05	0.4923392048496736	0.000132740864189451	6.164118959619943
135290	83.47615085057605	8.01204037045168e-05	0.5080459685821916	0.0001306569295803143	6.551899530323946
135523	83.11997966592065	7.948343477467282e-05	0.5045876077528119	0.00012948662419835723	6.9011427709828395
135749	82.74948272804252	7.912128615007083e-05	0.4973281235647814	0.00013020096384898613	6.74667432574451
135994	82.38233146024741	7.933353950198397e-05	0.4984574672415143	0.0001306239768986309	6.180725620644152
136223	82.04797967720201	7.945619796563623e-05	0.4939011043569421	0.00013225567647977109	6.425029948982239
136462	81.71792815190358	7.994527181670506e-05	0.5110070555352769	0.00012942582170302137	6.435625191512039
136700	81.32054547761402	7.907957696089748e-05	0.5014567162467836	0.00012906948464636213	6.549357351389018
136939	80.96667520187836	7.896463155970937e-05	0.4978647831753437	0.00012964259205815084	6.5189669819861225
137180	80.59025267836775	7.913378011603965e-05	0.49354439612712836	0.00013135938263415843	6.2192180199079745
137422	80.25345241587719	7.964963711563908e-05	0.5057052886777087	0.00012989762283372068	6.566316788932813
137666	79.8765801042612	7.919906526077907e-05	0.5057751720689854	0.0001284347973532456	6.276842744987304
137909	79.49417383106957	7.874560151853278e-05	0.4984100643091827	0.00012886540039996807	6.172581955771303
138139	79.1501962191072	7.88711013453016e-05	0.49556335960893394	0.00013003905420934717	6.165933286066491
138368	78.81699646888842	7.922337013536074e-05	0.4935965149780038	0.00013174626295330797	5.990216584789344
138604	78.46623563354277	7.973560118000376e-05	0.5101467337086697	0.00012914791803206587	5.949952812289576
138841	78.09152656067656	7.893865456818853e-05	0.5041557834952836	0.00012810345775793986	6.173706700132548
139076	77.71117659260247	7.86126335179239e-05	0.4975687362498344	0.00012875123134459157	5.636401118676735
139312	77.3640776449454	7.88044614246219e-05	0.4970775828708711	0.00012952930581156533	6.156366597609179
139555	77.01241267339188	7.903577542185677e-05	0.4949332079115878	0.00013087764641568365	5.7838765743343545
139796	76.64928689725726	7.943930275016054e-05	0.512446181507373	0.00012772171276676913	5.774847793423178
140033	76.26238236109377	7.846867063568285e-05	0.4991076366005048	0.00012797215601826362	6.024382773864569
140273	75.88678284365528	7.853878707335031e-05	0.4978202338174854	0.0001285557243789361	5.9913927679792645
140524	75.49212885515095	7.871054505826698e-05	0.4918725761778973	0.000130705198841407	6.000963955228399
140767	75.1683287141597	7.935816502256261e-05	0.508493886013484	0.00012854413412532317	6.135633825450951
141005	74.77138417905	7.869257409083162e-05	0.5057400983649395	0.0001271085688217486	6.0258608299150085
141245	74.37805805308926	7.824472336776141e-05	0.49675994288069064	0.00012796222754709897	6.0827167858118365
141485	74.02027436119957	7.849947954840352e-05	0.4928008834936311	0.00012985493070470546	5.714692487940641
141724	73.67833398148943	7.907078322601829e-05	0.505964437491428	0.00012834884797881488	5.786626997943027
141980	73.2568696330461	7.860334832882646e-05	0.5104392623833909	0.00012575012365700566	6.310458684752477
142223	72.86084093661655	7.77954168790983e-05	0.4948332812164764	0.00012708756724441513	5.864487157384034
142477	72.47300187338992	7.82005061115001e-05	0.4969252100977565	0.00012790114900050077	5.636558168154962
142714	72.09955589494618	7.844207095246362e-05	0.4952447843603459	0.00012915562857485177	6.005148242615
142952	71.7376925287574	7.881776178539719e-05	0.510414670680165	0.00012654586816624995	6.091792634044907
143188	71.33429338226836	7.800950564335102e-05	0.5019064561060899	0.00012609129212894847	5.8755428206685805
143440	70.91937427703658	7.786120789521186e-05	0.4977269075339793	0.00012669576736798753	5.643254481050363
143683	70.540312411881	7.803879937297341e-05	0.49530240178619395	0.0001279249871615289	5.6271587383748685
143924	70.18148478342718	7.840799786320791e-05	0.508893019750553	0.0001257162220811428	5.79650677499176
144166	69.75280629933373	7.771987967710623e-05	0.5020103557427872	0.00012524190509554636	5.714621720153391
144404	69.36912195696546	7.756410465839705e-05	0.4964327679677661	0.0001261693643004811	5.596787897201828
144643	68.98058606279731	7.784228319630925e-05	0.4893475432221862	0.00012894522953185798	5.304530444155516
144893	68.61688859320499	7.868498417155969e-05	0.5124851643765168	0.00012583359866328333	5.6013226833071315
145139	68.17575043660769	7.772061259726605e-05	0.5065678439212099	0.00012423243290209988	5.750395086430763
145397	67.7323499131743	7.721513022259592e-05	0.49761969264461103	0.00012485883016469872	4.610082045269902
145645	67.33353534953984	7.739958481484345e-05	0.49592476730624807	0.00012591605116426464	5.352811746167531
145900	66.94958780698346	7.77169474462697e-05	0.495278360534266	0.00012714759169765025	4.9869755238512665
146134	66.56934073779308	7.808651839321702e-05	0.5117342497701006	0.00012426299688012073	5.601584830980424
146374	66.1438547116846	7.718605051670507e-05	0.5014351277947469	0.0001239384896282257	5.561999995834106
146633	65.71555433954377	7.70755165589422e-05	0.4981413757062893	0.0001244346826644863	4.761709921323933
146875	65.32121733392891	7.721917161192067e-05	0.4913289059359003	0.000126663298027426	5.005022084641617
147127	64.93073272551527	7.789758303021829e-05	0.5120278627636329	0.00012372189246522206	5.413815852435512
147365	64.51319708319245	7.697721381102343e-05	0.5037747347427186	0.0001228273968661623	5.561348143867024
147611	64.09207081540258	7.668828019393774e-05	0.4965448438090238	0.00012371626672260955	5.432817986493682
147854	63.69733215598565	7.695463140527103e-05	0.4906070678866578	0.00012611921750321317	4.998553400168324
148124	63.281364764097596	7.768780736713933e-05	0.5123813167179035	0.00012310931548188217	5.531188025317698
148372	62.83009833426828	7.674343316206593e-05	0.5027338893331562	0.0001224764454923531	5.320548851304353
148613	62.43176099949629	7.653448159507447e-05	0.4995291739288835	0.00012262642777451387	5.277827147286253
148880	61.98106013621613	7.657054149325844e-05	0.5009314303788838	0.00012243856134888824	4.899460828830456
149137	61.56704890902527	7.64993208549505e-05	0.5103369114235006	0.00011999585228270995	5.568527845311019
149411	61.071166544718345	7.572060779379685e-05	0.5082779873918469	0.00011808284114433313	4.80459229921069
149675	60.620316057197485	7.510147084921025e-05	0.49250978334635626	0.00011991774498963928	4.428210703649085
149954	60.15340651574139	7.567039724988327e-05	0.49251484956489844	0.00012178395593992414	4.297034801592107
150215	59.755751876129175	7.624324137787303e-05	0.5112586540381105	0.00011914225765236219	4.847696910438829
150463	59.2966913630946	7.539907491365675e-05	0.5044432899229143	0.00011813258131485479	5.429545792860138
150725	58.853260231503256	7.506627144200187e-05	0.4970773590493314	0.0001188688231514443	4.333374713580841
150968	58.45138991526741	7.528662971504728e-05	0.49216938747771055	0.00012080095586119045	4.8256907000912665
151229	58.04159915214733	7.588318646489809e-05	0.5128099735307019	0.0001178256916544126	5.192528245535393
151490	57.57357432252947	7.492941294111835e-05	0.506287180163033	0.00011640518622476409	4.769275612272862
151754	57.100077473069696	7.446271496066155e-05	0.498841030321894	0.0001167208384394207	5.176779526442646
152000	56.675332935331625	7.45491653085121e-05	0.4857913118491361	0.00012017900752994341	4.701976781225926
152246	56.29483817758681	7.563153515298873e-05	0.51226480499096	0.00011734448601739138	5.006229353146692
152533	55.773058363241034	7.472065297051154e-05	0.5075101759974381	0.00011565880255289533	4.321313166129973
152816	55.259075772277185	7.416573128874498e-05	0.49618634642261067	0.00011659949289998782	4.416195926180525
153094	54.78618563518703	7.445020204285344e-05	0.49095092378378985	0.00011880130677811397	4.306149405285977
153356	54.35983232244694	7.513319235226923e-05	0.520285389314808	0.00011421841049237846	5.080197060897598
153626	53.82691309698605	7.365394770978136e-05	0.5014256458313799	0.0001139460818620522	4.301940930032912
153875	53.385801449534085	7.354916728276781e-05	0.49656707393030236	0.00011478266402976379	5.022216389344739
154139	52.92860088530521	7.380296378379935e-05	0.4907260073407661	0.00011700544871829495	4.55687110389743
154405	52.47866582758119	7.44970828760113e-05	0.5159109743949866	0.00011345067201241095	4.604355085327204
154652	51.990706954690914	7.333932124019429e-05	0.4999909286735105	0.00011350469779552682	4.771738354443093
154901	51.55493431883856	7.333998653417443e-05	0.4990230178848984	0.00011377938315994681	4.66274766584439
155171	51.06358131249098	7.341174356448264e-05	0.49086270162583845	0.00011595765075109106	1
155432	50.60531380484345	7.409186459992236e-05	0.5211855069218067	0.00011130159524995371	1
155681	50.097801878828555	7.257037401629201e-05	0.499896611886242	0.00011138078422711308	1
155933	49.62666055682403	7.2577878094145e-05	0.49568190726165057	0.00011240980754151604	1
156218	49.111207428881414	7.289332074525374e-05	0.49444080374301536	0.00011374229997777192	1
156470	48.652033548307905	7.330195975264767e-05	0.5160567294052254	0.00011026421408337809	1
156737	48.11803071426504	7.215258002231834e-05	0.4997773722130379	0.0001103789100344162	1
157004	47.59122028259548	7.216864855768517e-05	0.48486099626907103	0.00011389664546472039	1
157258	47.14177605002025	7.328666349373496e-05	0.5143845679697063	0.00011078037789508951	1
157511	46.62815749859474	7.225468081000503e-05	0.5081759564225622	0.0001090628697758817	1
157799	46.04510103206663	7.167107728980524e-05	0.4983845654092312	0.00010949633015149753	1
158084	45.50661413650317	7.178713853708887e-05	0.49371704260419647	0.0001109720437005976	1
158366	44.95146239281847	7.224246983285307e-05	0.5148220476977968	0.00010785943813622822	1
158633	44.3844803824997	7.119492200748087e-05	0.49744603134256715	0.00010849402298384567	1
158903	43.847726898377346	7.137745116589173e-05	0.48295375976254534	0.00011240925843128881	1
159155	43.37507379860339	7.262619009459216e-05	0.5196884310568091	0.00010823283933559087	1
159431	42.77293910563473	7.12371833823827e-05	0.5071989524612808	0.00010678515731668404	1
159689	42.23332479465307	7.072982245989616e-05	0.4910381020735378	0.00010882189793929046	1
159977	41.64856361585196	7.137234627653304e-05	0.4872840848107507	0.00011176807057167659	1
160256	41.09101893442272	7.229759697810259e-05	0.5237261325752671	0.00010680646323110666	1
160510	40.510306889308055	7.064098435705992e-05	0.5003631099641924	0.00010682200002130554	1
160778	39.93489239879633	7.061534787420834e-05	0.4783877659772371	0.00011175707768804298	1
161030	39.445512597408616	7.219283099785667e-05	0.519018021449449	0.00010776555257880438	1
161294	38.84073677958344	7.08578312989663e-05	0.5097722230275031	0.000105808600703764	1
161554	38.24585131388415	7.017538022876643e-05	0.48597714703740846	0.00010897367154720654	1
161822	37.70390738299043	7.118063418367161e-05	0.5033624992667213	0.00010836784599401458	1
162104	37.08262328388141	7.0942489822897e-05	0.5176341117303891	0.00010480327469903161	1
162394	36.39240079810052	6.972362919776736e-05	0.48423549437726376	0.00010835728143990654	1
162671	35.826445556282245	7.0849481575543e-05	0.4898940101612553	0.00011073557173616929	1
162953	35.22892149667253	7.157652572099298e-05	0.5295612634723134	0.00010469832709465931	1
163228	34.549259819124046	6.955006040526087e-05	0.49596978053480106	0.00010569614954616403	1
163492	33.953682111595356	6.983206839341587e-05	0.4792145101254298	0.00011043531618741839	1
163763	33.40900709411638	7.133044414721691e-05	0.5243596520869493	0.00010546123209088289	1
164014	32.76570459851346	6.965387738378422e-05	0.5037328790547693	0.00010483114205976963	1
164300	32.108147992154876	6.939531476093246e-05	0.47888043171066125	0.00010963971387296116	1
164587	31.501494468767156	7.090904014585147e-05	0.5101226083164724	0.00010765545641894383	1
164867	30.846496631272522	7.020197380802947e-05	0.5089047841381439	0.00010596495195269265	1
165164	30.139309799957402	6.95850683780252e-05	0.5054839514507432	0.00010502529490038726	1
165449	29.452184340556112	6.920657784673508e-05	0.47484518153944144	0.00011081044107013958	1
165752	28.858398709135336	7.101602489019483e-05	0.5208313346307525	0.00010661245808823235	1
166021	28.1966460161249	6.9581343326349e-05	0.4990833232830269	0.00010702526206679724	1
166301	27.56775999339759	6.9645214761328e-05	0.4899487598288059	0.00010946515461400104	1
166561	27.006457299346167	7.035596962763235e-05	0.4798919055064665	0.00011429302680314683	1
166849	26.439222618696135	7.18148475054558e-05	0.5304278954845879	0.00010799608407337184	1
167144	25.73769147782846	6.972460568884635e-05	0.4990174231567359	0.00010848342306659666	1
167423	25.121174478117364	6.979321661163434e-05	0.47826694853113044	0.0001136976536312393	1
167720	24.587350140451743	7.136134583394894e-05	0.49615016251874744	0.0001148864825694922	1
168014	23.986572632671454	7.163767216287648e-05	0.5079155262355939	0.00011340456659072022	1
168310	23.40838658922902	7.107726742767634e-05	0.502611372384889	0.0001131284707607887	1
168601	22.86031677304408	7.089238210658004e-05	0.49923317148018576	0.00011360966075661639	1
168856	22.410588194592293	7.0946807016884e-05	0.4893311979988386	0.00011636916049630437	1
169130	21.933936405574528	7.17160570442581e-05	0.4756344955760823	0.0001226438567650812	1
169396	21.589410179181183	7.353002843682021e-05	0.5098600029703765	0.00012056681352739925	1
169661	21.169042527828488	7.281557175978492e-05	0.5148157393370356	0.00011738118384159147	1
169940	20.726475902193524	7.176015335959946e-05	0.4804590356712085	0.0001224591895336594	1
170246	20.36561211429764	7.320490438093441e-05	0.4668787106481736	0.0001314978437839141	1
170534	20.073705529890976	7.575706564077501e-05	0.5479567855082067	0.00012027637443534651	1
170842	19.600777100782743	7.236607067041824e-05	0.4807774643320327	0.00012539230500880738	1
171115	19.356319688134995	7.379856936664319e-05	0.46638143698428564	0.0001347139101665739	1
171407	19.16857390498728	7.641213193668684e-05	0.5322971030891258	0.00012680806157940996	1
171688	18.83001692525591	7.405770812423144e-05	0.4942729704649688	0.00012852827089877356	1
171971	18.572122460158283	7.448551744906388e-05	0.4783717229454013	0.0001345903871858001	1
172265	18.43106096158013	7.615073355908355e-05	0.496399473802392	0.00013580952396518661	1
172568	18.222590902074447	7.64264060157547e-05	0.524418697859234	0.00012971362091913872	1
172832	17.977092551078886	7.462586109887876e-05	0.47404256803851247	0.00013701663252244203	1
173134	17.862536440004963	7.664179833137633e-05	0.48294145662143506	0.0001420796063010474	1
173432	17.747419447138938	7.79836296214747e-05	0.5324844372940558	0.00013360658645099403	1
173707	17.50627063814341	7.556748828267997e-05	0.484694455641016	0.00013799988400661767	1
