时间秒	晶中温度K	设定电流	电压差V	κ	时间常数
127	18.28626920041685	0.0001	0.8650208804453539	0.0001356081360022656	1
274	17.36284604270451	7.602767450724637e-05	0.47888299712464183	0.00014159953781941502	1
421	17.518366337720597	7.768586398439778e-05	0.49394706907877767	0.00014320104250805385	1
568	17.76246978823771	7.816040406318188e-05	0.4922622548970548	0.00014516643908254253	1
715	18.116380548569364	7.877230062696338e-05	0.49204802752624255	0.00014709210201877364	1
861	18.573568594403113	7.94062678304157e-05	0.4781554798774908	0.00015327560054393926	1
1008	19.13552944073812	8.119984827424497e-05	0.5358780097551046	0.00014245772137283687	1
1155	19.598345629946433	7.843452161161107e-05	0.5081988743072179	0.00013958648342843826	1
1302	20.16977769908495	7.7799249018428e-05	0.5103286887744843	0.00013620781856984996	1
1449	20.75105911781708	7.700792392456296e-05	0.4998715169589422	0.00013569712338114685	1
1595	21.376412385215623	7.701782004408048e-05	0.4957265318485912	0.00013633796855454786	1
1742	22.016300614563797	7.734907819577244e-05	0.5015821894549333	0.00013540378857487926	1
1889	22.660107527341943	7.722698698076388e-05	0.5159189307345097	0.00013076160257487443	1
2036	23.257245324571976	7.602621358175178e-05	0.5117460596518479	0.0001273327085351622	1
2183	23.86884814156787	7.514863731727718e-05	0.49529345287645443	0.00012813486298066397	1
2330	24.540454732667104	7.55048446620407e-05	0.5167175934116955	0.00012361487629327774	1
2477	25.116240894195368	7.427338138915051e-05	0.5069412846827668	0.0001215756952730632	1
2623	25.75297731381051	7.376313524637724e-05	0.504950008956484	0.00012005740013536712	1
2770	26.36149706599449	7.340069597346722e-05	0.5024943481743204	0.00011915559307050105	1
2917	26.978940762636395	7.321829126971698e-05	0.4969507805851219	0.00011959396202305095	1
3064	27.602482163649398	7.344257626917461e-05	0.49322923754918657	0.00012095612316906177	1
3210	28.26628837915807	7.394494644746166e-05	0.5068654045341188	0.000119053114665537	1
3357	28.87173984626484	7.344245332390454e-05	0.5112626121794013	0.00011618588766906857	1
3504	29.463784648391755	7.262901608788989e-05	0.5068124632720681	0.0001143944145211337	1
3651	30.059613946996794	7.213923288415372e-05	0.5001157861171389	0.00011414915444689449	1
3797	30.68094503343587	7.21308816128986e-05	0.4961437533463043	0.00011482151652247162	1
3944	31.297864280123918	7.241065544322615e-05	0.49774099270920014	0.00011513758656118746	1
4091	31.933177269523217	7.257478801669535e-05	0.48626462660806624	0.00011818823315829046	1
4238	32.584713791029024	7.359264957020154e-05	0.5182707000386025	0.00011383509308136676	1
4385	33.15765382865741	7.228382283934631e-05	0.5068041145538794	0.00011212947608372394	1
4531	33.76486535405765	7.179695884895637e-05	0.5016285328566361	0.00011159412574538591	1
4678	34.38493897110537	7.16803199905748e-05	0.4990240182465183	0.00011164613955798078	1
4825	35.01549053223898	7.175038125944975e-05	0.4942039526759113	0.00011279312619095764	1
4972	35.65501346983025	7.216990074082437e-05	0.4919458782537445	0.0001144775471657473	1
5119	36.3311820546752	7.27582838916748e-05	0.5076891022240075	0.00011258800049174655	1
5265	36.948959250350114	7.220520887222456e-05	0.5002439026177238	0.00011238209129901413	1
5412	37.61006620140996	7.218760427321724e-05	0.5014662157533328	0.00011190635231541612	1
5559	38.273499564993976	7.20819938853811e-05	0.4994805328324854	0.0001118798053122388	1
5706	38.933815249924194	7.211946731642849e-05	0.4940293469162166	0.0001130922142095572	1
5853	39.611486165860484	7.255396286523909e-05	0.501836856018819	0.00011254493598215361	1
6000	40.256617715531476	7.242105776126981e-05	0.5048664815669331	0.00011133363680851163	1
6146	40.89618577826784	7.207117401132356e-05	0.49898830891925344	0.00011143819540023546	1
6293	41.53866452506862	7.214419861145914e-05	0.5011685272935561	0.00011106107224601023	1
6440	42.149498160066194	7.206004362371605e-05	0.497794114009755	0.00011144328157534545	1
6587	42.78289457172309	7.221952776458901e-05	0.4885954317014056	0.0001139350009712583	1
6734	43.42230622791237	7.30575233315467e-05	0.501096669398557	0.00011358189941444771	1
6881	44.00445228558113	7.297753493858498e-05	0.5058847010086328	0.00011216485467857523	1
7027	44.573226626991385	7.255183795045658e-05	0.4983106210011289	0.00011245264112263179	1
7174	45.13812899799794	7.267471697350365e-05	0.49597341536316825	0.0001132762458275323	1
7321	45.72513238267553	7.296912727251185e-05	0.5006741947044613	0.00011303636243001759	1
7468	46.280563464797865	7.291998156839487e-05	0.49904504041283126	0.0001131694435376199	1
7615	46.83394852063686	7.298971711174229e-05	0.502615906189739	0.00011250085216075774	1
7762	47.373470642961976	7.279952880659472e-05	0.4991959461828821	0.00011260503232712241	1
7909	47.93746428452125	7.285813423797703e-05	0.5006094167879793	0.00011239058662518595	1
8055	48.4835215656202	7.281377381469533e-05	0.501710626324741	0.00011193455896104966	1
8202	49.016496783482964	7.268953535404336e-05	0.4924730298894311	0.00011357306454942346	1
8349	49.58227961982789	7.3242923212453e-05	0.495134450445753	0.00011461701800176936	1
8496	50.143272854114585	7.36019124396932e-05	0.5023535692956659	0.00011401047014545283	1
8642	50.66871304966425	7.342929440275595e-05	0.49612589855988043	0.00011483360351104728	1
8789	51.21369911091958	7.371543079789004e-05	0.5020832509406445	0.00011429067957315199	1
8936	51.747184475044335	7.356234127741712e-05	0.49813840791333386	0.00011465414692266753	6.944823885512068
9087	52.30619655621877	7.369966793835297e-05	0.49350371382593783	0.00011609715167386007	6.9491853973313225
9237	52.859796792831006	7.418315854669008e-05	0.5057417915543246	0.00011471565939081361	7.173587198855487
9388	53.41323305377284	7.376084808061699e-05	0.4996678417659591	0.00011472825019502326	7.261803354998044
9539	53.955305936906	7.378536056736962e-05	0.49848935557054114	0.00011501553843807442	7.265969233060259
9690	54.533354671556786	7.389707722132992e-05	0.4994722160434438	0.00011507456133973074	7.275284562938984
9842	55.092207909752695	7.393610981701004e-05	0.4970008176370447	0.00011570871035814558	7.378912146504786
9994	55.647714359208244	7.415886029996187e-05	0.4916854043309663	0.0001176062035969761	7.152482910784479
10145	56.220367724384474	7.478325956197369e-05	0.5032590883810606	0.00011678726672856058	7.4134753611205015
10297	56.76774412033874	7.454071935762608e-05	0.5003509975209491	0.00011664861300360306	7.507293322817558
10449	57.3372411487114	7.451456951691056e-05	0.4991747474606015	0.00011678405182966407	7.611473376237197
10602	57.91176937137818	7.457613908077649e-05	0.49845470619806215	0.00011708940392686387	7.553560925454658
10755	58.48694889847265	7.469164894033976e-05	0.49948630917636155	0.00011715507228146472	7.754155290739915
10908	59.06278138123864	7.473004694459089e-05	0.5016835749525644	0.0001167080380606785	7.877898230493762
11061	59.644207453733166	7.460455014547404e-05	0.49756881598660774	0.0001172236340999133	7.90870630918569
11215	60.25043575728486	7.478659166943042e-05	0.5006198908515856	0.0001170239541028949	7.966966835469724
11369	60.833733302633185	7.474027520771292e-05	0.49757455903739106	0.00011754178815942998	8.081410911242697
11523	61.451155146765885	7.492221552925023e-05	0.4936194837408039	0.00011900661900813914	7.968404812011059
11678	62.05908100931733	7.54048823832314e-05	0.49932122690500175	0.00011911639475742385	7.987596456100249
11831	62.67829766257436	7.545611735991561e-05	0.5022701442789703	0.00011852565789046332	8.226830371525367
11986	63.27488234129986	7.52854021894295e-05	0.49944143922777595	0.00011860770243190265	8.287520175756562
12141	63.903070420195526	7.532748892709916e-05	0.49788609932098044	0.00011906003787200473	8.162541076941448
12296	64.52846048688748	7.548723045250204e-05	0.49356889900928846	0.00012055995768239775	8.122419787191344
12451	65.15577007174615	7.597743034397521e-05	0.5016484788526256	0.00012011519916694804	8.388254763931576
12606	65.78237422319646	7.585249200934032e-05	0.5013532174055166	0.00011974155052036538	8.5103402303097
12762	66.40638178890404	7.575005497942699e-05	0.5003154991210901	0.0001196180926156545	8.633214797961434
12919	67.04202095758406	7.572616720792056e-05	0.4981644820680724	0.00012001071349246865	8.685570122627379
13075	67.68960660008396	7.58655478167709e-05	0.4986430964212581	0.0001202895731432445	8.621835105384488
13232	68.32568109973982	7.596870004910168e-05	0.49536868354177177	0.0001213676244742521	8.525652002897987
13388	68.9875357310036	7.632299834997148e-05	0.49431159319183315	0.0001227170304380546	8.65923131512862
13545	69.64150533640073	7.676089457385018e-05	0.5025124417573634	0.00012205810039685431	8.829389721213662
13702	70.29092653097052	7.65687610808617e-05	0.4968177879040832	0.00012279392008181437	8.75352577765487
13859	70.95976747061808	7.681358837891606e-05	0.5022749739009449	0.00012219232679343888	8.930182645050676
14017	71.60639000132598	7.663943354185598e-05	0.5016564837004317	0.00012174503606732005	9.07408165271329
14175	72.27787460106366	7.651279614183936e-05	0.4972149571621427	0.0001223825888147664	9.089205290120598
14333	72.9546998835526	7.6726781912147e-05	0.49993611607726124	0.00012235448373508367	9.169732409893763
14492	73.63806894237149	7.67316839897056e-05	0.49664901234912845	0.00012313596928467877	9.107384036819674
14650	74.29789967138366	7.699011061977177e-05	0.4937108727199974	0.00012466254085141977	9.006303249146098
14808	75.00463541712985	7.747892743571688e-05	0.5007300747447603	0.00012443835851674474	9.13640670941492
14966	75.69927463120801	7.742242389773033e-05	0.5045542577369994	0.00012327277236901635	9.434159447067648
15126	76.38129393477104	7.707221284404669e-05	0.49879950579768434	0.00012352789048163392	9.510336036302835
15286	77.07959587741482	7.716490453592032e-05	0.4990579994973859	0.00012372015217793823	9.558208047078429
15445	77.77332681820643	7.723769678644575e-05	0.4966474896943008	0.00012451485713171445	9.451083618712104
15605	78.49720576166817	7.749794642904357e-05	0.4958869514344447	0.000125506505914581	9.496259550974202
15765	79.21479075761376	7.781867939391011e-05	0.49551623654550814	0.00012660178689427237	9.44099647998898
15924	79.94969150487026	7.816996433606296e-05	0.5049396234288853	0.00012532352674955857	9.705557865498623
16085	80.66021396042225	7.778667180336087e-05	0.5021383134601599	0.0001247507553563297	9.850828671962711
16246	81.3887754404974	7.762087112762573e-05	0.49734943395906567	0.0001253762385594016	9.840055112872475
16407	82.12438109770221	7.782743199128343e-05	0.4977948305785954	0.00012589295712305275	9.806137561170743
16568	82.85362610856335	7.799962444455192e-05	0.4961371238157656	0.00012683522231421999	9.741026548344244
16729	83.6240868158402	7.830268449632226e-05	0.49681761711870703	0.00012760865142510288	9.808390880149428
16890	84.3732837323704	7.85530694863545e-05	0.503010740393859	0.0001268077474877268	9.957429475710109
17051	85.10038717862477	7.831762932883927e-05	0.5017573798778034	0.00012632717028192154	10.055209254422397
17213	85.84846217056469	7.818035725594617e-05	0.49867576708177247	0.00012662614926876585	10.129353141106769
17375	86.60936123047226	7.82840923582768e-05	0.4966391214739968	0.00012744645333761828	10.108369318763067
17538	87.3831647781065	7.85485295443598e-05	0.49377586320767763	0.00012901648241665737	9.912706453787289
17699	88.18782118034541	7.90420386489457e-05	0.502442597279253	0.00012835263335708234	10.140317728781433
17861	88.9427580938455	7.884967529348342e-05	0.5024554559304715	0.00012769060842993156	10.406874511876232
18025	89.72692294342536	7.865677359305274e-05	0.4987182349620169	0.00012798334981130874	10.414798008429923
18188	90.52233873756532	7.875778735084218e-05	0.49692260995159676	0.00012874066414517426	10.364807883065678
18351	91.30387177083996	7.900128034451395e-05	0.49531140753269265	0.00012992532152906184	10.45232347214067
18514	92.13329959502622	7.937431069310943e-05	0.4945460870062809	0.00013132236979013806	10.280826252695228
18677	92.94602745464739	7.98107852827963e-05	0.5041553538907542	0.0001302060274738614	10.541780414770688
18841	93.7522141887392	7.948119614801803e-05	0.5011518651183517	0.00012987250416921542	10.600467670753751
19005	94.56245476433746	7.938980241021788e-05	0.5008945038821347	0.0001296072854455357	10.73200686651599
19169	95.3988526361363	7.931888306602944e-05	0.4966632595351876	0.00013044420384129764	10.651520514383565
19333	96.2111516394235	7.958488168820608e-05	0.4940841809293248	0.00013197320008273488	10.524607290456157
19497	97.08574829569339	8.00599109103414e-05	0.4993424226978444	0.0001321133763627097	10.661304530268232
19661	97.92063143273036	8.011260847535305e-05	0.5021212585188841	0.00013152279887299057	10.859864773927299
19826	98.79786940856273	7.994320774610317e-05	0.5014272979690018	0.00013111482229873205	10.991049553132347
19991	99.64773483124694	7.98293486763749e-05	0.4971129080921207	0.0001318443853405785	10.887157659665952
20157	100.55231770171609	8.006082627234747e-05	0.49663023878843493	0.0001327055351988947	10.922700922797432
20322	101.41374810977885	8.033198351439283e-05	0.49468194124896214	0.00013410073393200125	10.803966037076007
20487	102.31610529335035	8.076263210524568e-05	0.5051452038534364	0.00013270305697488577	11.125529880472524
20652	103.21056434262705	8.035027170166567e-05	0.5004535271066646	0.00013255085778184685	11.152638135931575
20818	104.10925257948378	8.031385544718716e-05	0.5002189783661605	0.0001324618296019697	11.196465961553217
20984	105.0209544343598	8.029627422499153e-05	0.4970072782239169	0.00013322819666026028	11.156021453773274
21150	105.95705684337007	8.053766278873559e-05	0.49733967713383176	0.00013390950197638958	11.161788457025168
21317	106.88886226342137	8.075277776921754e-05	0.49384323698512245	0.0001355480807080988	10.986020468052184
21482	107.832432727835	8.125459260216109e-05	0.5038254797442829	0.00013448849897229097	11.311481815522164
21648	108.78535116377809	8.094552716296384e-05	0.5022500201520944	0.00013385524016289272	11.419563076659312
21816	109.70690568242155	8.07640104906605e-05	0.5004012464051845	0.00013371877280985898	11.257846498492356
21982	110.6829247098142	8.073162371309693e-05	0.4960679555298327	0.00013474834006154497	11.328306250348941
22149	111.65033880929066	8.10509486868273e-05	0.49851095632215386	0.0001351212942835569	11.444082982757672
22316	112.63376777676771	8.117190732574664e-05	0.49544353585116147	0.0001363343453031331	11.442314537158577
22483	113.6421718969866	8.154431142200153e-05	0.5031962540632509	0.00013543891616463535	11.615364931592538
22650	114.65743351412719	8.128491805555202e-05	0.5013835642972687	0.0001350353530223462	11.671548455197305
22818	115.66796916258873	8.117268800762013e-05	0.499981998622556	0.00013501133754814006	11.778403663545967
22986	116.67781070157001	8.117414926727224e-05	0.49627069362098103	0.00013599730337409855	11.649046502880617
23154	117.71855855938155	8.147857655633137e-05	0.4985834953552524	0.0001363549198151633	11.553111461585692
23322	118.76839390878368	8.159423714721729e-05	0.49524557606521685	0.00013763521346229067	11.628805645928137
23489	119.82608304355058	8.198495944903164e-05	0.505185130541837	0.00013619459994882363	11.870017902017887
23658	120.8786757040093	8.156313473548562e-05	0.500581242119321	0.00013600839672292411	11.85294192605277
23827	121.9363421727628	8.151576809942111e-05	0.49961473086607194	0.00013608579899984787	12.005525249257836
23996	123.03818862856649	8.154719176982021e-05	0.4961772582475449	0.00013710604258868853	11.958762780589426
24165	124.15216969669939	8.186072460703695e-05	0.49399607614497726	0.00013874433131109615	11.819479159739535
24335	125.25643954512704	8.235668118911252e-05	0.5051106255839631	0.00013731360643795123	11.62399423510734
24502	126.35946661253628	8.193898633667602e-05	0.5014098657558375	0.00013690043840701763	12.194250691582132
24672	127.4851966454589	8.182370710093701e-05	0.4993305315040509	0.00013705710296884992	12.15997384772507
24842	128.61988464257652	8.18785405651261e-05	0.49777779497693236	0.00013764230426126662	12.118594963012079
25011	129.79525371765988	8.206110022261422e-05	0.494340447304198	0.0001391907042199412	11.890459991466333
25184	130.9811947510186	8.252950959713751e-05	0.5027223952606552	0.0001384103249390709	12.26707215394339
25357	132.1765950281705	8.230574500137921e-05	0.5039626130602133	0.00013729533647082717	12.432463058818183
25528	133.35863101818697	8.19815250508901e-05	0.49875852291347017	0.00013761098390819584	12.387219281711548
25698	134.54921704508294	8.208349316170808e-05	0.49927064059163756	0.0001377863964103707	12.452215210699501
25870	135.79577293665957	8.214342710777451e-05	0.49740609031254057	0.00013847848418399974	12.440593680044223
26043	137.02193137273946	8.23573323762774e-05	0.4957742028724948	0.00013963322653712764	12.369181517024733
26214	138.29949620618834	8.270757943464656e-05	0.5035002821491622	0.0001386365758739292	12.525741889622843
26385	139.5361223605818	8.241959075417382e-05	0.50127731694831	0.00013825832230351988	12.474127422660018
26556	140.78719635351248	8.231451609169787e-05	0.499364108346004	0.00013840962877621332	12.705870159539208
26728	142.06651906157782	8.236690918527946e-05	0.497246343158815	0.00013915119489180296	12.565294333401956
26902	143.39622583565477	8.259466054480999e-05	0.4952555729367884	0.000140458616099007	12.475678988828474
27072	144.6857175733964	8.29893358816949e-05	0.5032729382254144	0.00013952113842151325	12.799510857902959
27245	145.98884008960079	8.271904316752749e-05	0.5023555965176448	0.00013884277810920676	12.920836442006525
27417	147.3298934736402	8.25248762770583e-05	0.5011154459852639	0.00013850943882755043	13.031315773100136
27590	148.70043609866272	8.243297796797696e-05	0.49922380901682206	0.0001387004422616663	13.044598274712863
27766	150.0765954479708	8.249703629409075e-05	0.4988818881723752	0.00013898728471961735	13.035470854530937
27941	151.48091192003835	8.258943219845548e-05	0.49386513593853454	0.00014068958084357562	12.387595438731013
28111	152.84794470658815	8.310081790201486e-05	0.5043096662395776	0.00013946442492337958	13.185768490934045
28285	154.24322247818372	8.274497978273279e-05	0.5021537861836621	0.00013884309713884792	13.102806397034119
28458	155.6790671293904	8.256733848500052e-05	0.498707145368404	0.00013917962313158584	13.310155285627959
28634	157.12528295695452	8.267429351168281e-05	0.500566033517411	0.00013899929414870328	13.414403557204809
28809	158.5927598451533	8.262753678559509e-05	0.49570071382914077	0.0001401816277174539	13.245559219181764
28983	160.06417491003148	8.298508366571878e-05	0.5003643994494326	0.0001400569993087545	13.433630193891426
29158	161.53951680573218	8.2954860465893e-05	0.5029555827148893	0.00013921170571559938	13.406086416656711
29333	163.03151572997953	8.271076216176802e-05	0.5008105616435	0.0001389642030972096	13.708545248828681
29508	164.55569505537258	8.264380139321138e-05	0.4995616361841596	0.00013906397186821279	13.59994642608546
29684	166.08987692431418	8.2680053284364e-05	0.4986527825237475	0.0001394177728074186	13.606754231559403
29862	167.6675299894377	8.279166689951845e-05	0.4965052312649759	0.0001403768444099769	13.834468677356249
30041	169.27537581824743	8.30825302700654e-05	0.5034208403475753	0.0001394009537895043	13.75069645247615
30217	170.82967483498777	8.279976829926376e-05	0.4995968021482862	0.00013949226345394785	14.167552830609063
30395	172.44445385298334	8.283317319249439e-05	0.4986618435630194	0.0001398451006955092	14.021773518849757
30572	174.05702511207792	8.294423992317575e-05	0.49900699814900534	0.00014010217748092722	14.495809711506995
30753	175.69594818255996	8.302672659142445e-05	0.49308598439897283	0.00014204521948931527	14.29393842580333
30931	177.29755384355582	8.360679758494915e-05	0.49143675378754315	0.0001444991298326377	14.424727469688468
31110	178.9750305561288	8.433207265221079e-05	0.5149686995057061	0.00014027784017539138	19.69052462445942
31311	180.9529496775484	8.3097385543146e-05	0.5225423700517091	0.00013420488497195736	15.156105863127461
31492	182.60777493173705	8.128522398413905e-05	0.4938765332728711	0.0001358488994464164	14.901560582719416
31672	184.32102836949304	8.17875904232239e-05	0.49753538916308654	0.00013650252290082004	14.79339078513711
31856	186.12285140106053	8.198991328357964e-05	0.4967826089939602	0.0001373664918163116	14.175850522715802
32036	187.8671101468794	8.225498684932395e-05	0.5009555463680414	0.0001370853238657531	14.640573237906947
32216	189.64896339026623	8.217650087297258e-05	0.5003660453169783	0.0001369658011188305	14.66036772521462
32395	191.40057014027974	8.214643705573494e-05	0.49888560637387835	0.0001372530981677757	15.033000419655037
32576	193.20990062530402	8.223813382954957e-05	0.49594717551117196	0.0001383557049832816	15.090505203385208
32757	195.0670056297876	8.257347052603065e-05	0.49416005744083547	0.0001399715029952159	14.735061532776063
32941	196.9992398890196	8.305996063457742e-05	0.5010673736727185	0.00013965369723330508	15.211898076846273
33126	198.9393959290485	8.297144631094319e-05	0.4992707523103002	0.0001398381369787717	15.303019971106831
33311	200.94195789517678	8.303201931361898e-05	0.4933607071591745	0.00014169993832029463	15.235880983707009
33497	203.03762863914605	8.358884477326625e-05	0.4880278910959766	0.00014515498693862288	14.415330464874474
33678	204.56960587788578	8.460791715444249e-05	0.36251715030749426	0.0002001761599049729	12.144981448650874
33851	207.84289687204884	9.936460886692997e-05	0.6871780226560907	0.00014563054147388263	15.339891170875916
34033	209.38352554058042	8.475827293752188e-05	0.4515388029078551	0.0001612363695463935	11.884204217032211
34203	211.9632074157341	8.919069792556198e-05	1.5254972153249242	5.2839770978040985e-05	47.012793904229675
34581	214.95719324089504	5.106212152741271e-05	0.5095488971773648	5.18378347507792e-05	24.701999108544495
34803	217.14165985693745	5.058140913449976e-05	0.4856711922972709	5.336004810691888e-05	22.751201610988666
35015	219.33641165573601	5.1322139672960895e-05	0.49130497299567055	5.4297466595009e-05	22.838191402215024
35228	221.16819686390076	5.177429291148316e-05	0.08995562392029674	0.0003017648602868566	5.345400536217729
35378	27144.398882349054	0.00012206327512665553	-53834.271941395054	-2.8024865074656823e-09	-2287870.701562554
35525	224.27296592966948	nan	-0.27685988877543066	nan	-83.5036598281784
35672	225.28491108983158	nan	-0.001372136892542235	nan	-83.5036598281784
35819	226.66526586034885	nan	0.00010063330683901918	nan	-83.5036598281784
35966	228.04086762731262	nan	-0.0009321680570559027	nan	-83.5036598281784
36113	229.398914239752	nan	-0.00040722114475302135	nan	-83.5036598281784
36262	230.7155687883305	nan	-0.0033098630675415654	nan	-83.5036598281784
36410	232.04571107100898	nan	-0.003334077861863752	nan	-83.5036598281784
36557	233.33446184529967	nan	-0.0010642936464820832	nan	-83.5036598281784
36704	234.5744346202127	nan	0.0016129386638295922	nan	-83.5036598281784
36851	235.81287274583713	nan	0.0009565696336782442	nan	-83.5036598281784
36999	237.0369912274444	nan	-0.0001299076835423981	nan	-83.5036598281784
37146	238.25056033621328	nan	-0.002196518933611444	nan	-83.5036598281784
37293	239.42139245507244	nan	-0.0019940522007220675	nan	-83.5036598281784
37439	240.58346743749217	nan	-0.0007384480582186871	nan	-83.5036598281784
37586	241.73842174245434	nan	0.0003308191118978585	nan	-83.5036598281784
37733	242.8658993219818	nan	0.00046782835455546365	nan	-83.5036598281784
37883	243.99325937674928	nan	-0.0003878586034953705	nan	-83.5036598281784
38030	245.0797772617238	nan	-0.001434411891580438	nan	-83.5036598281784
38180	246.16051312665797	nan	-0.002522175267850599	nan	-83.5036598281784
38329	247.21381312219177	nan	-0.0006457497033295898	nan	-83.5036598281784
38475	248.2391488163839	nan	9.491563921523543e-05	nan	-83.5036598281784
38625	249.24741288965527	nan	-0.00013063672493757636	nan	-83.5036598281784
38771	250.28381233743175	nan	0.00011604483519028915	nan	-83.5036598281784
38918	251.23750222612588	nan	8.898848762879074e-05	nan	-83.5036598281784
39066	252.15164812552004	nan	-0.002288794265463648	nan	-83.5036598281784
39216	253.14174921275756	nan	-0.0003456261366572325	nan	-83.5036598281784
39363	254.07722465729034	nan	0.00100113855296636	nan	-83.5036598281784
39512	254.95507931369502	nan	0.0003416625192994242	nan	-83.5036598281784
39659	255.85519571245948	nan	0.0006420660225888549	nan	-83.5036598281784
39806	256.7169776374662	nan	-0.0014053822225729778	nan	-83.5036598281784
39955	257.57930346422074	nan	-0.0034697707457071424	nan	-83.5036598281784
40101	258.4083657166929	nan	-0.00032221888757185725	nan	-83.5036598281784
40251	259.2666640828088	nan	0.0002743689175361045	nan	-83.5036598281784
40404	260.05926967341486	nan	0.0003658220199533507	nan	-83.5036598281784
40551	260.85178198219756	nan	0.0006666596244294879	nan	-83.5036598281784
40698	261.6226476935792	nan	0.00014067203767417508	nan	-83.5036598281784
40845	262.3809202906542	nan	-0.003251346749295604	nan	-83.5036598281784
40997	263.16361121200265	nan	-0.0011681498799087143	nan	-83.5036598281784
41144	263.86298581820773	nan	0.000764248664562549	nan	-83.5036598281784
41294	264.6259014269914	nan	0.000989343457970034	nan	-83.5036598281784
41451	265.3511810248664	nan	-0.00010459964972704306	nan	-83.5036598281784
41601	266.0490413429783	nan	0.00044823194228963786	nan	-83.5036598281784
41749	266.7148027268138	nan	-0.0026331211452724373	nan	-83.5036598281784
41899	267.4028447109916	nan	-0.002114751928854826	nan	-83.5036598281784
42049	268.03634320080215	nan	-0.00031766693428904747	nan	-83.5036598281784
42196	268.6926578722834	nan	0.0007232143565738101	nan	-83.5036598281784
42344	269.2914052283976	nan	0.0006528943039665265	nan	-83.5036598281784
42491	269.90416609577863	nan	9.846745933771205e-05	nan	-83.5036598281784
42641	270.5204541155435	nan	-0.0009944035186719327	nan	-83.5036598281784
42790	271.0885087774576	nan	-0.003136893194062094	nan	-83.5036598281784
42943	271.6670974735487	nan	-0.0004406867756992084	nan	-83.5036598281784
43096	272.2502640835358	nan	0.0008042272145287795	nan	-83.5036598281784
43244	272.78982410079027	nan	0.000207030755769948	nan	-83.5036598281784
43393	273.34450254687744	nan	0.00034099700979338995	nan	-83.5036598281784
43542	273.86659313262146	nan	0.00013845269859309576	nan	-83.5036598281784
43692	274.3874649112192	nan	-0.002549006798157432	nan	-83.5036598281784
43845	274.9146539330694	nan	-1.1883287442281573e-05	nan	-83.5036598281784
43997	275.36739458109616	nan	0.0008605110011574097	nan	-83.5036598281784
44144	275.8813317103733	nan	0.0004913558962129484	nan	-83.5036598281784
44292	276.3203307927632	nan	0.0006298547517618401	nan	-83.5036598281784
44442	276.809153285361	nan	0.00011984296797669619	nan	-83.5036598281784
44589	277.24446392787337	nan	-0.0005526659010738554	nan	-83.5036598281784
44747	277.72157979960394	nan	-0.0033341921795178105	nan	-83.5036598281784
44894	278.13094768811703	nan	-0.00030671726491988006	nan	-83.5036598281784
45046	278.5911366742636	nan	0.0006923220690498169	nan	-83.5036598281784
45197	278.9584112733259	nan	0.0009374693694335361	nan	-83.5036598281784
45344	279.38522965769766	nan	0.0008420951708475092	nan	-83.5036598281784
45495	279.7722362935127	nan	0.00010153569371894127	nan	-83.5036598281784
45648	280.16277462387876	nan	-0.001971118094257973	nan	-83.5036598281784
45803	280.5661767029213	nan	-0.0017660987929059887	nan	-83.5036598281784
45954	280.9182889166205	nan	-0.00022011674697863755	nan	-83.5036598281784
46104	281.22429635509883	nan	0.001344426739803969	nan	-83.5036598281784
46254	281.6402744553467	nan	0.0011347545469448867	nan	-83.5036598281784
46412	281.9700203053946	nan	0.00011527368551448387	nan	-83.5036598281784
46559	282.3131054176195	nan	-0.0018356141839774734	nan	-83.5036598281784
46707	282.61033035928523	nan	-0.0023131073343362722	nan	-83.5036598281784
46859	282.97085557668765	nan	0.000600777270176973	nan	-83.5036598281784
47006	283.27568946295344	nan	0.0013456337892446626	nan	-83.5036598281784
47159	283.55580014038344	nan	0.00062466405593601	nan	-83.5036598281784
47308	283.8510668054745	nan	0.0002403247812162656	nan	-83.5036598281784
47458	284.14621250305424	nan	-0.000631603720045042	nan	-83.5036598281784
47609	284.43424525987564	nan	-0.0023135061441853263	nan	-83.5036598281784
47765	284.71034754108024	nan	-0.00010805222979004989	nan	-83.5036598281784
47914	284.97566373258127	nan	0.0009622053090915757	nan	-83.5036598281784
48067	285.2529961061234	nan	0.0010363275277105025	nan	-83.5036598281784
48218	285.4913992362434	nan	0.00013386201556151334	nan	-83.5036598281784
48366	285.7390080901057	nan	-1.5469422248827236e-05	nan	-83.5036598281784
48515	286.0004774469899	nan	-0.0031147665949844182	nan	-83.5036598281784
48673	286.2592944688556	nan	-0.00019330381776467426	nan	-83.5036598281784
48834	286.50013712572445	nan	0.0013371985818317483	nan	-83.5036598281784
48990	286.6959205357463	nan	0.0010939742640184006	nan	-83.5036598281784
49138	286.96028162751463	nan	0.0003311356447709926	nan	-83.5036598281784
49292	287.17142180667713	nan	-0.001692956502747927	nan	-83.5036598281784
49449	287.35894124675383	nan	-0.0025309489931954	nan	-83.5036598281784
49597	287.5806493726499	nan	-0.000267393847111838	nan	-83.5036598281784
49753	287.7833753187034	nan	0.0009586013221578079	nan	-83.5036598281784
49901	287.9719561048794	nan	0.0012016982994104625	nan	-83.5036598281784
50050	288.17159635047557	nan	0.0008082620507722269	nan	-83.5036598281784
50207	288.38468631397643	nan	-0.000484188685409579	nan	-83.5036598281784
50359	288.53947879721477	nan	-0.002514979928682754	nan	-83.5036598281784
50518	288.7160062538227	nan	-0.0017314414046575835	nan	-83.5036598281784
50666	288.86449845709467	nan	0.0012845597999636836	nan	-83.5036598281784
50818	289.0563700020139	nan	0.0011763988159427432	nan	-83.5036598281784
50971	289.2171478083541	nan	0.0006769569091296697	nan	-83.5036598281784
51137	289.3900135027458	nan	-0.002024784627574066	nan	-83.5036598281784
51296	289.54328315796835	nan	-0.003011923979211442	nan	-83.5036598281784
51448	289.7120595075097	nan	0.00018140542243980383	nan	-83.5036598281784
51609	289.8552553108963	nan	0.001388290406257491	nan	-83.5036598281784
51767	290.00395214072586	nan	0.0008999205924025608	nan	-83.5036598281784
51922	290.14370326923546	nan	0.00011748767631963245	nan	-83.5036598281784
52071	290.31963860483177	nan	-0.0015381365059526965	nan	-83.5036598281784
52235	290.4374161429707	nan	-0.0016667783670303148	nan	-83.5036598281784
52392	290.55649103967534	nan	0.0008127370451504079	nan	-83.5036598281784
52550	290.6861133437865	nan	0.0018737905771202255	nan	-83.5036598281784
