时间秒	晶中温度K	设定电流	电压差V	κ	时间常数
118	285.7119840310712	4e-05	0.31472753596647707	5.133638570673315e-05	13.493711510553021
283	284.31970855686376	7.13005074092502e-05	1.1681040135507292	4.3951857670561945e-05	14.715268618280318
454	282.17419918484455	6.597081698612225e-05	1.0395233789655598	4.228374863383104e-05	14.937183181674332
625	280.3067977897316	6.470453669872204e-05	1.0310362393546162	4.101361572631872e-05	15.116024085522703
796	278.57486475155304	6.372322787777766e-05	1.0270896709294741	3.993434221556802e-05	15.309806558447157
969	276.9302863452398	6.287725676597942e-05	1.0233102288978984	3.902698615567159e-05	15.45657801275965
1142	275.3576703559848	6.215698326743963e-05	1.0174629996530107	3.835935592492502e-05	15.603045434375941
1315	273.82831551740287	6.162126588076861e-05	1.0112485845924826	3.793480674801954e-05	15.647736983094862
1489	272.32022259094117	6.127758659622608e-05	1.0111908605259181	3.751710019897656e-05	15.736938357568476
1663	270.9982151551477	6.093756335162904e-05	1.0246578495300838	3.661612113164875e-05	15.846319707129474
1837	269.6624029752932	6.0199883229871894e-05	1.0147878136840676	3.60843673405874e-05	15.932719341038068
2011	268.3887847851171	5.975964752127131e-05	1.0151485661169275	3.5547645004516754e-05	16.058859549199997
2186	267.1625415413339	5.931208956058094e-05	1.0213246575125654	3.4807101460300584e-05	16.23675421423194
2362	265.9280024936318	5.8689622480261015e-05	1.004199489386197	3.466319899836618e-05	16.121878734683367
2537	264.74571941407646	5.8566776041034685e-05	1.0001291698956307	3.466034141542322e-05	16.10887866337813
2713	263.60317472529357	5.8562993875262884e-05	1.0142782837845694	3.417399919820554e-05	16.244864141088936
2889	262.4184003780292	5.814932893782253e-05	1.0057729206033692	3.397946084333422e-05	16.28010561187399
3064	261.3485476890712	5.798220644981416e-05	1.0114492513455062	3.3596296076687386e-05	16.378297887712087
3240	260.2820999701582	5.7653103329504124e-05	1.0098696821687378	3.3269405888875925e-05	16.411868775544864
3417	259.2448465463591	5.7370683262788106e-05	1.0115245105049648	3.289177432617715e-05	16.492537765752793
3593	258.17622360033033	5.7042928942806785e-05	0.995441275957794	3.304385608808023e-05	16.290282781941904
3769	257.2176631719546	5.717339667324446e-05	1.010450029793902	3.270345632601345e-05	16.51393237849953
3946	256.1627686209118	5.687698593712608e-05	1.0048000324949924	3.254867543545943e-05	16.533169004720918
4123	255.027055540268	5.674096971309243e-05	0.9769397540079888	3.331855004952232e-05	16.387616623662733
4299	254.0872284392438	5.740673702759922e-05	1.0373724615432376	3.211959735692358e-05	16.540137637042072
4476	253.06757837786162	5.636318221826068e-05	0.9948812777763095	3.22862242140524e-05	16.501852603605094
4652	252.07272925181863	5.650799212397892e-05	1.006299472423138	3.208552393847062e-05	16.51605065733839
4829	251.08436181419168	5.633084337470106e-05	1.008816257478837	3.180651175303087e-05	16.59326223107194
5006	250.09572998240793	5.608415969214034e-05	0.9961132599143718	3.1932002936756624e-05	16.551247242650707
5183	249.08897352924294	5.619347071903441e-05	1.0011362171929215	3.1897208341817224e-05	16.145123316163918
5358	248.09188696823983	5.616157390396403e-05	1.000917277321649	3.186941144283936e-05	16.740248850177558
5536	247.13825143520748	5.613583374171625e-05	0.9941706890106403	3.2057659205610354e-05	16.45142832586489
5712	246.16191658539856	5.63001691797986e-05	1.007440689500724	3.1822334587429094e-05	16.40863525215571
5889	244.9539542937884	5.609187481314657e-05	0.9636992136820549	3.302280297355364e-05	15.591158820663587
6062	243.86851161296988	5.713854850685203e-05	0.984357451283929	3.3549305862579486e-05	15.79154849073011
6236	242.86443914722963	5.759075701160432e-05	1.029697342974585	3.258332680509096e-05	16.201589702518493
6411	241.90400040408167	5.675419802487523e-05	1.0291144603008862	3.1662962836688365e-05	16.35914124739158
6587	240.91002148921677	5.594562769463944e-05	0.9955241115961939	3.180678287626674e-05	16.362476290794373
6764	240.0458589080756	5.607125275823247e-05	1.0180944356223174	3.124282284405004e-05	16.488528839851774
6940	239.12927574234715	5.5570746060981614e-05	1.009868906922823	3.093886996878084e-05	16.544362780483077
7117	238.23333264609238	5.5298547875842104e-05	1.0035398075269617	3.083108228507888e-05	16.554876446825038
7294	237.36197129213065	5.5200933842698136e-05	1.0166624707683958	3.0327103742242887e-05	16.773559620629168
7471	236.43150870775193	5.4746710415990765e-05	0.9920372740557044	3.0571905597112134e-05	16.503071296800158
7648	235.58282741653397	5.496598734569107e-05	1.00464444333368	3.043188568075482e-05	16.587882112624374
7825	234.72503303996297	5.483878704877434e-05	1.0099867355853405	3.0132288167116138e-05	16.649967707839775
8002	233.89068168793716	5.4566990897145484e-05	1.0081704775404923	2.9889353133661396e-05	16.7516189585167
8179	233.04236388286958	5.434542849267778e-05	1.0074495481898857	2.966962496182372e-05	16.745490319701272
8357	232.21345347954252	5.4144128050837236e-05	1.0088716454996176	2.940998050654684e-05	16.853602599155817
8535	231.3927447924807	5.390554062469443e-05	1.0014997858895014	2.936717834512186e-05	16.710922646318078
8712	230.59000946224648	5.386516265315869e-05	1.001718283007256	2.9318034907470285e-05	16.903029729606683
8890	229.7776570844588	5.381894440981892e-05	1.0073934557393711	2.9104118025970912e-05	16.853416660443727
9068	228.9703430843718	5.362108688277098e-05	1.0014846103408948	2.9062209074078224e-05	16.90125029300317
9247	228.12131200320945	5.358132793716632e-05	0.9625327601496073	3.0194781700636532e-05	16.996726558996716
9425	227.3940748531919	5.4614217162336944e-05	1.0165115539550489	2.9705565409270033e-05	16.982577113855246
9603	226.61451521753366	5.416884221308457e-05	1.020734218365593	2.910339029297294e-05	16.792364569979174
9781	225.8039003897636	5.361585256136086e-05	0.9902473863660447	2.9391270108227513e-05	16.89151552923767
9958	225.018090633324	5.387922793070796e-05	1.005545245583612	2.923047295144372e-05	17.073572409600978
10137	224.23277693489894	5.3730459587967207e-05	0.9991792625295753	2.9255743380697084e-05	16.929936147805506
10315	223.4624376341143	5.375252247051575e-05	1.0163774849041896	2.878559084854064e-05	17.01934478556685
10494	222.69613405744204	5.331769076474983e-05	1.009691356284552	2.851051144091505e-05	17.121061431348558
10673	221.9113835752837	5.306119325415886e-05	1.0052879260135483	2.8361792563527443e-05	16.884722909585257
10851	221.1231987051742	5.2921455371221996e-05	0.9998556171461479	2.8367150621897368e-05	17.068767356191778
11029	220.3454088541817	5.2925276260358386e-05	1.0071716902073842	2.8166425104777573e-05	17.121449457779832
11208	219.56579567717756	5.273650914742099e-05	1.0030617044055867	2.8081706938608433e-05	17.18579994130233
11387	218.80526734903782	5.265596225718308e-05	1.0026201998505004	2.800955589162331e-05	17.075599330484113
11566	218.0514597805973	5.258711295466116e-05	1.0172622037492496	2.753549138267551e-05	17.28357979969137
11745	217.27357857282206	5.213902123933311e-05	0.9984440938185092	2.7579633616797303e-05	17.234101173625152
11924	216.27311194442066	5.217963034617402e-05	0.7828208918938605	3.523273041898571e-05	18.614093181195358
12109	215.8637634217998	5.8975250511933094e-05	1.177891962702713	2.9913120128034368e-05	18.382717047630205
12292	215.05659333172636	5.433967856777884e-05	1.1249557263296446	2.6591693501839014e-05	18.22585549907557
12475	214.15781901630587	5.123294840058089e-05	1.0115594033386197	2.628907335097829e-05	18.087883488555967
12657	213.39193292084622	5.093937991301093e-05	1.0158554620011435	2.5879970622441024e-05	18.234273954328785
12840	212.58867672048183	5.0540285855786416e-05	0.9905964941800075	2.612689322449661e-05	17.824904779030426
13021	211.77711842335174	5.077960293541422e-05	1.0101369560726747	2.5866035828468745e-05	18.094874842506528
13204	211.06555241621834	5.052416800054331e-05	1.0011150141056238	2.5838359854082648e-05	18.07553219746641
13386	210.2860277007157	5.0496023954116454e-05	1.005511251207305	2.5698004796521494e-05	18.160056788741183
13568	209.51239713888253	5.0357448349008973e-05	1.0064060432889184	2.5535682409101126e-05	18.186403273399215
13751	208.7220181620868	5.019692318991857e-05	1.0035422574280977	2.5446826055279633e-05	18.237215020700965
13934	207.9524281351487	5.010825347669868e-05	0.9843275737233789	2.585323608224116e-05	17.943746349142483
14116	207.2084777594702	5.05055889875479e-05	1.0148105944422847	2.5477199720805263e-05	18.154414713327995
14298	206.4436490961582	5.013568394094416e-05	1.0041548608659958	2.5373031341976444e-05	18.124124702902666
14481	205.6679843045336	5.00318539828253e-05	1.0009114126161769	2.53512135042321e-05	18.129893197583115
14663	204.89868769210022	5.0009069724572926e-05	1.0056628135527204	2.520975425843784e-05	18.211946740298007
14846	204.14496340544088	4.9868072255666576e-05	1.0113147980007813	2.4928964720386857e-05	18.213369498278226
15029	203.34034336612424	4.9588320449052026e-05	0.9784934576288536	2.5478205565463942e-05	17.87779711377205
15211	202.61065424936467	5.013031527131827e-05	1.0167262767699066	2.5060363543551922e-05	18.054569237619845
15393	201.81464007664502	4.971625558498216e-05	1.0007589409139388	2.5042691155454495e-05	18.07012002657079
15575	201.08001197852647	4.969740046651863e-05	1.0050494022795384	2.491814128482759e-05	18.0872852108829
15757	200.3255572953483	4.957240255777478e-05	1.0017181797913353	2.4876694627878817e-05	18.077564050813034
15940	199.57984832017124	4.952987020845987e-05	1.0033623378051844	2.4794623701053044e-05	18.093321929727217
16122	198.6837212844684	4.944681152583812e-05	0.8664999591483372	2.8616212465930312e-05	19.577128229007954
16309	198.24904419756828	5.311950495356133e-05	1.2079647576415067	2.3690911091162982e-05	19.373298180304662
16496	197.28187719283545	4.833112307634074e-05	1.0179979267857648	2.3273353440377303e-05	19.13315311621721
16682	196.50382977049205	4.790197725940034e-05	1.007860470476485	2.309311654942796e-05	18.996113274829252
16867	195.7290480262041	4.77148138945322e-05	1.0020202348683098	2.3047842133045574e-05	18.91819992360669
17053	194.96801305913894	4.7666689234224e-05	1.000719837887271	2.3032542098256962e-05	18.903283110136726
17238	194.21975023866818	4.76495423464677e-05	1.0030803795293697	2.296308037717527e-05	18.99841056165747
17424	193.46295197841357	4.7576322125250464e-05	1.0029829033397977	2.289607327476155e-05	18.681768412585896
17608	192.70364115951114	4.7505522691755634e-05	1.0012975210161625	2.2867699530454277e-05	18.646102081191025
17792	191.94786704732445	4.747473294423815e-05	1.0040061853005702	2.277775528462489e-05	18.689535153096553
17977	191.2187039022455	4.737992143504422e-05	1.004419750928769	2.26787833198626e-05	18.536120734013277
18161	190.43513772421556	4.727556350906217e-05	0.9810150391762767	2.31190170011264e-05	18.070275274722825
18343	189.7270347910339	4.773081847181204e-05	1.019045428492921	2.268824103484741e-05	18.366508269396952
18526	188.96780246452425	4.7282682666715426e-05	1.0018331069180226	2.2648034275115316e-05	18.269821241422253
18709	188.2354908635081	4.7239405050658216e-05	1.002602304139752	2.259054833714308e-05	18.28061656508842
18892	187.48804779104196	4.717805910567089e-05	0.9986550696010572	2.2622300786248123e-05	18.07891632145596
19074	186.75995358440738	4.7209816746052715e-05	1.0050953741287325	2.2508932599295463e-05	18.112734673109607
19257	186.02912819432518	4.7089998601391115e-05	0.9999400759525321	2.2511592498987158e-05	18.00243625268397
19439	185.29179632988792	4.7091409576460665e-05	0.9937126497899941	2.2655365969428887e-05	17.95327150922658
19621	184.5997854644162	4.724015143115657e-05	1.0098516888765765	2.2435644761762035e-05	17.945207868780066
19802	183.88124926419886	4.70091591477115e-05	1.000250713315964	2.2431327437369274e-05	17.848821284812924
19984	183.12731415302747	4.70032673444682e-05	1.0025229568493157	2.237627754055306e-05	17.83244430660862
20165	182.39847332928323	4.694408569786552e-05	1.002250128520616	2.2327398818300706e-05	17.819720660481707
20347	181.6874589609971	4.6891359548607144e-05	1.0109900505707783	2.2086024360346803e-05	17.88495323994955
20528	180.95042108200298	4.663579492464338e-05	0.9804168948980558	2.2528525929758113e-05	17.195318366413062
20707	180.26649147965463	4.7099249895453544e-05	1.0125787023753463	2.2250028197786647e-05	17.65487624426454
20888	179.54554592203152	4.680579178001208e-05	1.0035682902379017	2.2172275630644174e-05	17.650908620150773
21069	178.84052828877412	4.672250627903913e-05	1.0018538797590881	2.213259835378956e-05	17.659116721681624
21250	178.11736760237113	4.6679257449013346e-05	1.000276104674901	2.212788641354684e-05	17.722488530331116
21431	177.39906514734278	4.6672814602556385e-05	1.008131796913111	2.1950804615795986e-05	17.765871474359642
21612	176.67957046967635	4.6484197249825886e-05	1.0015726198816486	2.1917728315858327e-05	17.891983286464995
21793	175.9605004733175	4.6447689317623493e-05	0.9867854615653223	2.2212642151898133e-05	18.0065541702661
21976	175.275276243483	4.6757657172596465e-05	1.0060169507240493	2.208119493169647e-05	19.35999505341514
22162	174.55200440498604	4.6617619546709804e-05	1.0003246727921418	2.207547133248033e-05	20.236028236136445
22352	173.8660878937004	4.6610053652639314e-05	1.0060331235591966	2.1944479949368082e-05	19.026356154556346
22538	173.1572674546807	4.647008456687706e-05	1.0061334036173128	2.181213775444566e-05	18.7096626704677
22723	172.43000192625126	4.632822689474509e-05	0.99619899552643	2.1896828402829595e-05	18.07440047520684
22905	171.71988624409354	4.641652559127382e-05	0.9862310151733472	2.2203997950343724e-05	17.597874439518517
23086	171.06958325569434	4.673941808852235e-05	1.0191530048828294	2.1788129237799006e-05	17.737117905341986
23267	170.36139543977572	4.629814667085882e-05	0.9984179449254533	2.1824088771077796e-05	17.38831408218085
23446	169.66095879233555	4.633481329200107e-05	1.0019906277214519	2.1782210073916798e-05	17.25034515032927
23626	168.97872948611982	4.628876434843184e-05	1.0028225109298172	2.172234499757284e-05	17.225237805856686
23805	168.30761850775093	4.6223577038291045e-05	1.0105645843201156	2.149668663128804e-05	17.162182546076338
23984	167.6062042264773	4.598132836114905e-05	0.9878970918352018	2.1761505646236142e-05	16.69873125306229
24161	166.96259430115154	4.6262133766353685e-05	1.002622170402731	2.1706015466923476e-05	16.8268881611052
24339	166.29620852290876	4.620159919038926e-05	1.0026693664387636	2.1649676555864723e-05	16.7699955475491
24517	165.63163659216013	4.6140057871119845e-05	1.0044269077185382	2.1555711052469047e-05	16.771812845250025
24694	164.9730511184314	4.603826682224009e-05	1.0000885373935313	2.155524095540823e-05	16.613151804144014
24871	164.27826825675734	4.603622890348954e-05	1.0108727334419159	2.1324944472941836e-05	16.586735097409175
25048	163.60730692202003	4.5787981601500536e-05	0.9976168104656378	2.137734501291805e-05	16.596169267722328
25225	162.94297116218596	4.584264003625944e-05	0.9868909327355778	2.166278431085536e-05	16.337536342270248
25401	162.3097169844052	4.614610404058883e-05	1.0070556970769156	2.151249005270371e-05	16.210015200028863
25577	161.66627707395568	4.5984164022582394e-05	1.0052393343886872	2.140182463177004e-05	16.297549769070084
25752	161.01080298848441	4.586417211958268e-05	0.9989108991921699	2.142664766273979e-05	16.281332925433627
25928	160.36562699976218	4.588916789207668e-05	1.0026036965689806	2.1372500516410908e-05	16.124885448886783
26104	159.7418792881806	4.5829543565091265e-05	1.0084994596806294	2.1193828248749674e-05	16.388996160230793
26280	159.08454134251147	4.563601319381971e-05	0.9957097180116256	2.12866518067244e-05	15.932368629486435
26454	158.43145101571574	4.573422500703964e-05	0.9942758655678599	2.1410743162838753e-05	16.271428916591912
26630	157.80964393102624	4.5865684070079176e-05	1.008792539254517	2.12256342358056e-05	15.956454178728626
26805	157.16166180192465	4.566536616985581e-05	0.9967880042607861	2.1295551956382105e-05	15.808281435826611
26979	156.53196342908743	4.573888179703005e-05	1.0026801558347953	2.124015791327184e-05	15.870322306451133
27153	155.89884716979878	4.567771106446325e-05	1.004727057231166	2.1141759902756432e-05	16.21855670041895
27329	155.27139284035127	4.5570131737606595e-05	1.0047383853349001	2.1043574207597708e-05	15.932193023466287
27504	154.61159011279415	4.546254948963851e-05	0.9935391506568135	2.118201190558072e-05	15.725236817629108
27678	154.00448743312674	4.5610128330906996e-05	1.0021936719497508	2.1137169872746577e-05	15.692735906713601
27851	153.3812428551017	4.556018365800095e-05	1.0014459465736767	2.110820036078116e-05	15.567997162048329
28024	152.74753691218527	4.552728054008929e-05	1.0003234840295063	2.110296159973383e-05	15.542845342988132
28197	152.13172065705274	4.5519918652050266e-05	1.0024369045117865	2.1053220170618712e-05	15.732387912501734
28371	151.50653112484386	4.546455596913621e-05	1.0050984467366015	2.0948015441683827e-05	15.83631719424459
28546	150.88245480459855	4.534909796588972e-05	0.9978303247900578	2.0995142600572397e-05	15.29799855340222
28718	150.25948905928797	4.5398374572902956e-05	0.9979552242226598	2.103977147100646e-05	15.363868745955513
28891	149.65011455196378	4.5444860623554505e-05	1.0041491379349374	2.0954433002060978e-05	15.61614795875504
29064	149.03648391521793	4.5350874496113e-05	0.9986655957408875	2.0984025695677073e-05	15.280575218939813
29237	148.42620021204024	4.5381163012370913e-05	1.0026639208550499	2.092989318796417e-05	15.195529560952616
29408	147.7994857460767	4.532083759895801e-05	1.0028817877775045	2.087141227134112e-05	15.312177320870056
29581	147.18268732156878	4.525567588393085e-05	0.9988131704580513	2.0897851870192066e-05	15.262238735984507
29753	146.57889602972583	4.5282555198712164e-05	0.9970816030160815	2.0960647610910623e-05	15.143409256558645
29925	145.98208832597166	4.5348776415120944e-05	1.0082053422303847	2.0791703190632223e-05	15.092463351638111
30096	145.38044294163322	4.5163862486625564e-05	1.0006804257074555	2.0779185631390856e-05	15.424306785363923
30270	144.7713654060186	4.514850499686251e-05	0.9979972557053468	2.082255519043698e-05	15.005076784250083
30441	144.1552712357239	4.519378347453151e-05	1.0002796709569026	2.0818451113112522e-05	14.872905105965064
30612	143.5830026951196	4.518746510546368e-05	1.013445860838277	2.0543861196743573e-05	15.105349619797673
30784	142.94877334753176	4.4886702554503e-05	0.9798292987749246	2.096848427603114e-05	14.761674309411193
30954	142.38790990395776	4.5346366300656286e-05	1.012387561337655	2.07135956502446e-05	15.183451988453463
31127	141.7702948980856	4.50680836338351e-05	0.9998505717436131	2.0718420674784785e-05	14.785281479207647
31297	141.1729940454715	4.50714512338288e-05	1.000382360980881	2.0712224448980426e-05	14.787618688816787
31469	140.56861287886764	4.506283692193092e-05	1.0020990980206108	2.0670596384944796e-05	14.732888417739552
31640	139.97460410882795	4.501561559469328e-05	1.0069344088408703	2.0529984951035804e-05	14.68097698342514
31811	139.3793914636132	4.486034432413058e-05	1.000374693316858	2.0524019616638157e-05	14.757103692746847
31981	138.772783211183	4.485194224960265e-05	0.9814474608384874	2.0913759031361267e-05	14.341199015865277
32150	138.22816837425532	4.527388114764015e-05	1.0115229448626426	2.0677240776515268e-05	14.521803892975777
32321	137.6437959874512	4.5015269769193585e-05	1.0069400475299886	2.0536471270812056e-05	14.542899550127737
32491	137.06043322841793	4.4859874087204904e-05	1.0024038558215014	2.0488973141258352e-05	14.535404533034692
32661	136.47948128886995	4.480605276707237e-05	0.999292125682316	2.050525041646435e-05	14.79450055232748
32833	135.89940393306995	4.48219197184403e-05	1.0047994678001104	2.040910002754239e-05	14.56400384919985
33003	135.34463712575757	4.4714744671687126e-05	1.0083834004106098	2.024113544354816e-05	14.543427392623835
33173	134.72731237571972	4.452848417475757e-05	0.9773774402519456	2.071149413442237e-05	13.961449337204014
33342	134.20006251285724	4.504086848239064e-05	1.0066266363810301	2.057691284801363e-05	14.244307931579343
33511	133.62889696963958	4.489237137457578e-05	1.0081347114387613	2.0412690928311564e-05	14.353336183189374
33680	133.04929027191744	4.471088464020579e-05	1.0029048036490318	2.0355398369093403e-05	14.270483861917779
33849	132.45638536006294	4.464608760265964e-05	0.9972002724944098	2.0414441205699015e-05	14.17244206099283
34018	131.89275488776735	4.470871758328403e-05	1.0026992342785928	2.036133241027187e-05	14.266064528070045
34188	131.31940498929592	4.4648499810780244e-05	1.0083477707153414	2.0194646918809456e-05	14.26135165061317
34357	130.7403451555299	4.4463300787163844e-05	0.9959746811374871	2.0278128238692514e-05	14.30766558032348
34527	130.16406672878446	4.455306134607498e-05	0.9906177050425483	2.0472096825603785e-05	13.94466624922363
34697	129.613120227071	4.476354863133033e-05	1.009289380392086	2.02855801717699e-05	14.033702584612334
34866	129.0397588308636	4.455707322884016e-05	1.001542709358241	2.025624017551051e-05	13.95251329721501
35034	128.46524738849592	4.452274363725135e-05	1.0020080134188774	2.0217598420495885e-05	13.925029438465236
35202	127.9003063344669	4.447810971182103e-05	1.0026417894339197	2.0166260284714493e-05	14.308426822985519
35372	127.33327276360733	4.441947496163774e-05	1.0050717569368133	2.0066450656884752e-05	13.928019208884733
35542	126.75028211908091	4.43072592397044e-05	0.9926980932793934	2.0216040621827073e-05	13.934344694033
35710	126.18214957755352	4.446991428972761e-05	0.9884982654484813	2.0453272087462728e-05	13.592383071841867
35878	125.64220940206471	4.472788231969003e-05	1.01618890401141	2.0129436503842935e-05	13.77069794665612
36046	125.07197177270473	4.4370172013934174e-05	1.001841930111461	2.0094405784652995e-05	13.827238409250398
36215	124.49030287733142	4.4329365000098324e-05	0.9974751101460458	2.01473487925538e-05	13.568845920291325
36384	123.9135059326037	4.4385434581565554e-05	1.003786141269843	2.0073466952618383e-05	13.626726124131595
36552	123.33630849591943	4.430164766564079e-05	1.0053404395741756	1.9968939316842646e-05	13.622598241752598
36720	122.7992134943946	4.4183824241637156e-05	1.0005600394435432	1.9959713963259336e-05	13.617233819765067
36888	122.2182772373471	4.4171457093791793e-05	0.9901195297704474	2.01610251762784e-05	14.017097685708588
37058	121.67180295711111	4.439130497560146e-05	1.0050398128935474	2.006203381600839e-05	13.47982694539159
37226	121.09912194257389	4.427986409443905e-05	1.0042021836758488	1.998023956324097e-05	13.415340119832786
37394	120.53385271803079	4.418712022634027e-05	0.9992901657856431	1.9996567820301405e-05	13.339624303261258
37563	119.93597691173913	4.420281134528969e-05	1.0030323560012213	1.9938422595315706e-05	13.33040305112134
37732	119.36074793543546	4.413594405087354e-05	1.0057141170316806	1.982736601809326e-05	13.272014038301478
37899	118.80015741303919	4.40103829237968e-05	1.0021681069203903	1.978663335516542e-05	13.224226418006605
38065	118.21009728321822	4.396275075564994e-05	0.9790470602801176	2.021236347952532e-05	13.061346201088393
38233	117.69399365102824	4.44306917191885e-05	1.0186612188262336	1.98442905570476e-05	13.213313127925975
38403	117.10375532947724	4.402183972952013e-05	0.9984138021934988	1.9878104294822018e-05	12.72556786605737
38570	116.54373401469711	4.405679499230068e-05	1.0017531536045936	1.984559424923026e-05	12.752412550417906
38737	115.97860848457512	4.401822653274991e-05	1.0002526164014172	1.9842883357741126e-05	12.997159743912752
38904	115.41579366264936	4.401266772292091e-05	1.008013109918804	1.9687478067977142e-05	13.446364448623289
39074	114.84862460313936	4.383738129221528e-05	1.00255613300655	1.963959717656066e-05	12.959456486881143
39242	114.26027438432527	4.378146138482864e-05	0.982694385247868	1.9987865384518545e-05	12.762658891739058
39411	113.71321861367586	4.416528288421262e-05	1.012891555420601	1.973590837371272e-05	12.824939484380664
39578	113.13422886703442	4.388332652033935e-05	1.0000660861922537	1.973701969284129e-05	12.715148008805214
39744	112.57923643907583	4.388187655122958e-05	1.0046778086204282	1.964752394121696e-05	13.069179599496087
39912	111.99996340818072	4.377959972503858e-05	0.9978451560043932	1.9692438552423903e-05	13.010080440073414
40081	111.4375104211628	4.382684519753029e-05	1.0075562622641472	1.9547244832173677e-05	12.753039994671182
40248	110.8589259610507	4.366219415376144e-05	0.9965947109391585	1.9616542259127957e-05	12.638347163217274
40416	110.2855091725844	4.3736725755167636e-05	0.988408156521712	1.9849151784806596e-05	12.35083354773605
40581	109.73856646462455	4.399244575454629e-05	1.0105370020427837	1.9644749975940814e-05	12.635511994820636
40751	109.15436849870922	4.3762487226868455e-05	1.0032266651583064	1.958418911161735e-05	12.52975668608905
40919	108.57263465556684	4.369205418261027e-05	0.9998253292357933	1.959026805285705e-05	12.487552364097986
41089	107.98981225356455	4.369587054481964e-05	1.0027658557925285	1.9538947133075255e-05	12.078809046225784
41255	107.41351726516564	4.3635567370112967e-05	0.9993360721589732	1.955461261634053e-05	11.889239586646035
41421	106.86644984257256	4.3650060021086236e-05	1.0144874000527442	1.9277987475520195e-05	12.270012316247069
41589	106.26434313889614	4.3337266678175685e-05	0.9878746121150123	1.9517358782443577e-05	11.977043760857446
41754	105.71040936124452	4.3602421038354924e-05	0.9988092182924226	1.9543358379969563e-05	12.066159927059696
41921	105.13160527318308	4.362840472902598e-05	1.0055555307435862	1.943823093531468e-05	11.654172150123681
42086	104.56119841609447	4.3507717884589185e-05	1.0003321131704048	1.943455441750873e-05	11.75545404141265
42253	103.9839390388731	4.350049494060366e-05	1.00083304510411	1.9421245977863887e-05	11.718090173571898
42419	103.39399122090768	4.348238731600131e-05	1.0008487005908973	1.9407736538575873e-05	11.725504570057891
42584	102.81964136783793	4.346394728881364e-05	1.0095053576910331	1.9227926422615112e-05	11.674296130123453
42750	102.22380539162786	4.32588381798e-05	0.98797207475716	1.9464969216888003e-05	11.663707787439643
42916	101.65813334818417	4.352136585120625e-05	0.9991411630218224	1.948470555292078e-05	11.30773327978495
43083	101.08854969161689	4.35400667770206e-05	1.0088124216290695	1.9317523549934456e-05	11.522688804406643
43248	100.49807125411913	4.334947879913788e-05	0.999879479908268	1.9322925248648022e-05	11.339880245826937
43414	99.91319886287141	4.3352091276862995e-05	0.9987214432531322	1.935078739808361e-05	11.213332570908529
43578	99.35021632997513	4.3379831935099795e-05	1.0018812983435612	1.9317511821603564e-05	11.42647393468722
43744	98.78595955980968	4.3339084217073744e-05	1.0060388952739205	1.9204645585319806e-05	11.183818476494379
43910	98.20191725190162	4.3208813842480905e-05	1.0013314375624605	1.9182292060320485e-05	11.10808250431913
44075	97.62387437975494	4.318007761577829e-05	0.9888663837401657	1.9401443793318713e-05	10.71208448787811
44238	97.06636229468658	4.3422478812823515e-05	1.009313378140193	1.922567497061688e-05	10.987916681096472
44403	96.48241061389287	4.322167536561277e-05	1.005068811130206	1.913200473713198e-05	11.266327323531595
44568	95.88448643625048	4.311254879273046e-05	0.9986403924285435	1.9161454732974093e-05	11.254247183216012
44733	95.3256034968862	4.314188678612243e-05	1.0007337875407931	1.9150668639705328e-05	10.873626312535567
44896	93.9939835208458	4.312606700235544e-05	1.0135472974481246	1.890257273812218e-05	11.210939498508688
45063	93.34919502032446	4.2836881143913985e-05	0.9947387210542439	1.9006315722769706e-05	10.815318574060996
45228	92.7716977290417	4.295001615673954e-05	0.9791021767050188	1.9415480322761572e-05	10.71245927390538
45394	92.22485712339645	4.340595576647e-05	1.025913126018867	1.8928719067076074e-05	10.78964502232709
45559	91.60902733706443	4.285426297099884e-05	0.9981886441661265	1.896673415148918e-05	10.371988501276364
45724	91.0280766925195	4.289312793730786e-05	1.0030110373510288	1.8913484241406186e-05	10.683764261798864
45888	90.4464333459075	4.2828696998664416e-05	0.9985878314604084	1.8943917840252875e-05	10.570527549768354
46054	89.87281035660237	4.285896973434054e-05	1.0091795981114826	1.8775347937841742e-05	10.421878170552604
46219	89.27732032362208	4.2663599714986325e-05	1.0122464571971002	1.85520404158914e-05	11.01919339124156
46385	88.64089216440792	4.240473595237607e-05	0.9640865491012583	1.924709736737283e-05	10.034410547119027
46549	88.11440873268724	4.318732962783113e-05	1.023268773422885	1.881333957808813e-05	10.663694614528142
46715	87.48175128898063	4.2693473581924754e-05	0.9988295412730431	1.883951176684223e-05	10.304074615510507
46878	86.88727764011128	4.2718481011059014e-05	1.0021475216553926	1.8803243753749467e-05	10.345113711161634
47045	86.28455287763482	4.267268532676244e-05	1.0015144290239848	1.8778995513036e-05	9.950569521477435
47208	85.69391466454421	4.2640409605011664e-05	1.011308696463754	1.8573189558124497e-05	10.027354270091621
47372	85.09137331958485	4.2401331724541603e-05	0.9989698722565871	1.8596518566920646e-05	10.047430909407266
47537	84.45795571847836	4.242318800614701e-05	0.9809332631654829	1.8962488939089054e-05	9.887992738966222
47700	83.88886000516604	4.283350079408737e-05	1.0153206834608905	1.868076813926646e-05	9.72543705965007
47863	83.26681885523455	4.250910429964435e-05	0.9989201181219654	1.8705462424713648e-05	9.745667135547093
48027	82.65931114204938	4.253207531149638e-05	1.0045073077143063	1.8626131535768847e-05	9.510251284417857
48190	82.0451401612279	4.243654555141107e-05	1.0024543673833164	1.8585180879683745e-05	10.199348135069984
48355	81.4370267020886	4.2384563782002704e-05	1.0040753849384152	1.851443251352947e-05	9.898917242642057
48520	80.80422298958675	4.229846016541212e-05	0.9997426041774339	1.852410545111764e-05	9.595469841704762
48684	80.17549696985657	4.230390494000513e-05	0.9861404423987109	1.8789395550441437e-05	9.045196453104781
48844	79.59379803896805	4.260014453731841e-05	1.011708995558334	1.8576838157638688e-05	9.436778030749608
49008	78.95676618955436	4.2352911120786935e-05	1.0023799098982156	1.8537866235941405e-05	9.231008454599472
49171	78.32858730855557	4.230260284367675e-05	0.9975220094688219	1.858911082662065e-05	8.678926921528008
49333	77.71749615890882	4.2355113178583954e-05	1.0053970965006507	1.8494535092291612e-05	9.304735186322345
49496	77.0977808190479	4.2241276446208994e-05	1.0089806280199625	1.8335208520522948e-05	9.072664034437357
49657	76.47980306129729	4.205286792543798e-05	1.0073614227865901	1.820649743189337e-05	9.357564850616367
49822	75.81064751379242	4.189893282192409e-05	0.9743458988709542	1.869154856234554e-05	8.805315632187751
49983	75.22240149518932	4.244693934814267e-05	1.01731126445395	1.8379117095205786e-05	8.796574353938714
50145	74.56866132924974	4.208423664850214e-05	0.9969807158809681	1.8440547916252174e-05	8.634994146397041
50305	73.95692718466591	4.214791301129733e-05	0.999624027558284	1.8453179128434214e-05	9.12632388060101
50469	73.32791945281875	4.215583847306782e-05	1.0091986531096437	1.829094944752564e-05	8.43133953855247
50630	72.70099640811559	4.1963277468458235e-05	1.000736825916268	1.828335861443157e-05	9.200031655497119
50795	72.0432951534822	4.1947826191425004e-05	1.000551452212484	1.8279638057121982e-05	8.199452303002978
50954	71.41797053907064	4.193626486206474e-05	0.9889831382198145	1.8489373279921782e-05	8.522810350626546
51117	70.79930045065892	4.2169194268889504e-05	1.01432274135906	1.8234726218341365e-05	8.636334306095636
51280	70.13411409633645	4.187041078281359e-05	0.9939085000267387	1.8353083759770297e-05	7.915112235406342
51439	69.53078596186052	4.1998523181420116e-05	1.0048181896590935	1.8271451342781144e-05	8.209576246645431
51601	68.90187035518456	4.1897708917135846e-05	1.007197493216619	1.8147504101098284e-05	8.442903107587306
51765	68.26233448117391	4.174773875238156e-05	1.0152323206043545	1.7882040650968444e-05	7.911210441057925
51925	67.57719032189664	4.143336820210506e-05	0.9611320980002335	1.8612230189360233e-05	7.898877365831388
52085	67.00483818656983	4.226284205960916e-05	1.0210924612078043	1.8234807563819603e-05	7.786752741490026
52246	66.35562050677942	4.182405759083297e-05	1.0052419270489157	1.814687712974821e-05	7.950678906008902
52406	65.71203242087617	4.171486734987141e-05	0.9978528241386779	1.8193270964760165e-05	7.597796185005413
52567	65.08790832313264	4.1759724177549854e-05	1.0026661802418373	1.8152278687121603e-05	7.596734682114919
52727	64.45321580311442	4.1704165773684696e-05	1.0129868802903343	1.7927186603942845e-05	7.519577565655877
52887	63.7817573184355	4.1435971713668126e-05	0.9741030046256012	1.8411624520047666e-05	7.375334909120798
53045	63.19075726370858	4.1983156363952515e-05	1.0205034607355903	1.8049601337899857e-05	7.397759683840067
53203	62.52980632759353	4.155926378867421e-05	0.9967476283540616	1.8116578359204794e-05	7.4245811992019295
53363	61.90143115821413	4.162701217632448e-05	1.0143383277820435	1.7868735920851397e-05	7.041152602803463
53522	61.24174219547781	4.1331752682393396e-05	1.0015884553398426	1.7848820666451302e-05	7.225233131023205
53682	60.580097769465745	4.129896491702592e-05	0.9751302171404035	1.8312701877075764e-05	7.0757584755597875
53839	59.98257552944774	4.182229487444865e-05	1.018007241844845	1.7997539651952317e-05	7.099702848267358
53998	59.31156971374437	4.145075315377477e-05	0.9956384348239894	1.808549571262014e-05	6.584392401959582
54155	58.688746084369185	4.154144501141241e-05	1.0018114582074413	1.806181201091707e-05	6.983647596459927
54314	58.03056439456126	4.150387075610085e-05	1.0048815015856922	1.798371959557893e-05	6.740998925907421
54472	57.358762504605515	4.140293952267598e-05	1.00338533700855	1.793302150462346e-05	7.080228925889115
54632	56.72356695379986	4.133303550746247e-05	1.01509798045926	1.7676006368462884e-05	6.730515403688691
54791	56.01475378938864	4.102450213661403e-05	0.9682965634791993	1.8265250840248795e-05	6.159336879998459
54946	55.41777506319108	4.169069393991427e-05	1.0087772340583536	1.8116595546094957e-05	6.750150486743673
55105	54.7535826203189	4.150892514954967e-05	1.0112125205149165	1.792659185279182e-05	6.979707542097106
55264	54.08010292177967	4.12781541523622e-05	0.9974553168628045	1.798338679393177e-05	6.262142469908563
55420	53.42865098949108	4.133077451169433e-05	1.0011076149648035	1.7974736800295337e-05	6.906637528088
55579	52.7560011230375	4.130790421637468e-05	0.9980939915096131	1.802087510189762e-05	6.135038645110938
55735	52.09317222075549	4.134732718880274e-05	1.0096640571273925	1.7860480307778378e-05	5.8036435387353
55891	51.426756891298965	4.114897225558705e-05	1.006111928755576	1.7764108772862345e-05	5.747253481822631
56047	50.69414840798513	4.1023795972222694e-05	0.9524485403308379	1.8664384092514704e-05	1
56203	50.09561472888302	4.2035390212406285e-05	1.0298157708305946	1.8137307891034732e-05	1
56359	49.38523114558435	4.1422405334468996e-05	1.0015419535362087	1.812316681374831e-05	1
56515	48.704482716947176	4.139050650742244e-05	0.9997443245816495	1.8141915590433058e-05	1
56671	48.00423724070763	4.139579878980746e-05	0.9985044615288143	1.8184067369529857e-05	1
56829	47.3053189179384	4.142678805819279e-05	1.0093897203668838	1.803044004770145e-05	1
56985	46.5984026136484	4.123365412633735e-05	1.0063132611445116	1.793309833076403e-05	1
57142	45.831986129556704	4.110410778632692e-05	0.9511021623441098	1.8872358535259057e-05	1
57298	45.20284033727125	4.2147482716494755e-05	1.033550021439885	1.8277018820758352e-05	1
57457	44.43082577753434	4.145776553722428e-05	0.9981691557093901	1.832905572785765e-05	1
57615	43.687263455424876	4.149576908579588e-05	0.9979777205883985	1.838556666236925e-05	1
57772	42.94327566328877	4.153779085110606e-05	0.9956919862869174	1.8485211269580213e-05	1
57931	42.181151614165096	4.162755366632814e-05	0.9965238634960878	1.8571195058055342e-05	1
58099	41.39686995821676	4.170009437168726e-05	1.0175926034128506	1.8273299041702147e-05	1
58256	40.54137877950327	4.1338057693969044e-05	0.9408940437677862	1.944597550793897e-05	1
58419	39.826769954138676	4.261668921330578e-05	1.035155497558918	1.881142718195858e-05	1
58578	38.96144586908818	4.1886773750449697e-05	0.9906155264046669	1.9017269161478836e-05	1
58737	38.16391311781428	4.2084710656468994e-05	0.9955314532416111	1.9130953549103543e-05	1
58896	37.31207547806759	4.217905571213525e-05	0.9915355992330314	1.9325820358105298e-05	1
59054	36.491675426836906	4.2358707217530825e-05	1.0061473335233901	1.9240093696324888e-05	1
59222	35.57350038092104	4.222910787969564e-05	1.0029758845718266	1.922014001382342e-05	1
59381	34.62030720795724	4.2166413298613e-05	0.923151333488489	2.0860571227898147e-05	1
59546	33.8072399129813	4.388642560677216e-05	1.0484020265659906	1.994121617973529e-05	1
59707	32.838199011300546	4.28613933066223e-05	0.9964102090940596	2.0058444579743045e-05	1
59868	31.87430602160819	4.2938532774738024e-05	0.9943454687587565	2.0223296023563527e-05	1
60027	30.895794464080375	4.306044868958684e-05	0.9862546737547077	2.056045543645128e-05	1
60186	29.915812474116475	4.335947486205372e-05	1.0007063167604822	2.060643030485815e-05	1
60356	28.80343903579675	4.334417020711703e-05	1.006722408448663	2.054153884860256e-05	1
60517	27.641763121789584	4.3199212042059e-05	0.9185688974022947	2.244475607428446e-05	1
60676	26.62183510603673	4.507336242825758e-05	1.0261324723023917	2.19645366825915e-05	1
60835	25.432838958450407	4.449572030549069e-05	0.9945953324939798	2.2187030297115886e-05	1
61015	24.099079142291604	4.4616452200159826e-05	1.0420893414570123	2.142202240196981e-05	1
61175	22.68339781434618	4.370615043457168e-05	0.8996221215323653	2.396295734016818e-05	1
61340	21.406809473866968	4.608000241530403e-05	1.0385432505508698	2.3256259828954307e-05	1
61501	19.955738390752163	4.521683908107474e-05	1.0175965713379111	2.3062682332389013e-05	1
61669	18.321903826158195	4.48241829325085e-05	1.0063656426742862	2.319341101396388e-05	1
61853	16.493566437792673	4.4682193100589226e-05	1.035573930819648	2.277129791325814e-05	1
62039	14.561774227209874	4.390802739892215e-05	1.083819844638385	2.1483577327520464e-05	1
62218	12.602254747130784	4.2175998896722385e-05	1.074156194282061	2.0582313870711655e-05	1
62387	10.69332936872313	4.069411973759184e-05	1.0577588924756733	2.020528185297236e-05	1
62579	9.173779546080207	3.9567473126379575e-05	1.2517831353430464	1.6927333555214e-05	1
62743	8.026873317243172	3.536500859393579e-05	1.1207465350238488	1.5683808974131426e-05	1
62911	7.409499908428967	3.340566068802376e-05	1.0610548547718368	1.5155916824492007e-05	1
63089	7.165467419872891	3.243031351294899e-05	1.073922080754075	1.4294839670007592e-05	1
63258	7.024850594574767	3.129426538343701e-05	1.027254968110178	1.3984214827351316e-05	1
63418	6.8330982785388565	3.0876327304036054e-05	0.8693833249908414	1.6114295818454976e-05	1
63578	7.026735345611629	3.311463580156463e-05	1.0738574847560272	1.5014719173857899e-05	1
63738	6.934474131896174	3.195557663389228e-05	0.9870014551481506	1.5216881675391973e-05	1
63895	6.962799420999988	3.2165311547819635e-05	1.0158951939645318	1.4979249192493961e-05	1
64054	6.953973690863681	3.1912682349516885e-05	1.0093422789393667	1.484242045767164e-05	1
64212	7.050547081797917	3.176465017406829e-05	1.1084707068372388	1.3391841473402249e-05	1
64373	6.683749142517259	3.0170462408920034e-05	0.7459267442827243	1.795741270681709e-05	1
64533	7.120186162880488	3.493283859070455e-05	1.1727134861324648	1.5304740628316032e-05	1
64692	6.99321856132219	3.2258035641857516e-05	1.0474509385450512	1.4612756474232436e-05	1
64849	6.90566226757324	3.1518901449477366e-05	0.9627344346871967	1.5180709720934415e-05	1
65008	6.966104753410818	3.2123127348966344e-05	1.0240283784501405	1.4825181309507968e-05	1
65167	6.982634360660661	3.174401263388906e-05	1.042260238742911	1.422537426967358e-05	1
65324	6.907663024762692	3.109379552206912e-05	0.9675725257987112	1.4702352000412412e-05	1
65485	6.855669684783501	3.161054431521648e-05	0.9161463581351353	1.6048529409943838e-05	1
65644	7.003824950627047	3.3025510871329964e-05	1.0628835091958302	1.5097893551160574e-05	1
65805	6.9654148141849435	3.203367093282156e-05	1.0261750369040528	1.4714136162052001e-05	1
65964	6.920180564363765	3.16224844096211e-05	0.982924946164376	1.4971348207788496e-05	1
66124	6.941921686717064	3.189596957850964e-05	1.0052327505388379	1.4893870272217449e-05	1
66282	7.060689141882267	3.1812843842802376e-05	1.1242835099664017	1.324763543832589e-05	1
66441	6.846797938165384	3.0002992488505397e-05	0.9132240021063006	1.450866563037371e-05	1
66602	6.835469093216301	3.139611524293433e-05	0.9013290138119355	1.609647712853306e-05	1
66763	7.025517684894533	3.3070003350735705e-05	1.0891120529786682	1.4777641796329085e-05	1
66924	6.896089588679124	3.168822818671987e-05	0.9605337225910638	1.538552942904116e-05	1
67085	6.970300734892752	3.233267585759561e-05	1.033328469954295	1.4888153528347765e-05	1
67246	6.9890221857356964	3.180698110095916e-05	1.050632909429584	1.4169568523603054e-05	1
67405	6.955980015325858	3.1031084268531716e-05	1.0190077503874013	1.3906324240001409e-05	1
67566	6.874421993922535	3.0740307471762895e-05	0.9371663757231461	1.4838466154859062e-05	1
67726	6.9340508934873215	3.175410364280253e-05	0.9939603945233405	1.4926345981766036e-05	1
67887	6.942078936713169	3.185043132812188e-05	1.001704814795418	1.4900714713779709e-05	1
68049	6.942055767166238	3.1823316449301296e-05	1.0022488666244476	1.4867735003833562e-05	1
68209	6.937581192786101	3.178759349302443e-05	0.9980578661377352	1.489689417965733e-05	1
68370	6.990304673943608	3.181850640894596e-05	1.052198848929242	1.4158952468106903e-05	1
68533	6.972374919012719	3.1019220388311186e-05	1.0373854410385255	1.365098661966592e-05	1
68696	6.7196970235146996	3.0455154292105255e-05	0.7872550805639391	1.7342365951541545e-05	1
68857	7.1107139567005015	3.432440898301239e-05	1.1740250205222749	1.4768329140740421e-05	1
69019	6.928481294429093	3.1678484135728296e-05	0.9943412150247276	1.4854420076088449e-05	1
69181	6.902644047836175	3.176849720487464e-05	0.9699191432991023	1.5316282912081715e-05	1
69343	6.970138040734062	3.2257366282518916e-05	1.0365641046749783	1.4775333377268039e-05	1
69505	6.967939243873076	3.168333015355295e-05	1.0360631507301503	1.4262344151348934e-05	1
69669	6.925227326448097	3.1127031781151856e-05	0.9958963474758943	1.432308421443934e-05	1
69830	6.81791515224973	3.1191096283830227e-05	0.8899972705860777	1.609463294192991e-05	1
69994	6.997408304142137	3.306254663337489e-05	1.0669464076882995	1.5082686345067496e-05	1
70156	6.930267413498445	3.2008476171925846e-05	1.0000882830624362	1.5081585549405646e-05	1
70319	6.933342058882932	3.200706336232034e-05	1.0048590115487581	1.5010035452341179e-05	1
70481	6.943530346696543	3.192958425690851e-05	1.0192836628053015	1.472944106799737e-05	1
