时间秒	晶中温度K	设定电流	电压差V	κ	时间常数
118	182.15745565443586	8e-05	0.07454367172852118	0.0008717596749701994	34.11410165590174
380	180.2223337976149	0.0002	0.4306012388267564	0.0009434005137491364	27.315141598049696
599	178.32636073571894	0.0002	0.4337306390392396	0.0009367471328488395	27.97554206511625
822	176.48794951796006	0.0002	0.447375871172391	0.0009083238410120121	28.0313597012289
1045	174.74500792608544	0.0002	0.4801109251430535	0.0008465272833558851	28.809135830868
1274	172.93029614166687	0.0002	0.5047056835793732	0.0008054110915909915	28.183899205991516
1498	171.29365308104363	0.00019906545464689503	0.5092236308585953	0.0007909440150856837	26.114612825421315
1709	169.76963762972406	0.00019725436740826641	0.5319576493032961	0.0007435372165300674	25.794564226173627
1919	168.2280680352953	0.00019123751898705008	0.5159719189691312	0.0007206276827316488	24.57616102561191
2124	166.741059401609	0.00018825437144365852	0.5092972329272497	0.0007075760640781213	25.90760781228602
2335	165.2575137239642	0.00018652816318329312	0.4941639900372232	0.0007160381355271029	27.353260201207753
2554	163.73476873265108	0.0001876263664960847	0.46737320933564297	0.0007661412254451543	25.428806372189197
2762	162.4255000626699	0.00019406488681855037	0.516228820905563	0.0007421607916353771	25.976089384472722
2973	160.99738964029586	0.00019099009369160055	0.5211413013073536	0.0007121614162289244	26.702142930036423
3188	159.58126012142478	0.00018707600947906618	0.47663437296945127	0.0007471835240247644	25.96910101492147
3398	158.29011195511083	0.00019160658044407988	0.5014167328823464	0.0007451798487757719	26.103229168598975
3610	156.99941322436248	0.00019133570061190822	0.4948709698220172	0.0007530108889496946	25.746819868562227
3819	155.7383492247472	0.00019232468250931866	0.4833457287769282	0.0007790669960613578	25.273092018470518
4027	154.53533082633456	0.0001956100138163214	0.5106057434404165	0.0007629930192240957	25.296337060652856
4235	153.36554678548043	0.00019356785528427226	0.5201450142159947	0.0007335436354250696	26.047448147252094
4446	152.13833862987585	0.00018978243752580456	0.4861813218172954	0.0007544998479564945	25.652552898766825
4655	150.99857066450616	0.0001924606230828961	0.5006144659913423	0.0007536785279721927	25.62585996123066
4865	149.8469075586323	0.00019234247146442045	0.49268838056627523	0.0007649702896617999	25.1453617970952
5072	148.73140772704608	0.00019376442068859	0.4935775375131444	0.0007750315283947022	25.01673248003454
5280	147.65580255870503	0.0001950209837974744	0.5043488487031365	0.0007684538232070009	25.089343601721882
5487	146.61689416847668	0.00019417835974498286	0.5159560436478076	0.0007447892196470761	25.358412502526683
5695	145.5407392828305	0.00019115227820193	0.4914968309054057	0.0007577777924086517	25.062587102414845
5902	144.518618022972	0.00019279870817155327	0.49929345619167437	0.0007589528865700599	24.98636248658784
6109	143.48544231486167	0.00019293507344415414	0.49078742941551584	0.0007733048555996911	24.47357316542027
6314	142.50462725025315	0.00019473744676253818	0.5008381200515231	0.0007721142359311241	24.538082243544867
6520	141.54530345823088	0.0001945744383060059	0.5151541245711545	0.000749501238910678	25.361656316410947
6728	140.56123105365378	0.00019169120917994015	0.4971604526638898	0.0007538832522535043	24.627469011635014
6934	139.62174727859846	0.00019223785488690944	0.49478948601805717	0.0007619227931236735	24.446382086656396
7139	138.68133662157393	0.0001932474102593898	0.5027032476402084	0.0007579282198728124	24.49094978239742
7344	137.7407666480196	0.0001927271234020144	0.48212805657432245	0.0007861284015638773	23.957497230894532
7548	136.8875445888426	0.00019626670834953604	0.5094215993651805	0.000771688785556152	23.968266053923696
7751	136.01658694475628	0.00019444329122537813	0.5275829802676872	0.0007314400705877691	24.884104754229245
7957	135.09085015584026	0.00018929213833496295	0.48460918243139894	0.0007547702576034824	24.09158199716716
8161	134.25089255535713	0.0001922745306748147	0.4952011099180118	0.0007621833289800159	23.90394597021565
8364	133.4123047160447	0.00019320393052134856	0.5014263098847789	0.0007601143480114801	23.98297550062568
8568	132.5564772903482	0.00019292895001693196	0.48471135050400765	0.000784192475520479	23.30462151035591
8769	131.75716637074558	0.00019594798779649198	0.5048874470371488	0.0007767019433709361	23.45446763326852
8970	130.97535295041396	0.00019499726663317802	0.5233877017774142	0.0007420899166323173	24.558987366662056
9176	130.1387063044625	0.00019059072804601896	0.4902257010635933	0.0007569845417369171	23.54343076864877
9378	129.36263899545798	0.00019248138415718237	0.4961988118183817	0.0007628813682684639	23.366218065172298
9579	128.60039946318705	0.00019321724048061725	0.5004290307733369	0.000762324317288372	23.318093026939536
9780	127.83481644350015	0.00019313439764788817	0.48607779994948613	0.0007842576939946567	22.725514732885276
9979	127.0994439916355	0.00019588074104685593	0.5054743855486952	0.0007758635370761836	22.97920051068412
10179	126.38529242744353	0.00019481714026452196	0.5180928226127263	0.0007488624099841243	23.954119651356432
10382	125.63569153313014	0.0001913852123082647	0.4964006159183596	0.0007543878661541337	23.029167530226303
10582	124.90511051543558	0.00019207782290363756	0.4947423984092337	0.0007625024673215945	22.893547199031893
10781	124.19742508744233	0.00019309572623771415	0.4990902453191563	0.0007639891607785917	22.78073578200848
10980	123.49518861154625	0.00019327163606712715	0.49236483621118393	0.000775933540258462	22.439824313983443
11178	122.8171533557311	0.00019476441500513894	0.49616889252793145	0.0007820218256462603	22.49098432778448
11376	122.14466505352512	0.00019551489392321183	0.5069697135648766	0.000771367708375921	22.71541500243139
11575	121.4785229104551	0.00019416629388433496	0.5131891470654603	0.0007516372731277812	22.62004069507233
11774	120.78489623622828	0.0001916549813880462	0.4933573850445381	0.0007618539266012304	22.402159419451184
11972	120.13875322241495	0.0001929408986940726	0.4982334703831265	0.0007646497807174504	22.184476924406955
12169	119.48539256590864	0.00019328264031805603	0.4903508295452001	0.0007797933509782885	21.822876440863464
12365	118.87062598861263	0.0001951750928359682	0.4990064239440373	0.0007814406076815655	21.739523616972534
12560	118.25512723811951	0.00019536930362769762	0.5159053310270534	0.0007574428384560283	22.679142205360694
12759	117.6235192059138	0.00019233411474056777	0.5020800401092588	0.0007543972918097592	22.068994198702175
12955	116.99860329717306	0.0001919352959755858	0.4921854486820887	0.0007664695049601702	21.55711051598045
13150	116.39098099626291	0.00019345299778705162	0.4830745516888578	0.0007934203819037579	21.298884671350475
13343	115.82762911228643	0.00019681282105811918	0.5248058279634236	0.0007560116045620908	22.363176447360132
13541	115.21238566772375	0.00019210517490657369	0.5006993726471535	0.0007550478497757755	21.72830884794326
13736	114.61719166471433	0.00019197096258211026	0.4896869277766739	0.0007710435956104458	21.358769493349826
13930	114.03903433100871	0.00019398193598509672	0.48886628259240167	0.0007886997944021121	21.18773326214038
14124	113.51928815375945	0.00019617842755483746	0.5353140508298168	0.0007367590189727457	21.736640277271626
14319	112.88926575789947	0.0001895972046323686	0.4845958456567324	0.0007602735865564266	21.365908128805376
14513	112.34195225743082	0.00019258705352601173	0.4989781758951926	0.0007619234906396773	21.184897231440747
14706	111.79640160638863	0.0001927841457614739	0.5000242029104266	0.0007619779984120617	21.218436581180324
14900	111.23993880101648	0.00019277947999344944	0.48176238689959455	0.0007909177680483519	20.534189108728476
15091	110.737814982788	0.00019639451827807076	0.5138278660098098	0.0007697249731299136	20.814759454793872
15283	110.21621298614406	0.00019373386252412764	0.5245541474743924	0.0007337826959460319	21.27611466584597
15477	109.65333507038507	0.0001891452227482067	0.48378608349166385	0.0007584654370173168	20.973000578290296
15670	109.1528985603033	0.00019228866897500152	0.4995714204356638	0.0007592063105954626	20.83961784234498
15862	108.6314706071175	0.00019237113298635106	0.5009184698623134	0.000757906295211242	20.770088925012523
16054	108.09500521444681	0.00019219468894894281	0.47929208330868955	0.0007907472729616694	20.054382250037747
16243	107.63805552148011	0.0001963026926117376	0.5131448564453942	0.0007705807966245587	20.36679749696131
16433	107.16790726609372	0.00019377211021169672	0.530383577972088	0.0007265218412421973	21.286610167208945
16627	106.61639264487036	0.0001881400419949051	0.4788864365524508	0.000758644801841501	20.400061507345544
16818	106.14476041273154	0.00019224275003352446	0.4977447862547295	0.0007621730581571265	20.375743439025797
17008	105.67581949473961	0.00019267777067700917	0.5040127684642697	0.0007561931182252162	20.44804800809859
17199	105.17358274327525	0.0001919092223234671	0.4796217322701473	0.000788415716142267	19.70169292453144
17387	104.73397251539542	0.0001959437525598964	0.5087300807701763	0.0007749768518368195	19.84502086424395
17576	104.27198445200898	0.0001942552273215997	0.5103536049549046	0.0007593435549859823	20.29841805909887
17766	103.7980946520013	0.00019227469143236444	0.5104017531221734	0.0007439581686950267	20.20293455046075
17956	103.32875409939498	0.00019030537141009394	0.4926652047136375	0.0007551217243078868	19.926870939641454
18145	102.86176209925209	0.00019171676995392425	0.4799879096616772	0.0007866974628471873	19.260689556195207
18331	102.44057643149532	0.00019567257330330523	0.5138631461369424	0.0007655646914212377	19.680467102688798
18519	101.99837854473404	0.0001930150718763966	0.5180813625322418	0.0007389329049917827	19.942946978818256
18708	101.53363973337818	0.00018961698657826535	0.4893981600723879	0.0007550278979489836	19.723629680133598
18896	101.11706358373198	0.00019165982023047892	0.4986901416920732	0.0007570974448098188	19.57859575552005
19084	100.68259718795628	0.00019191136177200633	0.502080205515433	0.0007540498776008959	19.51179787627264
19271	100.23454560752712	0.0001915133880697694	0.47810911338580675	0.0007886662428286338	18.903758789232946
19457	99.85345685359525	0.00019584867180975413	0.5166143482203946	0.000763390715435557	19.354084758231146
19644	99.43844057571977	0.00019267368377615666	0.5275615729909994	0.0007235940605511871	19.864399651420644
19832	98.97430650457801	0.0001875732165097543	0.4813130352083204	0.0007517753762699928	19.38083984472115
20019	98.57861844138536	0.00019117980579554277	0.4973368927214507	0.0007558886329492721	19.198342824185893
20205	98.17315302810911	0.00019169098100826627	0.5010328614297713	0.000754418102168295	19.165140351792857
20391	97.76147773365095	0.00019149329700515288	0.4889729789423962	0.0007715196006739732	19.160679274053354
20577	97.36530809011388	0.0001936404791594506	0.5004684937406713	0.0007708881387086136	19.18704865582218
20764	96.96824110784624	0.0001935498235094586	0.503344877674394	0.000765854550918044	18.736776442119258
20948	96.59703520750452	0.00019290565323629088	0.5279257606260497	0.0007254273301809852	19.27542319984204
21135	96.15980017984188	0.00018773425784893643	0.48237502973810553	0.0007520200981762644	18.801261702351894
21320	95.7869450106384	0.00019113319657011076	0.500559758102746	0.0007512667915933758	18.837953487591626
21505	95.39927600114221	0.0001910262979623008	0.4982005578793807	0.0007540676666184926	18.749551369419326
21689	95.02114742406756	0.00019137096933278687	0.49132083803836496	0.0007674746116942007	18.308462395020445
21873	94.64334165123121	0.00019305384993030885	0.49267553760753685	0.0007789746681660478	18.205028386748605
22056	94.26234672227501	0.00019448359306090568	0.5102332081109616	0.0007634453175608993	18.449427546219425
22239	93.91574975672376	0.0001925234391752961	0.5250217509727466	0.0007271422456211929	18.8723206669896
22424	93.4820253408056	0.00018787974640698104	0.48351935052034023	0.0007520190388868481	18.359914189893697
22607	93.16503673062063	0.0001910548372160416	0.5008119123990794	0.0007508790346303531	18.406689569100138
22791	92.7784691994778	0.00019089990608504916	0.5020317452087115	0.0007479323715403496	18.386164832723253
22974	92.42649556067714	0.00019051322417594564	0.4838031400138247	0.0007730544353368088	18.208480421016933
23157	92.06675864497011	0.00019367599139825982	0.5058702206208165	0.0007641779186589094	17.87628159245766
23339	91.72282278585958	0.00019254898461504413	0.5047126795622574	0.0007571269358181269	18.004858834467704
23521	91.3690413953383	0.0001916479275607287	0.5188569042144585	0.0007296985413533827	18.25094546821463
23704	91.00714062390806	0.00018813315096418435	0.491153148235859	0.0007429241722545904	18.03021859824213
23886	90.66475578263935	0.00018981995471726185	0.4969024660137233	0.0007476419327801688	17.997603835243957
24068	90.31936254932941	0.00019041067456181793	0.5008384227610592	0.0007464777814070199	17.9807961608667
24250	89.9633254151672	0.0001902512304127253	0.48907599423722853	0.0007632398881412777	17.68811171689478
24430	89.63870809446152	0.00019236422320437189	0.49911149165172797	0.0007646856959501263	17.542092114529343
24611	89.31417437324545	0.0001925353685525113	0.5135808518984707	0.000744551318572407	17.615387392551014
24792	88.98498082957556	0.0001899726632213384	0.5108425581531731	0.0007288305212115721	17.840108106858615
24973	88.63157954793922	0.0001879457795456558	0.4928208045326054	0.0007395341170559012	17.6865604562754
25154	88.31091956370489	0.00018930978543445418	0.4784984789625299	0.0007728483646676983	16.92717687358604
25332	88.00725671019362	0.00019351640374655363	0.5112538079032012	0.000755926074659707	17.351243630174494
25512	87.68976438178929	0.00019137469384208577	0.5283408677311467	0.0007154624034971652	17.7197399450844
25693	87.32561511467613	0.0001861711616128363	0.48355295810540927	0.0007398820370852331	17.380910234084002
25873	87.01889940308003	0.00018931079901693399	0.5019355752362848	0.0007371153929490265	17.5875581989013
26053	86.69318441548175	0.0001889454341675828	0.4981155980093482	0.0007399905684924889	17.294818736568477
26232	86.3940226434239	0.00018930249290070896	0.49277376036154213	0.0007509229004284554	16.949993367616134
26410	86.08045268367486	0.00019068544659639602	0.48910134608879346	0.0007677434657009123	16.823404529610027
26588	85.78521639450497	0.00019279826503388245	0.5123312043890436	0.0007493534323945018	16.798945229341665
26766	85.4914699585409	0.00019046392047999836	0.5267164396686831	0.000711426275341979	17.44520345160526
26946	85.1639437827234	0.00018557064826854478	0.4885180990005149	0.0007282266820396798	17.197433528184092
27125	84.8257029623556	0.0001877387655324042	0.4796417023119567	0.000759231006582655	16.56028384823226
27302	84.55918658426438	0.0001916816292745742	0.5037440697160385	0.0007536717490694609	16.63670209319079
27479	84.28900770025321	0.0001909679654104531	0.536912937594562	0.0007019385243289473	17.36407541355453
27658	83.93392612561821	0.00018428652837636006	0.48082396555071244	0.0007300175657886265	16.905280084448947
27837	83.66683593090895	0.00018792542366184297	0.4958257168275293	0.000736244529745662	16.607311572986685
28014	83.35796764002093	0.00018871482381838177	0.4816421286278368	0.000764395126500688	16.14325834939416
28189	83.10989225697541	0.00019227764069901536	0.5226268375410519	0.0007313847161704316	17.027371959451433
28368	82.78703289415961	0.00018806931077142565	0.5094818667529981	0.0007178616588299285	16.76847101102036
28546	82.48594646524067	0.0001863110311366362	0.49590245611657546	0.0007238767381544109	17.048125518642866
28724	82.17330810623913	0.00018707917324420668	0.47482692559124495	0.0007623430858216479	15.892001274458357
28899	81.93633422452083	0.00019197415960224941	0.517095988875074	0.0007372226254812458	16.421813111993863
29075	81.6596369957866	0.0001887740062687106	0.5169559608143659	0.0007131227984368765	16.657772736010394
29252	81.35546061808715	0.00018565233731254047	0.4893717739997798	0.0007286935993387093	16.332559409317074
29429	81.08377218499473	0.00018765751679788962	0.49965867544324966	0.0007292767721255506	16.31743568912323
29605	80.80819792930981	0.0001877216017291398	0.5006911083436435	0.0007283543763273354	16.28018554065679
29781	80.533746362558	0.00018759200010158716	0.48958331108675635	0.0007439337630105765	15.865569026945685
29955	80.25975850954784	0.00018957716022189046	0.4962285457422029	0.0007496769714809812	15.896335603475299
30130	80.0014536667003	0.00019029621218398033	0.5119334740945677	0.0007322871515229098	15.954772312058449
30304	79.74765974864535	0.00018806517481031928	0.5177619393450803	0.000707244724188008	16.281486460440284
30480	79.43056258485001	0.00018481121534314086	0.49035854442085136	0.0007212409415924474	16.014370688209702
30655	79.1740051917659	0.0001866192550967048	0.49741674477464537	0.0007250698028476347	15.91042064252717
30830	78.91776566884126	0.00018710321636528502	0.5009949784789494	0.0007237122057965425	15.894033616731647
31004	78.64704173553558	0.00018691733007498662	0.4914696293818798	0.000736358411330248	15.591879344404353
31178	78.37916738288297	0.00018853250081929057	0.49125800379963924	0.0007495510789310638	15.509673266008768
31352	78.13737717589461	0.0001902025831957734	0.5082347325213497	0.0007374916884823993	15.622009772414117
31526	77.90781209365652	0.00018865540073375366	0.5349846171612425	0.0006893438777018185	16.141101791678754
31702	77.59274201255742	0.00018238268178555586	0.4813637745132737	0.0007161169385291537	15.920702284796864
31876	77.3434931674597	0.00018587967204458154	0.49861826403209913	0.0007181886531208625	15.658395478709581
32050	77.08750958700682	0.00018613704222260766	0.499132958722332	0.0007195209208919315	15.801413542771755
32224	76.82722450634124	0.00018629864092102784	0.49292631721540126	0.000729932003873171	15.302124003915191
32398	76.56711507526246	0.00018763060806046043	0.4882111652710854	0.0007476464658146366	15.320547293074226
32571	76.34663064172128	0.00018988245341263548	0.512097095710203	0.0007300685685492595	14.826824840725834
32742	76.12780246695132	0.00018762628526495723	0.5377885084203282	0.0006788473997505011	16.08857130997778
32917	75.81557778650848	0.00018091431138324719	0.47876661412086774	0.0007090395139045752	15.467970700963278
33091	75.57614490322864	0.00018488258152195687	0.4962337766674764	0.0007145084494067843	15.595006945922366
33264	75.33687225903815	0.00018558284915332282	0.49936133805166044	0.0007155055875923492	15.267767999395852
33436	75.09052902567394	0.00018570148752416666	0.5015713696219655	0.0007133497047761916	15.101264526797994
33609	74.81248397646533	0.00018541036785340136	0.47574466896461726	0.0007498111079162671	14.590331247693792
33780	74.61954384287873	0.00019007808701739648	0.5183504757057309	0.0007233499915438756	14.566162285516874
33951	74.38868031045234	0.0001866832289220075	0.5220142863990811	0.0006929251095058852	14.953108702319575
34124	74.12166258326614	0.0001827044442819418	0.4932425564205056	0.0007025012217988279	15.121657711733405
34295	73.87116000425962	0.0001839517161453621	0.4952440322562151	0.0007093369547483517	14.920143913979127
34468	73.65665013326965	0.00018483287573023497	0.5004145272822437	0.0007088275927803388	15.19326934409745
34640	73.41665067268549	0.0001847563050682439	0.5025469229387544	0.0007053215646359106	14.94650923201719
34813	73.13776846450905	0.0001842875351199116	0.47632368805777436	0.0007404757317483547	14.675929132861448
34984	72.9459895523441	0.00018881212214598157	0.5163563648579464	0.0007171051983848405	14.943658388261264
35157	72.71472882725696	0.00018579760364604078	0.520508674246642	0.0006889339852379092	14.677458528250252
35329	72.4561493641695	0.00018210049435021138	0.4951573093413518	0.0006957560140390879	15.329125542516426
35503	72.22440730492879	0.00018298880869398304	0.4944799177899091	0.0007036079017602569	14.717288982200706
35675	71.98861762681922	0.00018400736352339466	0.4978397236409311	0.0007067498773521835	14.561924179595522
35847	71.76721119858294	0.00018440616302269102	0.5031903867511123	0.0007023530791859592	14.559830929325017
36019	71.51824412365585	0.00018382063664155288	0.48113306176790144	0.0007299829821352956	13.980649272366577
36188	71.31447851440818	0.00018739011059262588	0.5032995592259789	0.0007252850627663407	14.239228265913063
36358	71.07624499844928	0.0001867748492919158	0.5067756747271737	0.0007156811110326024	14.21471291808963
36529	70.88047051659858	0.00018552204230247208	0.5304769726801659	0.0006746441002658353	15.02487242108242
36703	70.61280775286203	0.00018011390845363014	0.48468910967158174	0.0006960397800719032	14.800124599261823
36875	70.3888689626629	0.00018293660782232	0.4960084547773881	0.0007017317194618101	13.87957732151707
37044	70.18181340919804	0.0001836712087925369	0.5033963467948496	0.0006970798559070251	14.281272704304357
37214	69.96012307854478	0.00018305055780645346	0.5007264025743783	0.0006961533958617055	14.137858151519916
37384	69.72111104844822	0.0001829177341177169	0.48089506489280714	0.0007238988687697566	14.248469813204544
37555	69.53300347468748	0.00018651581187076818	0.5121200628139759	0.0007068540473357817	14.570313499364241
37726	69.33427604990077	0.00018429551318963625	0.5307109718231802	0.0006660321018281169	14.937680125113197
37900	69.05784133078164	0.00017888368434776524	0.48678619559725594	0.000684202242951972	14.532358489620398
38073	68.83604425972868	0.00018129532548026453	0.49430422737229507	0.0006921772790280204	14.010608999183232
38244	68.63138625970767	0.00018233684935310782	0.4998334408652504	0.000692492005188065	13.569239313786465
38413	68.4188382101177	0.00018236722681064433	0.5029657504591355	0.0006884950069986135	14.729990155241119
38586	68.1795448653542	0.0001818287653569203	0.4784359730594387	0.0007196171734505235	12.790590156073717
38753	67.99480669259057	0.0001858812904468504	0.5043961465119049	0.0007134336796849928	13.175092660550819
38920	67.78205367753849	0.0001850694784219841	0.5056492584979605	0.0007055523862562101	12.727236422933906
39085	67.61885273943854	0.0001840327499934546	0.5367784294812334	0.0006572861491540483	14.838538272544824
39258	67.34539237171069	0.00017761620653667588	0.4838953223012514	0.0006792512772589533	13.578755944060712
39428	67.1426311432175	0.00018054766683242045	0.49660524410256235	0.0006839834605108127	13.873288227079778
39598	66.94143744411792	0.0001811637208998959	0.5027478624119586	0.0006803306125011625	13.563733834862498
39768	66.71895683558475	0.00018066795045100013	0.4980149643910074	0.0006831331662517351	13.494448723426062
39938	66.49608101863181	0.00018102765415809624	0.48070688953617	0.0007106403896718738	12.968640053713406
40104	66.32672185469497	0.00018462467871780726	0.5109800476476395	0.0006954558184569054	13.272203724070183
40273	66.12257178060972	0.00018263027938726504	0.5137535755325596	0.0006769250448802563	13.099318957243101
40441	65.90960450780354	0.0001801691198456683	0.5078486267835951	0.0006665497641324572	12.830891001397088
40608	65.68552460123175	0.0001787714727252066	0.49196560667378153	0.0006775241456554209	13.25770432256821
40783	65.4805769786649	0.00018022533809462907	0.4993267363335288	0.0006785289614652794	12.75465012808454
40951	65.2932202219849	0.00018034679994409427	0.5044486455191092	0.0006726276694646766	13.652149996917467
41122	65.06474198540789	0.00017954981528823857	0.4855303154471956	0.0006927663113603777	12.931201874484447
41290	64.87524089804865	0.00018220562871239235	0.4918557836221393	0.0007043262442233268	12.757166697168339
41459	64.68951432784468	0.00018370792847559835	0.5178729047686105	0.0006801119503941808	12.529906361645178
41627	64.50749538390221	0.00018051001718974132	0.532970427342379	0.0006381212985235882	13.542658935133197
41798	64.2536222420955	0.0001748375667226501	0.47638193375932375	0.000669844954504333	12.590001064356597
41967	64.08704363794973	0.00017911918903269376	0.49948290099302245	0.0006706225449872493	12.4885020575649
42135	63.878960785425456	0.00017921188329183686	0.49966372639424245	0.0006711668791644983	12.439987556526654
42301	63.691104262730455	0.0001792721779329757	0.5037633429497103	0.000666238576400502	12.765902714753597
42470	63.46389849135935	0.00017860129999523644	0.47445140175029105	0.0007022082662519883	12.164900638888176
42635	63.31315994340238	0.0001833469757535218	0.5131447355806722	0.0006843083116569919	12.629423190394851
42805	63.10887623701806	0.00018098342974332346	0.5013394686324375	0.0006825695475671459	11.422059094270235
42969	62.93334228254651	0.00018074149410561433	0.5335971068456238	0.000639683799751575	12.207901665742554
43137	62.69902290361842	0.0001749589393200135	0.48258349166868947	0.0006628539393162445	12.401928441666046
43305	62.52226563453002	0.00017808810333209984	0.5006268345586827	0.0006621135282475703	12.508979625036293
43475	62.329116850767114	0.00017797657640688898	0.49772797569385796	0.0006652243406595408	11.815291432394902
43641	62.13613294036796	0.00017838232685154172	0.5044645463464793	0.0006594296226447809	12.153265956080054
43809	61.92260535607079	0.00017759122463012394	0.4796003247449934	0.0006875700248963497	11.538476151655042
43975	61.76296470481757	0.0001813287926873596	0.5041619445397585	0.0006819833814158789	11.766486892464682
44142	61.575707347987425	0.00018057879127079127	0.5086549316856948	0.0006704712176132552	11.28341006644305
44308	61.419909444499694	0.0001790358960018449	0.5392307203626356	0.0006217757784604544	12.41029943580725
44477	61.157576907871466	0.00017240021499499616	0.47346707971610347	0.0006567133833786726	11.796647826098052
44643	61.001430693950034	0.0001771649929809988	0.5012379362119157	0.0006551792940023002	11.22347556859226
44809	60.799216537145895	0.00017694608043658636	0.49939427869870506	0.0006560703866442619	11.363426459935155
44977	60.620186969467305	0.00017705335792692496	0.5018389219567561	0.0006537538616112317	11.721001836891494
45144	60.41664964261416	0.00017672866597027442	0.4844371485510863	0.0006748493803852946	11.406913002920328
45310	60.24961179335684	0.00017954498614075135	0.4974095717183341	0.0006784551029024683	11.423789888854314
45477	60.06245108584809	0.0001800118995947262	0.5073448533474344	0.0006687321308150236	11.207754471803545
45645	59.91281237222335	0.00017870412915538063	0.541536192182728	0.0006175257702701912	11.76509778402106
45814	59.6696223749349	0.00017171405581442272	0.4787776575887162	0.0006449868097133062	11.530787432433966
45981	59.4957213070075	0.00017547849885884024	0.48634109373365875	0.0006631933908716384	11.321419762524746
46149	59.30742548987906	0.0001779255959534916	0.4884041237080435	0.0006790387185627741	11.797870632978274
46318	59.18822000451715	0.0001800253940697055	0.557874082204783	0.0006086839629088577	12.262702829153959
46488	58.92686422311418	0.00017043181921122598	0.4774497055745206	0.0006375224840630818	12.009487147431074
46657	58.76373229865434	0.00017441019472658043	0.49624040746211273	0.0006424441342484031	11.273859112610026
46824	58.5919685298266	0.00017506962712790356	0.5030681960726237	0.0006386158997170126	11.59528474722254
46994	58.3995282058322	0.00017453493872428427	0.49621339752100163	0.0006435840173723892	11.208192047970599
47161	58.20898335198667	0.00017519961082108516	0.4844942638491656	0.000664276163843626	10.887290389417407
47329	58.042576442421485	0.00017798107250560367	0.4987348950452176	0.0006660579038156459	10.950754004576538
47497	57.87420568692531	0.00017820666543075827	0.5111121033832124	0.0006516723838388811	10.740034630411172
47662	57.725231300217125	0.0001762588220265008	0.5345457639459553	0.000609642670418846	11.62003102945353
47833	57.482158975389524	0.00017046821724885005	0.48419525813272984	0.0006296415241326026	11.513877361903948
48004	57.31050167748685	0.00017322802562954166	0.49604225117977285	0.0006347612002136348	11.048471898503172
48171	57.14760981333834	0.0001739177157857405	0.5000531039658965	0.0006347816227235171	11.537148706827661
48341	56.97487645961518	0.0001739084808009076	0.5060187575331663	0.0006273248062458911	11.005778334785502
48509	56.76417217183191	0.00017287112388309528	0.46748763602824284	0.000671050307124384	9.842240273620485
48674	56.64058117288595	0.00017878142436275922	0.521136371785857	0.0006439300327691726	10.504341384625574
48842	56.44878089215581	0.00017511836858346194	0.5091167719003837	0.0006324957409982098	10.579847005789022
49010	56.28696746215912	0.00017354336041493654	0.5222457853634203	0.0006056442609932841	11.036224516132727
49179	56.08344034210493	0.00016980697795668202	0.48481459053598	0.0006247035222083858	10.707145989821958
49348	55.91724374561555	0.00017244582897922158	0.49781930077152275	0.0006275373144669502	10.948573490378134
49517	55.742616993875004	0.00017282311603935527	0.5000210476182337	0.0006276075020168855	10.640704618268266
49684	55.58066768671907	0.00017281947863922442	0.5021196060971151	0.0006250479663217641	10.40631668079537
49851	55.375092688130685	0.00017245432996636887	0.4767352381455642	0.0006556545073736443	10.038041991310642
50017	55.24447871611158	0.0001766121095939919	0.5112104421987079	0.0006413703863842537	10.13867547184144
50185	55.09683852461828	0.00017466489298441674	0.5335544035512241	0.0006011267309848125	9.943013431853938
50351	54.88914905596036	0.00016908351593298383	0.49673233774268777	0.0006051739134259352	10.441978192561132
50518	54.71958638890824	0.00016963874670327826	0.48868337866757083	0.0006192784318069016	10.246006125578614
50685	54.55827001578092	0.0001715916986336485	0.49999593529074043	0.0006193805593891546	10.263836553448186
50851	54.39573818352488	0.00017159239610826734	0.5015709069976281	0.0006175332614402837	10.491679923089743
51018	54.203898222914376	0.0001713234739244437	0.483278334832537	0.0006390021487985937	9.724908297260244
51183	54.05439022727164	0.000174262207403042	0.49575405594955857	0.0006445715184161912	9.416100323451339
51346	53.92128480988916	0.00017500686099248587	0.5178250820096106	0.0006224732952065257	9.561124928842688
51509	53.77242489593978	0.00017196835463054215	0.5404332275511691	0.0005759945488509435	10.712646838836202
51678	53.538216934152274	0.0001654102875756203	0.4754401181038097	0.0006058453163047638	10.232007590663326
51846	53.40561326267111	0.00016962880645098613	0.49840591603886925	0.00060787260706882	9.697426010136212
52011	53.2118466017298	0.0001698998572998788	0.4702211728585147	0.0006464708144244179	8.9658246801522
52175	53.10576009183295	0.00017519710522880867	0.5192197385798393	0.0006226332318917189	8.653177321220182
52336	52.962760203659876	0.00017192393041027605	0.5344647845417239	0.000582571813628703	9.784802530458245
52501	52.74611838727423	0.00016628833533292452	0.4829308030973509	0.0006032594293292449	10.272648726634015
52668	52.59883824477109	0.00016920154889299595	0.4993279472336772	0.0006041678677470204	9.788827968788807
52836	52.43820112691329	0.0001693153760216119	0.498721914025644	0.0006058113667998602	9.194151635298313
53001	52.28531149660829	0.00016953219138060748	0.502256659531762	0.0006031826188822717	9.678890481057719
53168	52.10297588233394	0.00016915090511059736	0.4838305603197733	0.0006234422963098754	9.071335542159655
53332	51.95525138525691	0.00017195415724414217	0.4919944806051943	0.0006336854253164015	9.414451508991357
53499	51.82933554575778	0.00017334749366223538	0.520616140385918	0.0006086863821667268	8.747288947563252
53661	51.68924198409632	0.0001698805877495676	0.5395450746115251	0.0005641644574566298	10.123707287075407
53832	51.46490510140669	0.00016353657234765258	0.4750316081559941	0.0005939144092847616	9.572013766633155
54000	51.31354698560075	0.00016777940078263373	0.47995118342973964	0.0006188227828266139	8.461971641510253
54162	51.174291089009266	0.00017124784213731753	0.4934655487696327	0.0006271158819863376	9.171385324292016
54328	51.07681950798639	0.0001723779418250368	0.5567546780858004	0.0005632825231725645	9.409541432816992
54493	50.85120596596679	0.00016335587405095893	0.47981751931656946	0.0005870667576974259	8.98750795254245
54658	50.71155128381603	0.00016675609148195626	0.4967896245443807	0.0005909575768744748	9.211743409933527
54825	50.549565613121864	0.0001672940330271677	0.4978643266699203	0.0005935947083590413	8.968884021002332
54989	50.40231237254198	0.00016765246708847195	0.49747373628969777	0.0005967021081507758	1
55143	50.263813092027604	0.00016807761315869386	0.4982489770497537	0.0005988881591800063	1
55297	50.09564031234862	0.00016837269618907906	0.4730356027958844	0.0006331236590774154	1
55452	50.00926995795558	0.00017310505651989234	0.5235087352591662	0.0006047818588307547	1
55607	49.8734377143504	0.00016917367742615844	0.5323543906849051	0.0005681148076682272	1
55762	49.688767523388705	0.00016395224653846364	0.4918047825456807	0.000577672482967031	1
55917	49.56363186322601	0.0001653126166748831	0.49507631820783765	0.0005834998222577745	1
56071	49.38766338064264	0.00016613262457699645	0.46904452417935194	0.0006221119071327025	1
56226	49.290376327000615	0.00017152715850614128	0.5026277072836717	0.0006189494175155114	1
56381	49.20291633182467	0.00017107820415037287	0.5626116604888743	0.000550158569436269	1
56536	48.981343835936165	0.0001612780710286876	0.47907379130874334	0.0005742787485809297	1
56691	48.85838029128689	0.00016476278197562037	0.49362852662612156	0.000581781479087315	1
56848	48.72386732805936	0.0001658227043812176	0.5008350011041993	0.0005809049334042718	1
57005	48.59418046221795	0.00016568441542302257	0.49889868424256173	0.0005822721397452221	1
57159	48.44467650605593	0.00016586718827189988	0.4934164934030249	0.0005901387172134853	1
57316	48.29252531582796	0.0001669700793661624	0.47472846938519864	0.0006216496679252988	1
57474	48.200510946641934	0.00017135667133210433	0.5209961824505713	0.0005966928558029465	1
57633	48.08638609159339	0.00016786832184556666	0.5452870526378725	0.0005472248202367678	1
57788	47.88928200724476	0.00016074636396960597	0.48475174570352403	0.000564528659855832	1
57945	47.76232962949019	0.00016325499178351335	0.4912265436526313	0.0005747017705221375	1
58101	47.64216005647474	0.000164706431723229	0.5000667869656875	0.00057471295212379	1
58257	47.50187206422244	0.0001646954325823116	0.5000462440703588	0.0005747559517983395	1
58413	47.371204421627354	0.000164687816923404	0.5058523980703119	0.0005681993945863542	1
58569	47.201973821209144	0.0001637323775452445	0.4654643938953999	0.0006104523909375403	1
58725	47.11641617716765	0.00016969784919599067	0.5166519531684226	0.0005908751929983093	1
58882	46.96918594241878	0.00016694072773367093	0.5030735823152643	0.0005873609200634514	1
59042	46.88822972190974	0.0001664299752224755	0.5559021262688412	0.0005283819610412616	1
59199	46.67741036339614	0.0001578401129797847	0.47263028074304286	0.0005590681617977498	1
59355	46.56589874321447	0.00016234600794032213	0.4939104541718439	0.0005660542585986764	1
59512	46.44259301519623	0.00016334374434444468	0.5003654456801088	0.0005657323679709232	1
59669	46.31191239385692	0.00016328408378075293	0.502109977550586	0.0005634485856875148	1
59827	46.16415481031567	0.0001629406446215376	0.4800028160561942	0.0005870151517834589	1
59983	46.04577319439307	0.00016630011121187785	0.49306416055986196	0.0005953717785866207	1
60142	45.928994392949335	0.0001674656825210864	0.5153182966111095	0.0005777762327494196	1
60304	45.85332931957566	0.00016495787170563457	0.5626294879815046	0.0005135416413173533	1
60462	45.631992627425994	0.00015550587516137887	0.47000599422311834	0.000546404581988778	1
60622	45.5218001763572	0.0001603910407758763	0.49173502471720015	0.000555683453914113	1
60781	45.40730903052174	0.00016173333289461674	0.5019135049953234	0.0005536549232400611	1
60941	45.33044506763186	0.00016142474081101447	0.551095055150946	0.0005024055180639201	1
61101	45.13557959717159	0.0001537594591946664	0.4897164040639169	0.0005130458298460589	1
61258	44.99192131901747	0.00015536547568367344	0.4693224423516986	0.0005466706984110273	1
61417	44.930187970757956	0.00016036288477541425	0.53281870481833	0.0005130844030192125	1
61572	44.821205057984734	0.00015534566233580763	0.5431845602051795	0.0004723684055808847	1
61728	44.639641235219926	0.00014904260232872208	0.48474161619080797	0.0004873181175104342	1
61882	44.52329792814725	0.00015137016132367941	0.4898715417116051	0.0004974756048884772	1
62038	44.41353473083669	0.00015292700059817932	0.5011392494407001	0.0004964264730296465	1
62193	44.29195696662849	0.0001527530757575764	0.4971870614961337	0.0004993154814114587	1
62347	44.14755736811482	0.00015318458232410918	0.4782675740016865	0.0005220944570633569	1
62502	44.04245804804579	0.0001566262645336183	0.49052060021098143	0.0005322704322287764	1
62656	43.958139913901235	0.00015813243810516294	0.5266563166835645	0.0005054146218484289	1
62825	43.8420289340051	0.00015407859884759736	0.5358166333369122	0.00047171283652347706	1
62983	43.68444765534647	0.0001488398511294584	0.494878530309078	0.0004766727336146862	1
63139	43.55993090719115	0.00014960803633492324	0.48252769392037315	0.0004940113347974772	1
63296	43.452883448146316	0.00015229260057685983	0.4988214292359898	0.0004952653217552311	1
63451	43.334756959693244	0.00015247240611631529	0.5012648277316498	0.0004941007314079316	1
63609	43.22672926203027	0.0001522799199047085	0.5030305540282537	0.0004912014172766026	1
63766	43.065233989242024	0.00015182051470678955	0.46124814790338226	0.0005325618241277322	1
63923	43.02843438031631	0.00015806952344618946	0.532322505297643	0.0005003030937446471	1
64083	42.870975076798345	0.00015319540263572694	0.49940691864613157	0.0005009882501909579	1
64240	42.81267017859895	0.00015328634088119668	0.5510238534847824	0.0004546708989875329	1
64399	42.61377366797694	0.0001460169456109264	0.4718154216644892	0.00048191635636192433	1
64558	42.525608415019256	0.00015031495658607521	0.4933433418766719	0.0004884982443819859	1
64716	42.411543583472316	0.00015132565494449253	0.49698573988880296	0.0004915472246250175	1
64876	42.302489525513934	0.00015178386260956446	0.5029716094430537	0.0004887273244728262	1
65035	42.16946724280053	0.0001513348208269562	0.4806819168825085	0.0005084535178143278	1
65194	42.07032531591125	0.0001543458571311076	0.49354340076953535	0.0005151925072277053	1
65352	41.987251121373525	0.0001553521629999368	0.5187636089753351	0.0004966398846295446	1
65521	41.89187224379571	0.00015251675451221304	0.5439438197024408	0.0004566018192386476	1
65678	41.73123550716166	0.0001462263144355877	0.490262106434647	0.00046574772586180466	1
65838	41.613539109673766	0.00014767139335476512	0.48460905506832463	0.0004806228721793484	1
65999	41.51715850568264	0.00014999804974608804	0.4982362296582982	0.00048240673979387184	1
66160	41.4148229565486	0.00015026331386167925	0.5000997667609095	0.00048238899141965865	1
66320	41.29726921855421	0.00015024832482064655	0.49017246134670667	0.0004921436032285847	1
66479	41.16969519564429	0.00015174702539349886	0.47468981280362316	0.0005184760984275307	1
66639	41.11915719615191	0.00015574002246830068	0.5277931703285621	0.0004912542910931884	1
66809	41.00631472953316	0.00015158399618561238	0.5235829943385102	0.0004692086653597357	1
66969	40.885347184579814	0.0001481308749492183	0.5119252397294475	0.00045835877020464335	1
67129	40.74734113702376	0.00014639536238187875	0.48336631263953195	0.0004742154785900421	1
67290	40.664595992104495	0.00014889294887257833	0.5001600381091262	0.0004741401312132118	1
67448	40.553385479573826	0.00014886912604526636	0.49448209476358207	0.0004795133532000117	1
67606	40.46686580046234	0.00014969743390176238	0.5057760997443614	0.0004741129850409383	1
67767	40.31629957775718	0.00014884018680006838	0.4589843736835442	0.000516568583202706	1
67931	40.28277106620165	0.0001553482118199091	0.5278283284055189	0.0004894166052953113	1
68107	40.14912346612087	0.00015119760545899942	0.505034988349689	0.00048462647322376735	1
68269	40.09187884623688	0.00015044202899037288	0.5458088099034694	0.00044402518416646313	1
68430	39.91626494561693	0.0001439905244610847	0.47614577812944725	0.00046635303286722747	1
68591	39.84375200801703	0.0001475533067683058	0.4989219142648002	0.00046743577373657355	1
68754	39.73248483676566	0.00014771263959152694	0.49237413099964883	0.000474759558859223	1
68916	39.6559466110469	0.00014885212790765405	0.5084371948043451	0.0004669547784157746	1
69078	39.50343687885663	0.00014761190759069907	0.4568920109611869	0.0005111003947490715	1
69241	39.479043867605505	0.0001544186007177832	0.530579287035445	0.00048172490488711283	1
69404	39.370543311313334	0.00014990270472596727	0.5147732041087785	0.00046797499975892437	1
69568	39.277046107640494	0.0001477360574546164	0.521740454454929	0.00044855304853191506	1
69730	39.149102297422054	0.00014462529278924254	0.4868819118219699	0.0004607131683117721	1
69894	39.01722399866374	0.00014656066712189102	0.45029367309056056	0.0005116550241850992	1
70057	39.005671571563134	0.0001544381223624514	0.5367115000405648	0.00047673957384386934	1
70227	38.933232245090466	0.00014906272785720213	0.5564388149373423	0.00042845434494636074	1
70390	38.74694221836808	0.00014130103996765354	0.4615243005735008	0.00046424844791431995	1
70552	38.66850636322861	0.00014707304156644563	0.479608998591549	0.0004840697473638218	1
70715	38.58588214776637	0.00015016696891792143	0.48579168862932	0.0004983070263722819	1
70883	38.57973622874798	0.00015234716495008904	0.5843769949766331	0.0004264379525671858	1
71050	38.34614748268488	0.00014092006133561787	0.46686736148655533	0.0004567974548223909	1
71212	38.25063271466332	0.0001458347659193533	0.4981507812455275	0.0004585991580846148	1
71377	38.127329795384924	0.0001461051966635719	0.4991400324052496	0.0004594940514756532	1
71542	37.987503152204575	0.00014623100470766902	0.5008972081228105	0.00045879098578614747	1
71708	37.81059703956385	0.00014609998136890006	0.47493044626902614	0.000483144322115057	1
71872	37.66842041214914	0.00014990639384106577	0.4900300543133645	0.0004931196606037328	1
72054	37.5297869945474	0.00015142368144341093	0.5366836463823774	0.0004595748810774049	1
72218	37.34770068265539	0.00014615700057911144	0.5353536914634193	0.00042937376948129274	1
72383	37.0967610502751	0.00014124862317993294	0.478935693237697	0.000448426587067603	1
72550	36.909684650516745	0.00014432136344577835	0.49566576516053634	0.00045252759018074687	1
72716	36.704987520902215	0.0001449509824722113	0.5001529529914606	0.0004525758359175185	1
72883	36.47041471920607	0.0001449288168711399	0.4950506077948815	0.000457309877762142	1
73048	36.213408579754905	0.00014565149610996244	0.4655605437956808	0.0004913647170992381	1
73231	36.007822217635635	0.00015094261469594648	0.5290090537280634	0.00046467575504955836	1
73409	35.77340765433839	0.00014674567779263055	0.5684371630610228	0.00040896353748082507	1
73576	35.40915979806954	0.0001376287257791599	0.47167982343667936	0.00043376269449922763	1
73745	35.14601941090805	0.00014170019293028994	0.4897759112583857	0.00044308412995688976	1
73915	34.869512699641625	0.00014317155208664036	0.5013176533328775	0.0004421964127909034	1
74085	34.567483073857176	0.00014298327366078792	0.5052964076988222	0.0004378575382946582	1
74254	34.22992861797216	0.00014223193976395303	0.4738381531020698	0.0004623510416732732	1
74425	33.92357496318193	0.00014610568735195337	0.4896982815997928	0.0004724259326174161	1
74622	33.58049795310627	0.00014763449195606356	0.5326718422842894	0.0004438496228263134	1
74792	33.27907832945372	0.00014303521267028315	0.5712114467474096	0.00038883145612236944	1
74959	32.82230506802267	0.0001338226165985305	0.4587481347889917	0.0004241517619061033	1
75127	32.499787230702424	0.00013970995851725348	0.4954804791186065	0.00042840323522984314	1
75297	32.13865471811942	0.00014034569368077883	0.5027440403602921	0.0004264641057850939	1
75467	31.75559966667193	0.00013996215737158423	0.49815176440916836	0.00042846777887328746	1
75634	31.331248459502962	0.00014022155978931757	0.4575881163523594	0.0004686591012778597	1
75832	30.954514046831683	0.00014657585201954796	0.5345991354442389	0.00043887124170970956	1
76021	30.540288947565152	0.00014175334095117254	0.5732017083379758	0.0003833120181755202	1
76190	30.028249111823445	0.00013239286107957836	0.4765297551802603	0.0004026741255134827	1
76360	29.61356692417565	0.00013561400999342725	0.4878061690540887	0.0004132623152416798	1
76531	29.197156265643823	0.00013729853899126132	0.5033422002627816	0.0004110602366554226	1
76701	28.759053913755988	0.00013684194753745815	0.49822734458515633	0.0004130846737745198	1
76868	28.310043522667726	0.00013708516806743023	0.48733981181653396	0.00042441746582116854	1
77038	27.842725520989067	0.00013885436137636177	0.4660495389692956	0.0004560134495967421	1
77242	27.380305485678505	0.00014382304727070776	0.5533291613125797	0.0004128468906012031	1
77423	26.914117426507396	0.00013671674466885465	0.582961798587454	0.00035472444254847	1
77594	26.29798372835527	0.0001266154383563817	0.4438505864972525	0.00040030758692668	1
77766	25.878745442693937	0.00013438576441924787	0.4997839486741	0.0004012133403272571	1
77936	25.401349363943233	0.0001344148080545456	0.5010621643034646	0.0004011275935045175	1
78106	24.906006852222266	0.0001342722645104079	0.48836756475373	0.000411502610670125	1
78280	24.358860556917865	0.0001358619705739617	0.437804066338707	0.0004709657187829702	1
78481	23.918323275686564	0.00014519210980553978	0.5763001904977518	0.0004096735909147819	1
78665	23.431107343547534	0.00013523952498461	0.6120072318417363	0.00033551819473842215	1
78837	22.751490157805197	0.00012223916139362455	0.42418088693363054	0.00039644160417591696	1
79010	22.35071239859593	0.00013271494030645312	0.5036058847775435	0.000394567083476204	1
79183	21.85191836448185	0.00013223895848518203	0.49245791240206316	0.00040164898464536963	1
79357	21.397769135611743	0.00013324774326361187	0.5063808230009594	0.00039761767734384335	1
79534	20.843197102987045	0.00013240556516461315	0.4307028522421519	0.00046287152516775776	1
79739	20.46266910155184	0.00014266004861235545	0.5800436727875199	0.00040027976097102336	1
79928	19.99398695769796	0.0001324515432888368	0.5845817923875078	0.0003433946008016004	1
80101	19.423323694163567	0.00012249528792603696	0.43702488266141365	0.0003939814235874874	1
80276	19.03269500678995	0.0001310241354024597	0.4550538017728627	0.00043411927681905255	1
80452	18.651201531577286	0.0001373424945504355	0.4566617355317295	0.000476629066515698	1
80650	18.45672002885272	0.00014371186385576647	0.6774676437944247	0.0003528684131359671	1
80824	17.888664660224347	0.0001234620105774451	0.45807210629811956	0.00038621514109720383	1
81001	17.573964184844403	0.00012898862817206034	0.47320993022636926	0.0004091695147424274	1
81174	17.310816042423696	0.00013258961247738412	0.5122172252601558	0.0004004209465893307	1
81350	17.00944594596779	0.00013099882910677134	0.49662611747603636	0.0004041380289788095	1
81526	16.660790477239296	0.0001314430531751289	0.4160470236310253	0.0004868499469315052	1
81739	16.547522459583	0.00014409583594504263	0.5957921301536563	0.0004096770626781126	1
81938	16.287348784160052	0.0001320045958675199	0.5924345769031165	0.0003466020131930729	1
82112	15.922511189720886	0.00012127013334965156	0.4378655824274382	0.0003965995139503471	1
82287	15.794938793425617	0.00012958909366636947	0.493391427610215	0.0004026481011872095	1
82463	15.61723012289541	0.0001304540765327039	0.4858306242115989	0.0004151122135088147	1
82639	15.480019987075444	0.0001323427678990259	0.506767935162213	0.00041024383533283033	1
82814	15.247370003462382	0.00013145607218968339	0.41689150016638954	0.0004927733344540382	1
83003	15.28033908620274	0.00014396407582054687	0.5866355543229675	0.0004206204421983482	1
83209	15.14989538262741	0.00013290916984471963	0.6079509650538509	0.0003465106986721028	1
83386	14.85294316960602	0.00012053291824299568	0.43350570892280843	0.0004002092879875946	1
83561	14.800444645550298	0.00012944737948267682	0.4836460135654591	0.0004142242674415449	1
83740	14.59869084583991	0.0001316177490020403	0.38172623611219536	0.0005431904441382933	1
83914	14.845830225901222	0.00015063415518342738	0.7029831676119954	0.0003866798411489822	1
84090	14.568309659531643	0.0001270386866006114	0.5328091422002054	0.0003633276501881448	1
84265	14.357145106895288	0.00012306517206714225	0.4306717678738161	0.00042236425262574096	1
84442	14.342876431667923	0.0001326010502567205	0.513951167084368	0.00041138440392480326	1
84617	14.226492734143084	0.0001307889453508125	0.49269344994086917	0.0004179720603073421	1
84790	14.147526935794247	0.00013175516390419022	0.5001383363279238	0.00041830450486489206	1
84967	13.964696671692694	0.00013173694115984486	0.4002986812205381	0.0005230346975632173	1
85183	14.117380257680152	0.00014723141897331557	0.6396484276134544	0.0004092952808492023	1
85369	14.013594595962736	0.0001301711769481653	0.6170472492374526	0.0003320020796377294	1
85541	13.712371467896379	0.00011717652744248798	0.3952715169853109	0.0004204002506164981	1
85715	13.744754716408549	0.00013178860633850217	0.4807941181085921	0.00043749791924084324	1
85891	13.635134068066044	0.00013439505659806262	0.4195604701214236	0.000521709212360164	1
86075	13.885341180280435	0.0001467138166231545	0.7073562547638135	0.0003689579159948036	1
86250	13.58085213979263	0.00012334936500758368	0.4696623214439388	0.00039314129846112025	1
86431	13.520890289663358	0.0001272708838349281	0.46496239866988115	0.0004230816665437846	1
86607	13.524772145554802	0.00013197909490810547	0.5140580415394672	0.00041176410599035875	1
86782	13.455381626305423	0.0001301619568733036	0.4878567294748683	0.0004222622654426522	1
86956	13.37239738695155	0.0001317719343999411	0.4413717095626993	0.00047859197897008056	1
87131	13.411466281833855	0.000140250906544742	0.5058638121870883	0.0004732101582287381	1
87314	13.416047477365785	0.0001394356652355016	0.5424256459590256	0.00043639136430594723	1
87488	13.494809041669495	0.00013387169671258075	0.6568633451279701	0.0003323431058757574	1
87666	13.184565605988714	0.0001167982285757202	0.3969236236729949	0.0004189435593920378	1
87843	13.264398810318506	0.0001310894630216956	0.5023558543423229	0.00041712911962781956	1
88019	13.22774505738681	0.00013078172240312105	0.49244420166427344	0.00042368933913935396	1
88193	13.178766503242368	0.0001317812251597363	0.46890148720243213	0.00045195224852486013	1
88369	13.131793509352715	0.00013608107703487826	0.4415107675421631	0.0005119672998614329	1
88546	13.298511116525244	0.00014481451372563457	0.6191657848500234	0.00041349759709120756	1
88729	13.227073662836242	0.00013013485060821455	0.5811579273615042	0.00035592332270173194	1
88903	13.058600262422093	0.00012070674446868927	0.45099374342606274	0.00039481631393629453	1
89082	13.05571350820573	0.00012709582383468109	0.4717456891165868	0.00041860593808886376	1
89257	13.058832201050016	0.00013084656098024145	0.49424434094997044	0.000423599645069793	1
89438	13.05571946553232	0.00013160623413059072	0.5121568657856784	0.00041367114949781675	1
89614	12.89660008925795	0.00013003491099148408	0.3736107303620321	0.000553778482551688	1
89791	13.221724512212335	0.00015043029127175816	0.6935719644305338	0.00039919201364639406	1
89971	12.978025666680393	0.00012772459483447525	0.48594562475404834	0.0004109539842876724	1
90146	13.02136262451854	0.00012955843631603768	0.556526002342768	0.00036936139761072594	1
90324	12.861720338421021	0.00012280271530210223	0.43021860970775727	0.00042948289927854726	1
90500	12.925833017907523	0.00013238792509780782	0.5133451038773902	0.00041843570386628886	1
90677	12.887138732417199	0.00013065579162948782	0.49596252770700006	0.00042197559571197427	1
90856	12.81000683437367	0.0001311865271849432	0.4377478980636551	0.00048212055375222257	1
91033	12.882248732977327	0.00014020458068535893	0.5189450470873246	0.000464581947588536	1
91209	12.867287502871822	0.00013762157360818988	0.5179803363034514	0.0004485490527812138	1
91386	13.007778713768042	0.00013521189046887213	0.6777730888086836	0.0003309948705851947	1
91564	12.686221852101085	0.00011613355660830035	0.39708720606581566	0.0004170350815324354	1
91744	12.766951955809182	0.00013031661227143587	0.49139372577180107	0.00042442612422888384	1
91919	12.774082364498799	0.0001314528420533663	0.5076580909046909	0.0004180814119059207	1
92098	12.754197635554592	0.0001304575824407244	0.5044752702359946	0.0004144775510243654	1
92278	12.63411920878519	0.00012987763971474125	0.3978092424267895	0.0005210563658125247	1
92455	12.861449359750013	0.0001456068998127622	0.6164239600041771	0.0004225884609859556	1
92635	12.679301742884421	0.00013113759111921857	0.45399185280227333	0.00046555383204564354	1
92815	12.88193221536361	0.00013762209804334073	0.6635969223693913	0.00035081789854615015	1
92991	12.587427192722627	0.00011945958314437328	0.4045367404272656	0.0004338396930715582	1
93172	12.689975032546645	0.00013280884864732328	0.5137362374114567	0.0004222828289632358	1
93347	12.662266183885421	0.00013102130282105265	0.5003565319010462	0.00042207488281619204	1
93529	12.591314839796354	0.00013097461451420334	0.443613195556835	0.0004758281219360053	1
93706	12.625466223483558	0.00013904965096299518	0.4794677855471556	0.0004962175093543041	1
93886	12.712143723276194	0.00014199569857442447	0.5686993905149227	0.00043629118486927495	1
94066	12.78554333268197	0.0001331431444249701	0.6614637468861297	0.00032989091083751137	1
94246	12.454172852263106	0.00011575793965123815	0.3683017713937151	0.0004481197293565043	1
94427	12.645856955770197	0.00013487575433124955	0.5595164801616782	0.00040044973801307734	1
94606	12.532698209340197	0.00012750066424535342	0.4612704414811635	0.0004341734825218619	1
94786	12.579609463257725	0.00013274544774441774	0.5121160638130585	0.0004239274697743492	1
94966	12.459388238499955	0.0001311657477646613	0.39779260628588714	0.0005328989298904179	1
95147	12.722921630057929	0.00014705408332664285	0.6462448945877399	0.000412207164683564	1
95341	12.594996658839811	0.00012934913473080332	0.544341985130227	0.000378782739809897	1
95523	12.522255985909274	0.00012396886175847262	0.4907337108960953	0.0003860508237100817	1
95707	12.477787907337362	0.00012513381043957532	0.45809438840418054	0.0004214443105485295	1
95891	12.50558334227455	0.0001307320844211653	0.4908208142019746	0.0004293593283426776	1
96073	12.51269453031293	0.0001319488781463432	0.5029527524152128	0.00042687235652657493	1
96254	12.458146957719368	0.00013156098297232723	0.4504497226197522	0.00047384433482289793	1
96433	12.519086414561698	0.0001386082083786578	0.5076714207594514	0.00046665676132181573	1
96615	12.559161414222384	0.00013755696790443338	0.5460728370622888	0.0004272731031972193	1
96796	12.60735766144143	0.0001316261896402769	0.6007754002747849	0.000355637788003224	1
96978	12.406659169050082	0.00012008015527200665	0.4215083863023727	0.0004220058949705332	1
97162	12.482091035834607	0.00013078355343079139	0.49443838903773807	0.0004267358936213911	1
97343	12.48820954361971	0.00013151704547509902	0.5025955148315431	0.0004245458071225817	1
97524	12.477507438828985	0.00013117701429573133	0.49782082799273303	0.00042644417741682304	1
97705	12.357924341288076	0.0001314638093782313	0.38425303438262964	0.0005549530206598855	1
97885	12.683819970270799	0.00014996246200155053	0.6900481881232394	0.000401984065052855	1
98068	12.54149572525948	0.0001276520677516996	0.5746668142562781	0.00034990306840007	1
98252	12.357515653933362	0.00011907066991548737	0.41983633660017866	0.0004169065941846301	1
98437	12.424299795303604	0.00012994207192954763	0.4926945428376197	0.0004231292215626998	1
98619	12.422634700376499	0.00013090188892322265	0.4977420535110024	0.0004250941720932675	1
98801	12.421570429100079	0.0001311984632359761	0.5009964436402035	0.0004242779188773512	1
98983	12.417139122525143	0.0001310679264381529	0.5050115453678753	0.0004201241983673734	1
99163	12.290297342238244	0.00013041597046575825	0.3835815130747502	0.0005476809045725366	1
99347	12.590898718412802	0.00014889734217440488	0.6620527925199924	0.00041347719317793034	1
99528	12.547072906388694	0.0001293974258786981	0.6373306457252049	0.0003244809256914765	1
99710	12.260016046199393	0.00011461151100959558	0.3837718420718402	0.00042297936421069386	1
99895	12.377392369706712	0.00013082076577777368	0.499869556936636	0.0004230810531034633	1
100078	12.366066640365654	0.0001308378337788895	0.4898224362381022	0.0004318807297846986	1
100262	12.38445717921742	0.00013219012408537942	0.5107695403491431	0.000422791921473412	1
100445	12.313792949074415	0.0001307890897614658	0.4479521855593794	0.00047197590082347606	1
100627	12.361906474896957	0.00013817856860860473	0.4941503698775127	0.0004775483200840939	1
100813	12.446295470133945	0.000138994024314166	0.5771709650526675	0.0004136883513876051	1
100996	12.391218173804752	0.00012936860458044453	0.5422295798156205	0.0003815934761388796	1
101183	12.268537550469798	0.00012422880084007757	0.4417178419531698	0.00043209732363198384	1
101371	12.330715938897352	0.00013217058869620913	0.504803392823747	0.00042799204095942767	1
101554	12.328276550119709	0.00013154025939931627	0.5032710565235554	0.0004252165114220271	1
101740	12.243615300771918	0.00013111208351535667	0.42269018294975974	0.0005030216332348424	1
101926	12.3763744399818	0.00014259905265885526	0.5402045548576591	0.0004654695661979662	1
102113	12.35800163906403	0.00013719002070530347	0.5231033375895493	0.0004449208218847447	1
102298	12.478439170822313	0.00013412624872864538	0.6516194623056843	0.00034144082051428015	1
102481	12.187402650060339	0.00011749023079061252	0.3888346795209408	0.00043925779714138434	1
102670	12.335166326378104	0.00013323068569733932	0.5324397444990504	0.00041246743593041716	1
102856	12.275002718450018	0.00012910826116426842	0.48068137158805485	0.0004291031677799339	1
103043	12.300926183175017	0.00013167714096588859	0.5110295947273833	0.00041987202810143736	1
103232	12.173211104638147	0.0001302483902976081	0.3873757580713486	0.0005419799585535211	1
103417	12.462204618698717	0.00014797595356974235	0.6533262782521757	0.00041462968499873614	1
103604	12.387785594993987	0.00012945269197240863	0.5976181784076183	0.0003470073517734868	1
103792	12.191995694221617	0.00011840885688975011	0.4283227477358645	0.00040525204290413894	1
103981	12.242709579406403	0.00012793330535693881	0.4822743814809661	0.00042016900409941186	1
104171	12.140040183790443	0.0001302631351593321	0.3814930215550424	0.0005507072922300299	1
104359	12.474429144977762	0.00014912938596165943	0.6891351301791788	0.0003993896777483323	1
104546	12.29825350126933	0.00012702699870279497	0.5356599609638067	0.00037293962227186417	1
104732	12.168197504625521	0.0001227259624205549	0.42428880308909794	0.0004396223823542829	1
104923	12.27616318955736	0.0001332265136671711	0.5301009425862444	0.00041464448528273087	1
105110	12.226000992305378	0.00012938870826416612	0.4881906111227982	0.00042473225370400327	1
105298	12.204696609744644	0.0001309443209767808	0.4666172906892745	0.00045511641758854977	1
105487	12.193773534442135	0.00013554742017853196	0.45094137134633755	0.0005045899188976166	1
105676	12.343617139423145	0.00014273031287368628	0.5875866122881062	0.0004292821159656735	1
105863	12.353273065434562	0.00013166346306108166	0.606851833473651	0.0003537516450946649	1
106051	12.125192757877723	0.00011951129210914148	0.4031430140206559	0.0004389177106669531	1
106240	12.246837005055415	0.00013309580729721151	0.5194180814129941	0.0004224717824610392	1
106429	12.215736609964802	0.00013058426384502522	0.4922554653262294	0.0004291462081348792	1
106616	12.172216932164863	0.00013160748016821682	0.4464091711110976	0.00048064625418912894	1
106805	12.242769090955239	0.00013928329171015405	0.5050483535633912	0.0004757487257441921	1
106997	12.317317617071433	0.00013858542063387348	0.5756515277469775	0.00041319957806894156	1
107188	12.280325011918233	0.0001291584176419242	0.5527270485817537	0.00037386900029161697	1
107377	12.139210567526403	0.00012284355012599532	0.4278875170105426	0.0004369946806598797	1
107569	12.242033510009826	0.00013279219591484802	0.5240975027916229	0.00041685668520754967	1
107759	12.211785718255026	0.00012970344448632847	0.49662072300012755	0.00041971235026171935	1
107950	12.157620974948454	0.00013014398266584273	0.4437964195550894	0.0004728762970761113	1
108142	12.176343536697363	0.00013813928315189862	0.45187814352714556	0.0005231426972034606	1
108335	12.368461316196688	0.0001453086715064208	0.6276920820187537	0.00041660765362176423	1
108527	12.296443113404624	0.00012968902022062037	0.5727830242153855	0.0003637718915232233	1
108717	12.122374967022656	0.00012116945160414002	0.4226549751297901	0.0004305111924866191	1
108910	12.209130189039703	0.00013179081745097788	0.5088750720756177	0.000422999095300275	1
109105	12.189916904600981	0.0001306365087754279	0.4919803830908648	0.0004299107235698104	1
109298	12.176352505692405	0.00013169693706135884	0.4805555804653501	0.0004473217356633716	1
109489	12.122113910130372	0.0001343349024285635	0.4260495692578053	0.0005249621081831865	1
109681	12.348464924295264	0.00014552707523668887	0.6333892992520955	0.0004142772518846965	1
109873	12.256548801053325	0.00012929848680100851	0.5606627383535067	0.0003695701010313415	1
110065	12.092187042687097	0.0001221033551254191	0.4165076243649119	0.00044380177401200457	1
110260	12.20828096964064	0.00013378305893418964	0.5263763272085117	0.0004215197430641341	1
110453	12.173170039829603	0.00013038809771063749	0.49562360609196104	0.00042527247915963507	1
110646	12.06813824730471	0.00013096250087134254	0.39165873741760643	0.0005429216227362939	1
110842	12.339879675068438	0.0001479714917851434	0.635966832689742	0.00042665391987268126	1
111035	12.318739111227899	0.0001312036210095063	0.6314053429574669	0.0003379530796937893	1
111230	12.044471977581129	0.00011675532495640687	0.3867273460103894	0.0004371540668227616	1
111425	12.193579586774288	0.00013275755877109515	0.5269618068992086	0.0004147261434877112	1
111622	12.144836928211403	0.0001293167228310413	0.4823021249884545	0.0004299734792198433	1
111818	12.08601197427432	0.0001316679593052585	0.41823989927064953	0.0005139826620161752	1
112012	12.265176910743984	0.00014396349321680606	0.5757059975137657	0.0004462329864926605	1
112207	12.3158816942669	0.0001341643099727916	0.6331762844809081	0.00035241601319755544	1
112402	12.07740657777084	0.00011922290055098291	0.4199279754450162	0.0004197903878238897	1
112595	12.156673569696432	0.00013009400432609903	0.49369507432925297	0.0004251126560477998	1
112792	12.169823780468356	0.00013092207704066102	0.5033835684026101	0.00042223094084257084	1
112990	12.171863982901403	0.0001304813289324113	0.5032926745145689	0.0004194537657930285	1
113186	12.065658336196742	0.0001300538067680435	0.39788626119307113	0.0005271095876565934	1
113383	12.30380787694233	0.0001457902898104658	0.6083674908493125	0.00043301808437119804	1
113588	12.349782352319947	0.00013216930371201196	0.6607567286572633	0.00032770304708133876	1
113782	12.034329463336842	0.00011497272030045749	0.3758753734197507	0.0004361407188441748	1
113977	12.194753147764157	0.0001326043811121991	0.5247607658743	0.0004154819091956683	1
114175	12.152236284312465	0.0001294381200044572	0.48313210548769836	0.0004299942230971545	1
114373	12.154179172940704	0.00013167831162654465	0.48285428563597677	0.00044524653022168627	1
114569	12.090602466111894	0.00013399580630440357	0.4132338637390653	0.000538680372281831	1
114766	12.358479827529223	0.00014739347449860282	0.6599191403549873	0.0004079981996371371	1
114965	12.241147235688043	0.00012829741211408267	0.5634229662961028	0.0003621957344956648	1
115165	12.074332872616951	0.00012086084480610627	0.4184502437896837	0.0004329391636380291	1
115363	12.176880969052416	0.00013211396146306064	0.5154109178767686	0.0004199551946628056	1
115561	12.14760556256058	0.00013012385180304843	0.4886193339908847	0.00042975429732115014	1
115763	12.064476245700062	0.00013163051753843134	0.4045143296479106	0.0005311892582041541	1
115966	12.319079278235172	0.00014634390370446665	0.6348610706776627	0.00041818261488470686	1
116165	12.299404024149664	0.00012987342360784018	0.6306550965666379	0.0003316311780694432	1
116366	12.011925769596903	0.00011564033375704001	0.3753446968978944	0.0004420051638191381	1
116570	12.182122911392685	0.00013346862810788187	0.5382875671889471	0.0004105164053809736	1
116773	12.11715311623419	0.00012863437008115623	0.4763265102273377	0.00043094071530203005	1
116971	12.16788055196994	0.0001317921824136761	0.5231600502275875	0.0004118364679411035	1
117172	12.011112566218037	0.00012884197265011088	0.37010900971897415	0.0005564062845025815	1
117370	12.341563435443573	0.00014975369226036915	0.6657951223469922	0.00041760974435323605	1
117568	12.280874703376252	0.00012977535828289272	0.6233961010504274	0.0003350489973479594	1
117769	12.030626344791436	0.00011622383399630153	0.40173404885533487	0.00041720201505365703	1
117970	12.125828048659663	0.00012966145153328872	0.4878320708923147	0.00042754331851479013	1
118174	12.141442643223195	0.00013126855580113253	0.4987578444224623	0.00042857463932405857	1
118378	12.160182285231857	0.00013143191621153627	0.5151962154342606	0.00041591747646822547	1
118582	12.01923000103852	0.00012947905166350756	0.37486357510728296	0.0005547641785652863	1
118786	12.365299192430678	0.0001495367338495368	0.6873081615141317	0.00040335221495606716	1
118991	12.269235662514818	0.0001275431510343018	0.6157463449006729	0.0003276643295799777	1
119194	11.991788050505734	0.00011493206854833224	0.36828193474913307	0.00044507758711589886	1
119396	12.171209179823672	0.00013391709424626357	0.5331247614364517	0.00041732197519697505	1
119599	12.118983871059555	0.0001296900305165533	0.4847014376939435	0.0004305211317721629	1
119806	12.155046066282956	0.00013172082455066092	0.5178460061645901	0.000415664298349531	1
120010	12.0026072873732	0.00012943124457733655	0.36859003531293566	0.0005638871280976745	1
120214	12.37378366727958	0.00015074826915102108	0.7035248035864531	0.00040051710299307194	1
120418	12.240881730107077	0.00012708597634381884	0.5937707703081242	0.00033739546455921	1
120623	12.00206591519211	0.00011662005035181516	0.38341280189523075	0.0004401986918628047	1
120829	12.157287437782482	0.0001331756796888325	0.5259214719570228	0.0004184134738772302	1
121034	12.128030271726164	0.0001298522481452038	0.49657594512245895	0.0004212979517795076	1
121238	12.025417558940315	0.0001302991660906194	0.3922841753794084	0.0005369655217891529	1
121444	12.312432248984834	0.00014710459674443	0.6484775367625352	0.00041380790190341716	1
121648	12.263398788496609	0.00012917062996383914	0.616022174246031	0.00033596349123082413	1
121852	12.007397083104241	0.00011637256509276238	0.38600903624381916	0.00043536428910613144	1
122054	12.149197836789343	0.00013244539828430503	0.5163295930243842	0.00042151454781330666	1
122258	12.134397398052771	0.0001303341930275219	0.4971089069003507	0.0004239347567064533	1
122467	12.091067777828641	0.00013071264330923531	0.45041811805131154	0.0004705750052122531	1
122672	12.126747860217446	0.00013771925779267364	0.4723722218382493	0.0004979839219745091	1
122881	12.416125659850186	0.000141689445376489	0.7492415202332147	0.0003322563444475055	1
123089	12.006298553838713	0.00011574749059484086	0.37625787202295136	0.00044179815228909	1
123296	12.168464264724202	0.00013343009307809398	0.5257794659234685	0.00042004783460058493	1
123505	12.131360570063624	0.00013011788058133294	0.49133018852301436	0.00042747872502752284	1
123712	12.089530182984921	0.00013126086391734618	0.44852662648585784	0.0004765288950940257	1
123923	12.174677291617538	0.00013858816536897547	0.5195038732240309	0.00045853032998084063	1
124130	12.341507185024984	0.00013596175218912875	0.6785286896578042	0.00033784193513392355	1
124339	12.02567481297679	0.00011671257405598968	0.38537903287104264	0.00043848958789076674	1
124546	12.185599140404609	0.00013294089807251743	0.5273224214871264	0.00041564556601831205	1
124750	12.158108765770985	0.0001294510244202385	0.4937102758200885	0.00042089798509057166	1
124957	12.178132815171992	0.00013027299882810545	0.5032534015796335	0.0004181043180963923	1
125164	12.04064685962308	0.00012985122563184784	0.36221120471611584	0.0005771214202675285	1
125371	12.463799220448509	0.00015256331436300265	0.7398707063269776	0.00038972237299268324	1
125581	12.205357807744322	0.000125417228907857	0.5081345538553222	0.00038365222489218566	1
125789	12.128804011751939	0.00012440929777042767	0.44387379200558597	0.000432251449384917	1
125996	12.190059311433757	0.0001320407824403872	0.5008555751676333	0.0004314825701386604	1
126208	12.208952960783394	0.00013192795640192172	0.5193039242043557	0.0004154401436982592	1
126421	12.060489889799438	0.00012945267679486628	0.3750256158152083	0.0005539206868653255	1
126628	12.378489886155522	0.00014947397048003852	0.6618054321594335	0.00041827654971286304	1
126835	12.337636244321157	0.0001299228112603955	0.6441565158557195	0.000324794236909237	1
127046	12.026330597456578	0.00011446552626174079	0.368142562435586	0.00044138360820366115	1
127258	12.181532537265971	0.0001333987303275513	0.5110960136821409	0.0004317133017191043	1
127474	12.037417322235665	0.00013194272563672623	0.3644931102695848	0.0005921860890688147	1
127684	12.64457464002336	0.00015453462113395317	0.9298564850346973	0.0003182089730791186	1
127894	12.018126326122202	0.00011331902567391	0.3543491175019737	0.000449383183024936	1
128105	12.22043120682546	0.00013460839816162242	0.547951286530542	0.00040999841859024126	1
128318	12.146034444411882	0.00012858377829314904	0.48190222430793705	0.0004254547571701898	1
128528	12.061130779294258	0.000130975998988659	0.3972648194079385	0.0005354823992623553	1
128738	12.333957645111878	0.00014693886074201493	0.6425271386120809	0.00041651003251332117	1
128951	12.31332780118086	0.00012962116861687495	0.6412921457708378	0.0003248470764065458	1
129166	12.002652869534199	0.00011445452683006315	0.3620032097568692	0.00044891388695099426	1
129376	12.196088407508306	0.00013451222787444516	0.537811688590823	0.0004172299423879584	1
129589	12.152516457257233	0.00012969751335333008	0.49698844219367777	0.00041977736516597247	1
129805	12.050382566191546	0.00013008987824880144	0.3920171623086845	0.0005353816318580405	1
130021	12.33668158772702	0.00014691832524745777	0.6472106744968008	0.00041339378146093315	1
130232	12.25649192416763	0.00012913326608524729	0.5862330604745013	0.00035269700782424165	1
130447	12.043155313978557	0.00011925812700552435	0.3963985451797944	0.0004450504780214732	1
130666	12.1938918856919	0.00013393897174405754	0.5323331110612812	0.0004179159460417084	1
130879	12.151055772540484	0.0001298076305695075	0.49242430734825277	0.0004243659954369434	1
131095	12.024502780579907	0.0001308023309803388	0.3634763306378659	0.0005837369328210922	1
131306	12.440615220250887	0.00015341309021855136	0.7390221210463591	0.00039467363960660884	1
131519	12.20621807189405	0.00012618818711688143	0.5348931845893226	0.00036911226234676134	1
131735	12.07414962835601	0.00012200290482373173	0.42021716371010454	0.000439319093982915	1
131947	12.188268721702215	0.000133081681541633	0.5244915130819868	0.0004187362913755628	1
132163	12.152238958009299	0.00012993736315830483	0.4880179823596544	0.0004290141167932856	1
132380	12.043197230485937	0.00013152282813787592	0.3755139538383313	0.0005712031047136794	1
132601	12.46663340097867	0.00015176551544433066	0.7587931803301688	0.0003761393420167736	1
132820	12.137435819781691	0.00012319593951688382	0.46637745284054183	0.0004035016322581708	1
133039	12.136903048059313	0.0001275594455881879	0.47285958243117754	0.00042671080545088943	1
133259	12.173409817940904	0.00013116909676289253	0.508389994230573	0.00041966196852164634	1
133475	12.120606758313075	0.00013008224781486564	0.4549655484089526	0.00046119716420548905	1
133691	12.138128022182395	0.00013636841076559297	0.4629819499943858	0.00049799402363465	1
133909	12.436666610911768	0.00014171530361269593	0.7471956976815487	0.00033316303773855526	1
134128	12.036836769391426	0.0001159269933938378	0.3834360779795976	0.0004347038978176026	1
134353	12.187205977563735	0.00013238021671333367	0.5185458601141862	0.0004190504668898354	1
134573	12.163804735133029	0.00012999136500927905	0.5040202264268179	0.0004157692250884626	1
134794	12.01766728811862	0.00012947190074383418	0.35939056920113704	0.0005784509572859099	1
135029	12.419273622441919	0.0001527134145367295	0.711611964249953	0.00040610504954887285	1
135251	12.22421218019092	0.00012800901896888798	0.5510213803638151	0.00036871210114274066	1
135472	12.070500339275496	0.00012193863979665443	0.4225038272967405	0.000436524316769261	1
135692	12.175075297040209	0.0001326511516229244	0.5209655661053014	0.0004189143861033028	1
135913	12.05838909239831	0.00012995455827303297	0.4110124781477316	0.0005096698031685493	1
136135	12.243503887483051	0.00014333393240309767	0.5720901579146994	0.00044526755552926756	1
136357	12.3425987372062	0.00013399906870079916	0.6752706432772786	0.00032971796467463123	1
136579	12.007338743035776	0.00011530492227485704	0.37570769168369084	0.00043905649673670115	1
136798	12.170005139776954	0.00013301720143302223	0.5218315045589899	0.0004205720757643997	1
137017	12.10715856884087	0.00013020499972277389	0.4555301772247153	0.00046160268863420546	1
137233	12.109561791971455	0.00013641247442278996	0.44542957186751136	0.0005180468966769765	1
137455	12.493857008229865	0.000144527192301269	0.8034954352703904	0.0003222307606323801	1
137677	12.013973386788479	0.00011400997778830265	0.3655340587091442	0.00044107360587908025	1
137900	12.205258727624678	0.00013334107094835386	0.5401501376684801	0.00040817490371070596	1
138124	12.117404839340356	0.00012828967221968407	0.4543376023352461	0.00044921301970469947	1
138350	12.086757758866906	0.00013458211738091012	0.41152279833647143	0.0005456834797425656	1
138574	12.519788935980962	0.00014834585257293695	0.8117701485642231	0.00033592508798501136	1
138799	12.070649640276619	0.00011642436359214619	0.402611163781134	0.00041745890991007806	1
139024	12.168705759123421	0.00012974360721333596	0.4940041125686894	0.0004224790736226307	1
139243	12.173706046886872	0.0001305286024899868	0.49500360471526866	0.0004267151521650515	1
139462	12.043123138141727	0.00013118570381249708	0.3589939272764458	0.0005942674682840075	1
139684	12.585998461026914	0.00015482031998591234	0.8534752103148955	0.0003478681063539388	1
139906	12.123633954974157	0.00011849976995607114	0.43300516313949716	0.0004019678325446152	1
140134	11.60697600595042	0.0001273373981999094	0.35021173559856483	0.000578166652776681	1
