时间秒	晶中温度K	设定电流	电压差V	κ	时间常数
122	245.0705493506168	5e-05	0.29197945498093947	8.660066951514705e-05	11.982829849333584
284	244.9958314249125	4.138175025854836e-05	0.19890991452664425	8.707557769936931e-05	11.973547351712602
445	244.9899585546591	4.149498747483467e-05	0.19873827714227293	8.762841985349345e-05	11.958567550054289
607	245.06720365929402	4.162649797520311e-05	0.1987721164012664	8.816941601138299e-05	11.879094323225472
769	245.21737755821226	4.175487061385942e-05	0.19911499337804503	8.856069935791409e-05	11.85772368545567
930	245.4478468731567	4.1847561690840935e-05	0.19968604055068653	8.869899082184286e-05	11.858844568275972
1091	245.731217114327	4.1880446506338256e-05	0.1981845913431405	8.951032934081174e-05	11.767168791046696
1252	246.07776891017167	4.207182567696566e-05	0.19769953123089426	9.055044968210377e-05	11.675229970633783
1413	246.4975800623444	4.231589554106648e-05	0.1971842320185979	9.184174315295241e-05	11.576916640513565
1573	246.96187171278206	4.261695761014597e-05	0.19634593038049641	9.354898108687645e-05	11.469397592541478
1733	247.5320122876484	4.3011688144853246e-05	0.1955662246297142	9.566739527631949e-05	11.338326088471131
1893	248.10220449122565	4.349652482693852e-05	0.19530814608556438	9.796309002593554e-05	11.168151096764845
2052	248.7514485806279	4.401587900630375e-05	0.19473069837857324	0.00010061098321101173	11.038876211455788
2210	249.4094307571374	4.4607426273728685e-05	0.19409950131396947	0.00010366643746794088	10.854602077281932
2368	250.14446497242693	4.528036869159023e-05	0.19481194328641024	0.00010642370925959563	10.812356144697247
2526	250.84289293975385	4.58793401328759e-05	0.19920435703248562	0.00010684549081567053	10.732766273961614
2683	251.61765906918853	4.5970872260272056e-05	0.19346312743862645	0.00011045190927786737	10.536898160026926
2840	252.3650838592344	4.674106891566028e-05	0.1939283831340731	0.0001139062735921477	10.387522048872823
2996	253.1688756798622	4.746712734757451e-05	0.19439763885559885	0.00011718488665757968	10.28198392731372
3152	253.94236856496482	4.814624866286326e-05	0.19375811002831844	0.00012095594468893524	10.112921154528781
3307	254.7458610377712	4.891561380880999e-05	0.19344470834761732	0.000125050501400498	9.966713405725757
3461	255.53783089960132	4.9737514448651534e-05	0.1931757804121797	0.00012946372802756837	9.783387345886606
3615	256.3528603808303	5.060841529573405e-05	0.1944083948959902	0.00013318280235125006	9.743761767411796
3769	256.97444772745956	5.1331059564895375e-05	0.22837494921032522	0.00011663218085878216	11.102797416193642
3928	257.62425955993535	4.8036459990069274e-05	0.21219105710674363	0.00010992828656997619	10.978506208074508
4086	258.18589130631267	4.663612466306408e-05	0.2046455794656317	0.00010743033152227085	11.008012793004132
4245	258.7513740418436	4.6103751785635456e-05	0.20274186253140658	0.00010597496982116771	11.078596863898493
4403	259.2641376374421	4.5790939097394114e-05	0.2014321871888282	0.00010521925761676184	11.11024238545548
4562	259.7642478949333	4.562786142731611e-05	0.20104508364511509	0.00010467015137669444	11.144742924929371
4721	260.2658922406396	4.5509114273502615e-05	0.20082665092528887	0.00010423716130575632	11.17125427964183
4880	260.70619963342244	4.541535444497374e-05	0.20079236828594235	0.00010382395541302674	11.192071043594739
5039	261.16481648377885	4.5325656667040064e-05	0.1998263033301508	0.00010391226776707284	11.186407329909125
5198	261.55825544665845	4.534535178568536e-05	0.2004641631813271	0.00010367000376106866	11.211427458567536
5357	261.94631745950574	4.529282409149616e-05	0.2005495860033847	0.00010338428257044927	11.232682266446888
5516	262.327507970279	4.5230721297390176e-05	0.200476560948987	0.00010313693611457019	11.263586236057147
5675	262.66342137465784	4.517692942131534e-05	0.2003914213775303	0.00010293409728854911	11.280706589898035
5834	263.0129835682302	4.513278616569365e-05	0.20020437645575662	0.00010282756807124378	11.289587260181111
5994	263.2996642255018	4.5109743627074534e-05	0.1998026135820134	0.00010292796993147517	11.280488545336057
6153	263.64591320857187	4.513202024433978e-05	0.20050159654315436	0.00010266905810204987	11.296184010452253
6312	263.87809123611913	4.5075531313756274e-05	0.20052337967128392	0.00010240014271933794	11.308859322016513
6472	264.1435428918367	4.5016667776610366e-05	0.2004540576909782	0.0001021671165684528	11.337877374779147
6631	264.3842673387379	4.496565421126147e-05	0.20033823051768063	0.00010199365507583266	11.357191730911323
6791	264.6242091238486	4.4927680477758375e-05	0.20029039464343448	0.00010184480560619545	11.372061176574562
6951	264.83267400980816	4.489509905959665e-05	0.20021320490883554	0.00010173551458007529	11.387179527814355
7110	265.03432702223336	4.487118853604761e-05	0.19984577176647275	0.00010181322249336818	11.359199074048567
7270	265.2192767405015	4.488849955898353e-05	0.20051946701849416	0.00010154872810158556	11.395723320973081
7429	265.38390246711754	4.483031763537134e-05	0.20038887638082092	0.00010135099332799268	11.392744192704647
7589	265.5447748833657	4.4786797460795195e-05	0.20057496492225205	0.00010105982878259585	11.434157246575905
7749	265.6614059658179	4.472255883993735e-05	0.2004006973919235	0.00010085729560420172	11.441329390773918
7909	265.8202791666582	4.4677825513984345e-05	0.2006672213146826	0.00010052131319207866	11.479840484691712
8069	265.9382655631265	4.460348647089638e-05	0.20028037003144455	0.00010038013055728032	11.477594234018461
8229	266.0582635736963	4.457225560055259e-05	0.1997935697965798	0.00010048338036328237	11.465158588060028
8389	266.109421695876	4.459527607201474e-05	0.20095589433053723	0.00010000520910386704	11.486774241335267
8549	266.1838595226733	4.4489085642462815e-05	0.20040014218796115	9.980523026624147e-05	11.491093441080906
8709	266.2520880814686	4.4444647412223085e-05	0.20035740852883338	9.962692880185186e-05	11.542450582167435
8869	266.3026177978407	4.4404988318567777e-05	0.20071146188969521	9.927358434549396e-05	11.595479974874515
9030	266.34599756478417	4.432621727386172e-05	0.20056490868428306	9.899380793706871e-05	11.556357655349734
9190	266.3708024246316	4.426374891350583e-05	0.2006861428179191	9.865525178405091e-05	11.597530351602726
9350	266.37941949862113	4.41880155889007e-05	0.20047854078479124	9.84197298904247e-05	11.594233299556526
9511	266.362384725416	4.413524584767095e-05	0.20017467544810813	9.833391237241084e-05	11.600148131295011
9671	266.40524396834576	4.4115985103560255e-05	0.2010254399184398	9.7832144868353e-05	11.648405850941515
9832	266.354279772101	4.400332242155397e-05	0.20060703085444756	9.753630123469776e-05	11.657352412543075
9993	266.3186228686123	4.393669561421002e-05	0.200702959706105	9.719481004572234e-05	11.679356546283854
10153	266.3026324216886	4.385968424784034e-05	0.20072795461815543	9.684238998390084e-05	11.695972977601917
10314	266.2623830517482	4.378008183384516e-05	0.20069589396629017	9.650675769566295e-05	11.710615649773937
10475	266.18519100456666	4.370411428457985e-05	0.20082915845159177	9.610859848526033e-05	11.75294938024862
10636	266.1249346776148	4.361380091379765e-05	0.2004334071518782	9.590099990884836e-05	11.750388344624506
10797	266.03294720487685	4.3566621246892663e-05	0.20029901371261918	9.575818339754918e-05	11.753384823626552
10958	265.97358155517435	4.353409017657356e-05	0.20088557076079483	9.533626975725138e-05	11.783441761610238
11119	265.8570870569535	4.3438027778417526e-05	0.2006091032348736	9.504724264290979e-05	11.786379591666726
11280	265.73779923304346	4.337203287354032e-05	0.20088973709958433	9.462671747230112e-05	11.827961788379515
11442	265.62989508315053	4.3275879305776284e-05	0.20084011796869697	9.423129648030465e-05	11.86355285935881
11603	265.5271913943509	4.3185272547893916e-05	0.200818284532817	9.38476990163924e-05	11.882087991191668
11765	265.3944393549252	4.309719811679956e-05	0.20033092205825914	9.369316868643842e-05	11.868826978500433
11926	265.2708108134896	4.306158776788368e-05	0.2000396283602436	9.367507121986273e-05	11.892849525074364
12087	265.109116337748	4.305732225147422e-05	0.20103033001630718	9.319554713335334e-05	11.914857226091765
12249	264.97424789938657	4.294684081113421e-05	0.2007627197060924	9.284197652163428e-05	11.944782936755791
12411	264.8176515898632	4.286518328930237e-05	0.20074026680485954	9.250018358370526e-05	11.966137606377165
12572	264.66570619053385	4.278607364940855e-05	0.20070967264728343	9.217366626207729e-05	11.995270154686072
12734	264.4764337243372	4.271036480640874e-05	0.2007038721604071	9.185110696738232e-05	12.003925742028667
12896	264.3259442484611	4.263540601189584e-05	0.20042769274762026	9.165564873652055e-05	12.016117748404136
13058	264.1214644894128	4.2589891861812946e-05	0.20009993891115457	9.16106251184781e-05	11.991508197659822
13220	263.94569432809595	4.257925487953144e-05	0.20085486167939945	9.122134947455285e-05	12.019171960481197
13382	263.764184892946	4.248854712752176e-05	0.2007754780921981	9.086967185639537e-05	12.051594202678984
13544	263.54901857453433	4.240641355477727e-05	0.20059847565846597	9.059934051900961e-05	12.0672010871803
13706	263.3521330545823	4.234310758028073e-05	0.20071632505816828	9.027671715334572e-05	12.104662400613085
13868	263.1705297607525	4.226748209387104e-05	0.20060230573807977	9.000631247382769e-05	12.110150530446342
14030	262.9259763330831	4.220398061781995e-05	0.20064670667137816	8.971709516654626e-05	12.133006983376198
14193	262.71338981395724	4.213591166128028e-05	0.2002928420612582	8.958668637674675e-05	12.119813289968128
14355	262.51193682929204	4.210509757781862e-05	0.20016039058755006	8.951563320860895e-05	12.123812664740147
14517	262.2815415511754	4.208822457230953e-05	0.20079027242360703	8.9164134672367e-05	12.148729112525675
14680	262.01305870981054	4.2005317281018036e-05	0.2005834984595337	8.890571655702219e-05	12.153452722456105
14842	261.80135089148536	4.194417593827227e-05	0.20068658852708	8.860230659120876e-05	12.239279033662886
15005	261.55966977697494	4.187236480315702e-05	0.20054811941893483	8.836101437944845e-05	12.18942483067405
15167	261.3174808374547	4.181510483053688e-05	0.20059702533036533	8.809889498769651e-05	12.204093062759682
15330	261.07685564629855	4.175283252201344e-05	0.20028793747189302	8.797310523481632e-05	12.194889673778832
15492	260.8205979624648	4.172280942343167e-05	0.20006046103467315	8.794743815994214e-05	12.189188987019582
15654	260.57658121500344	4.171650434237161e-05	0.20082710282616598	8.758608643316742e-05	12.225971339692276
15817	260.3143771889515	4.1630511372899835e-05	0.20029795905025624	8.745673744928768e-05	12.238830058178513
15980	260.05906443313137	4.1599535510299996e-05	0.2008474209987477	8.708864701482873e-05	12.253902905037055
16143	259.7891835242872	4.151168378983152e-05	0.20041885772682447	8.690760330154834e-05	12.256665811818616
16306	259.5196796834913	4.146828322415806e-05	0.20048968418994556	8.669629774333858e-05	12.248599227824354
16469	259.24382886645907	4.141761034989308e-05	0.20044850034291647	8.650330292266209e-05	12.276128499559409
16631	258.9742191153268	4.1371248778653386e-05	0.19977211322677882	8.660293944409197e-05	12.247597486579163
16794	258.6819373435577	4.13948388410264e-05	0.2006396431245116	8.632788777059378e-05	12.288021970158352
16957	258.42409416277275	4.13288023878524e-05	0.2005979685470102	8.607147499468518e-05	12.29943575933936
17119	258.12559894036076	4.12671572755723e-05	0.20025795005126903	8.596167024953204e-05	12.283805237904376
17282	257.8538137710668	4.1240570826881855e-05	0.20063127228995645	8.569217347435404e-05	12.313798012085446
17445	257.54041567978913	4.1175639422788194e-05	0.20047527660563336	8.549013077417938e-05	12.326499946551067
17608	257.2602150320497	4.112680190271272e-05	0.2005079344643812	8.52745617423276e-05	12.418055555769818
17772	256.96635079563754	4.1074676866869364e-05	0.19971173391914177	8.539870246626688e-05	12.299337243156204
17934	256.67257193054587	4.110430999437275e-05	0.20041977787966392	8.52208874149593e-05	12.32212278396485
18098	256.37058433791685	4.106124107995655e-05	0.2005906579443835	8.49710226809141e-05	12.31917795176147
18261	256.08695463777354	4.10007421794864e-05	0.20036139144091591	8.481877943598308e-05	12.326786371525957
18424	255.74178616987706	4.09637490125091e-05	0.20045683421921864	8.462671628276848e-05	12.40725634086528
18588	255.4795710791936	4.091704490169074e-05	0.2004350451632859	8.444396515339094e-05	12.36637424162901
18751	255.13403563819597	4.087261546540762e-05	0.20046145545394142	8.425080779433827e-05	12.4235867253895
18915	254.85778666290074	4.082554467547859e-05	0.1997417681260038	8.436074186597926e-05	12.342785489106
19078	254.54456379937687	4.085192636772718e-05	0.200406990573858	8.419053949525686e-05	12.362277728845159
19241	254.21823290668337	4.08104238263943e-05	0.2003987980812493	8.402416958519499e-05	12.39229046382454
19404	253.9094221724641	4.0769796776976275e-05	0.20047466055420538	8.382634075534715e-05	12.372146811189943
19567	253.5867031981286	4.072150318564846e-05	0.20035163748620777	8.368038290062248e-05	12.379973656736588
19730	253.26876000487664	4.068575230377377e-05	0.2004631799383081	8.34881712692523e-05	12.385152378378496
19893	252.9540658134556	4.0638721915667626e-05	0.20000883526211655	8.348561899253825e-05	12.36857193215725
20056	252.619886279252	4.0637824311006644e-05	0.19994494261003	8.350982488971987e-05	12.355149930729496
20219	252.29660053930763	4.064341899749284e-05	0.20046646445650987	8.331666642065321e-05	12.387018980507873
20382	251.957622023586	4.0596104969214014e-05	0.20026639044525285	8.320707953527757e-05	12.383290244406783
20546	251.63970146420388	4.056909591110682e-05	0.20035898373403457	8.305915351894194e-05	12.374997195862026
20709	251.3338979518349	4.053273573761621e-05	0.20036732753198155	8.290798408634789e-05	12.383534569378146
20872	250.97991711986757	4.0495564957270654e-05	0.2005449662710294	8.26839725153735e-05	12.46101060935228
21036	250.64300403025092	4.044050565966087e-05	0.20015654833626204	8.262053323114311e-05	12.40602390887626
21199	250.30373205224288	4.0424687710385015e-05	0.19968985875038234	8.275008459206301e-05	12.373808131594961
21362	249.98266662316368	4.0456067618774614e-05	0.20031095317347672	8.262280412221343e-05	12.37833182827098
21525	249.6418458563413	4.042465438766587e-05	0.20036107636635994	8.247516206252429e-05	12.396493981604836
21689	249.28238364434225	4.038821275525062e-05	0.20025886998506032	8.236985495381924e-05	12.38779708081052
21852	248.96502341308815	4.036209986185294e-05	0.20032939623691542	8.223558786300091e-05	12.402554872659776
22015	248.6248176628291	4.0328903052598504e-05	0.20037811359666216	8.208165833856054e-05	12.411527338771897
22179	248.26987883134558	4.0290834755673305e-05	0.20036312265027365	8.193419988997934e-05	12.402205642350618
22343	247.93083167522295	4.025430819998299e-05	0.20026311322279278	8.182779712773018e-05	12.40329875380948
22506	247.58058736924033	4.0227855695233196e-05	0.19949154730698354	8.2037657139123e-05	12.36556720852715
22670	247.24359009301304	4.0279088304954886e-05	0.20032583856898847	8.190546639283945e-05	12.3702937234304
22833	246.87878889480103	4.024631714119836e-05	0.2005143627133472	8.169671109522315e-05	12.396256148830044
22996	246.53554092307652	4.0194663739844155e-05	0.2001154993478752	8.165082881127638e-05	12.473798240540333
23160	246.1895187531175	4.018306262068374e-05	0.20043164608197228	8.147628104840816e-05	12.406884746360976
23324	245.83470808182386	4.013977052996938e-05	0.2002567935877859	8.137312134051014e-05	12.400570070359041
23487	245.47327087318226	4.011402622924282e-05	0.2002677466484479	8.126567410857247e-05	12.417412532753206
23651	245.12018933276644	4.008720216873973e-05	0.20010974634997367	8.122242284625947e-05	12.40414764138035
23814	244.75796631046228	4.0076208132818625e-05	0.1997662179173164	8.131884775466507e-05	12.36967675463737
23978	244.39379588442674	4.0099651435670784e-05	0.2003851060257248	8.116393667819606e-05	12.391552441587345
24141	244.0198053280802	4.0061100556412286e-05	0.20029483826151318	8.104585632037143e-05	12.409555767441196
24305	243.6790655485023	4.003160430164473e-05	0.20035127102151562	8.090504822443626e-05	12.416021463088416
24468	243.33056024607728	3.9996495685939283e-05	0.20027802373313916	8.079404931535625e-05	12.396911477582623
24632	242.96264855277647	3.996872469870559e-05	0.20025428922232089	8.069284461416076e-05	12.400772480844854
24795	242.59699504083733	3.994333986292851e-05	0.19963335162074022	8.084243910088504e-05	12.376436951772043
24959	242.24395149116333	3.9980003182243836e-05	0.2002672719079032	8.073588823975806e-05	12.394505476935338
25122	241.86354136917612	3.9953316097601e-05	0.20029621595762429	8.061793191339593e-05	12.39633092849751
25285	241.50718102056865	3.992376189817739e-05	0.20021982592186427	8.053078322569894e-05	12.466285784584725
25448	241.1180619560062	3.990183927396817e-05	0.2002328169096693	8.043864131659026e-05	12.405004737189124
25612	240.75441623894477	3.9878634973555025e-05	0.2003223996570827	8.031057047334496e-05	12.41575832041669
25775	240.3859524052083	3.9846531635638627e-05	0.199388724098018	8.055820127526495e-05	12.353089638901865
25938	240.02839874107568	3.990756463775565e-05	0.2002819219234379	8.044619674942758e-05	12.372598990131467
26101	239.64664794618707	3.987946729552564e-05	0.20036878329036759	8.02996018467958e-05	12.399465972225892
26265	239.2744388490635	3.984275086133993e-05	0.2002110546687011	8.021639443533112e-05	12.370336082691423
26428	238.8959796692063	3.982174498862389e-05	0.20021169627032084	8.013304351882757e-05	12.388254441554333
26591	238.52431432122788	3.980068641749928e-05	0.2002340328893396	8.004082418673343e-05	12.40201116125162
26754	238.15296946377114	3.977742016041948e-05	0.20029602712066158	7.992396672607204e-05	12.400272081598384
26918	237.77859182902097	3.974801481143052e-05	0.19963569437767817	8.007128468401684e-05	12.359303147702777
27081	237.36594457763644	3.9784265405742045e-05	0.19979362097682396	8.015562394909018e-05	12.32247566207385
27244	237.01142486773304	3.980480789996499e-05	0.1999429479865412	8.017988939966436e-05	12.323608725257294
27408	236.621194314094	3.98104864759872e-05	0.2003898902202752	8.002543635365768e-05	12.34183537474557
27571	236.25523344841938	3.977173882093337e-05	0.20027076745686598	7.991868509030078e-05	12.336234356099991
27734	235.85176986618873	3.9744843894930496e-05	0.200468773378321	7.973340302017998e-05	12.363142595640436
27897	235.47322232870505	3.969834730349151e-05	0.20066691153019472	7.946990109023838e-05	12.361808877876234
28060	235.08757060292356	3.963232416229679e-05	0.19996074339130107	7.948704664088346e-05	12.435089464585355
28224	234.69971817833033	3.9636214311587585e-05	0.2000033982385244	7.948724123544183e-05	12.34815329163992
28388	234.31976741617066	3.9635877582602564e-05	0.20037058769677427	7.934174609459347e-05	12.408730342063864
28551	233.94713512592918	3.959920711437481e-05	0.2002260670632602	7.925365539388164e-05	12.344711767047498
28714	233.56741220707158	3.957684587821196e-05	0.2003310578719609	7.912420020625076e-05	12.456980995179165
28878	233.18361849568518	3.9544130921215946e-05	0.2001116302063346	7.908160395748894e-05	12.356799972646987
29041	232.7815889875855	3.953309974006493e-05	0.20025105038275146	7.898408131626437e-05	12.362378871091009
29204	232.39399658764492	3.9508311075086936e-05	0.2001547661784132	7.892457648453951e-05	12.360568442590168
29367	232.01084636940726	3.9493033565370484e-05	0.1997442249556736	7.902718591057689e-05	12.32125636759923
29531	231.62467077200728	3.951831114413479e-05	0.2004159698813755	7.886473229868852e-05	12.375540165901835
29694	231.2418260806722	3.947727907045646e-05	0.20015549122192605	7.880503622597978e-05	12.353492455927457
29857	230.86019865297982	3.9461942086848555e-05	0.20034269680100492	7.867177885843919e-05	12.356629837267853
30020	230.44876146653436	3.94281767696196e-05	0.20012427009092226	7.862460066606176e-05	12.343511483589076
30183	230.081795634874	3.941593311724333e-05	0.20023646018393926	7.853326946624537e-05	12.330914295737564
30346	229.69310712628996	3.939265301129108e-05	0.20022644404130294	7.844604826023289e-05	12.363543867665742
30509	229.28554832669147	3.9370371351452204e-05	0.1997245404236938	7.855591854460584e-05	12.314083568104245
30673	228.90568551055753	3.9397511754515625e-05	0.2002263003854034	7.846870553151945e-05	12.313152216864848
30836	228.49951100898923	3.9375241471650626e-05	0.2002515226929901	7.837182338014321e-05	12.321379201385707
30999	228.13586833076548	3.935050538360485e-05	0.19997052745855337	7.838489593713178e-05	12.327957381133878
31162	227.72156501771454	3.935340510259378e-05	0.20038667262505022	7.82353720725474e-05	12.333510773306223
31326	227.33891795927627	3.9315417964787243e-05	0.20026745708183083	7.813248749810928e-05	12.323430396941127
31490	226.92981383784513	3.9289156333926195e-05	0.20034793895557607	7.799849934807062e-05	12.398726576610615
31653	226.5471374139732	3.925502529062324e-05	0.2000026012599149	7.799908434098173e-05	12.313119219372034
31817	226.14918342501875	3.925477001180405e-05	0.19993058986435114	7.802784392584807e-05	12.434003323925646
31980	225.74404579085962	3.926158348259856e-05	0.200081021004646	7.79979553323643e-05	12.291602079104056
32143	225.35921120698745	3.925363336564688e-05	0.200136926571245	7.794622188346362e-05	12.392004203252968
32307	224.9498869025805	3.924020309779139e-05	0.20014122423778066	7.789295715433693e-05	12.297175814675176
32470	224.55284235231315	3.922635626108652e-05	0.20041248337999418	7.773434815780577e-05	12.32194108412992
32634	224.1622618694153	3.91859681731283e-05	0.20014613995928396	7.767924543189269e-05	12.308208210440673
32798	223.75852574979535	3.917165942471735e-05	0.20008807720020955	7.764678806028333e-05	12.307744075008282
32961	223.37706068313804	3.9163036947302386e-05	0.19968943201012154	7.776918425574312e-05	12.271908597564437
33124	222.97857939288616	3.919347937020732e-05	0.20024221309464352	7.767682931809372e-05	12.293740552666884
33288	222.56965298591732	3.9169767970258164e-05	0.20037965097463692	7.753142454240167e-05	12.28845768073758
33452	222.16926846756084	3.913264371391517e-05	0.20025777166928535	7.743336596288081e-05	12.293378983344184
33615	221.75459142242042	3.910744984756066e-05	0.20014575676328827	7.737876834481256e-05	12.286862497275996
33778	221.37936765292716	3.909320719367419e-05	0.20016935627322055	7.731493670395455e-05	12.28792224863645
33940	220.96909441702516	3.9076665998318814e-05	0.20023590129173963	7.72256448685198e-05	12.289292690266125
34104	220.57136663214933	3.9053640775152774e-05	0.2000579129702968	7.72050326208512e-05	12.271031071162627
34267	220.16334060542073	3.90479877219718e-05	0.19971644281548126	7.731644899247648e-05	12.222513359840484
34430	219.7719539486372	3.9075698034572826e-05	0.20039389166907284	7.71661968491624e-05	12.253083992431474
34593	219.36342173067052	3.903727579871479e-05	0.2002281589052075	7.708006606251746e-05	12.249042956479151
34757	218.9645731675549	3.901502807669456e-05	0.19988337861959377	7.71268147202409e-05	11.884875001757003
34919	218.55906212087555	3.9026408019806224e-05	0.20046314996978384	7.695042213253627e-05	12.253218275919384
35083	218.14387561841008	3.89812986519754e-05	0.20018636325566422	7.688064007782308e-05	12.231985763203406
35246	217.7414597567461	3.89631496303393e-05	0.20007035639280535	7.685540795113221e-05	12.25194322078935
35411	217.31832660427494	3.895629817130029e-05	0.18183767549926258	8.453381348357094e-05	13.153152325392533
35579	216.91761054467491	4.085552010539799e-05	0.14871367924598233	0.00011368953959263559	12.100281546622735
35750	216.4823541912164	4.737947915840388e-05	0.28651490821947795	7.936230318897073e-05	12.381588468664036
35915	216.0680797429936	3.958509283594507e-05	0.20435360711257508	7.767345946471447e-05	12.575370063548132
36080	215.67728214679082	3.9161156753188995e-05	0.20107677405330396	7.725931319325487e-05	12.51450966635747
36245	215.2544781496296	3.905616123146406e-05	0.20071597795464155	7.69856479849005e-05	12.485254807124656
36410	214.84357775131284	3.898643999538715e-05	0.2002219236412001	7.690221972631511e-05	12.442996345870542
36575	214.43301085529623	3.896482794776308e-05	0.20039618405139278	7.675205749744353e-05	12.446342162265369
36741	214.02223758118728	3.892629208218354e-05	0.20049210524739072	7.656556900024634e-05	12.44920069495519
36906	213.59961516525036	3.887849069505597e-05	0.2003689933189295	7.642651921074829e-05	12.43690123049452
37072	213.18459129519724	3.884267548754825e-05	0.20022907633330053	7.634100654618585e-05	12.4498127042464
37238	212.77620531441383	3.8820449734264e-05	0.20020603095234732	7.626434304840441e-05	12.433035838992074
37403	212.37279057927907	3.880046963431255e-05	0.20116293420631698	7.582531816581244e-05	12.429660533379199
37569	211.9531969929593	3.8688153226483645e-05	0.1990888740230156	7.617431289686547e-05	12.375919462786456
37735	211.50679725592715	3.8776579924441215e-05	0.20005104807984495	7.615696649102428e-05	12.384083938368525
37900	211.12505460226802	3.877163219669584e-05	0.19995770258562862	7.617487542330838e-05	12.076652748347486
38064	210.69310535740726	3.877573269659154e-05	0.20058049323049593	7.595645815550801e-05	12.367958882064896
38228	210.3020746760639	3.8719582272254914e-05	0.19992975592723342	7.598499834577605e-05	12.380505214177681
38393	209.88906095249416	3.872638361677194e-05	0.20029195922894338	7.58761980039349e-05	12.327015492668899
38559	209.47272082295294	3.869814821371218e-05	0.19955835781867332	7.604611405817143e-05	11.902815486900206
38723	209.04843411779703	3.874094594305528e-05	0.20032363076379714	7.592527967283805e-05	12.011327764486156
38888	208.61734439273297	3.870963952706909e-05	0.20000152606412144	7.592677831901672e-05	12.280394728943824
39052	208.2139873856854	3.870949184443415e-05	0.20036647160498117	7.57898499420612e-05	12.3063082516343
39219	207.79991959229287	3.867407568431233e-05	0.20021843288608826	7.570916197491371e-05	12.1172014694433
39383	207.39098934726354	3.865297374291107e-05	0.19838193240090216	7.632868631646727e-05	12.053544731879988
39549	206.96715142952368	3.8810286736594046e-05	0.2019127439977488	7.560766889984187e-05	12.266593418051508
39714	206.55722436638573	3.86260220228223e-05	0.19987906026160665	7.565541990422217e-05	11.858466573399273
39879	206.13023394026547	3.8637705874493306e-05	0.1997671881743695	7.574567998245314e-05	11.83572303942241
40043	205.70630352105883	3.866021381393692e-05	0.2005792856019522	7.552900868821343e-05	12.106481838508163
40209	205.3120563908214	3.8604346882518225e-05	0.2000070685468869	7.552829347530345e-05	12.217288250074187
40377	204.88035128690444	3.8603664709010635e-05	0.19998397403130955	7.55364932602888e-05	11.741331016671916
40541	204.45815113741847	3.860521145477154e-05	0.20040861553931583	7.538457258887244e-05	12.187688897844465
40707	204.05356670582302	3.856583505804026e-05	0.20027913250203933	7.528151787884206e-05	12.193242544188298
40874	203.61502808070514	3.8538950750751974e-05	0.2001109785949363	7.52419699697513e-05	12.170326386194557
41039	203.19133725190304	3.85282627020771e-05	0.20015613372347993	7.518539870534858e-05	12.152464198146788
41208	202.77178451094414	3.851323259886502e-05	0.1993136375981905	7.54464416710671e-05	11.551416103493944
41372	202.3713536797308	3.857948826753816e-05	0.19998633489838247	7.545362278728246e-05	11.756045296204963
41539	201.93023078560947	3.858080631664965e-05	0.20034122166633828	7.532735417171891e-05	11.820030143162272
41705	201.52247780021773	3.854793685227513e-05	0.2003902404926187	7.518274034559975e-05	12.127993282753662
41873	201.09052836826507	3.851038438303444e-05	0.19999804479445185	7.518569410541761e-05	11.742787749455674
42041	200.6650758009991	3.851057262370764e-05	0.20008108969271549	7.515741616010633e-05	11.716118218158751
42208	200.22094639901198	3.8502767970665026e-05	0.20021694869488305	7.507825468879972e-05	11.993712247161291
42374	199.83051942959096	3.848190213154192e-05	0.1988156919593945	7.552752662389306e-05	11.521619127812935
42541	199.47343132420895	3.859634671452696e-05	0.01830283284694932	0.0008253344843260576	12.862781749676001
42728	198.86319841884483	0.00012758571158171645	2.0368775104247123	8.104180315365158e-05	19.976531360687243
42923	198.43234078656306	3.997924436926896e-05	0.19996764282911972	8.105774623419059e-05	19.976531360687243
43121	197.93141640511976	3.998247879984239e-05	0.20083783275777173	8.072245073493064e-05	19.976531360687243
43320	197.39898157234774	3.989899442955365e-05	0.20104357744317033	8.030645626447034e-05	19.976531360687243
43517	196.92103643118415	3.9795305803757657e-05	0.19887009529085692	8.076547098002065e-05	19.976531360687243
43716	196.4109663146003	3.990819662267117e-05	0.2023522815303537	7.982949126663845e-05	19.976531360687243
43914	195.91337765000628	3.96755584528005e-05	0.19841345372179633	8.047071248226747e-05	19.976531360687243
44114	195.39314195443993	3.9833868726575054e-05	0.20095554976214597	8.009107334159522e-05	19.976531360687243
44313	194.89616932179436	3.973905024631499e-05	0.19946275091116342	8.030969236247817e-05	19.976531360687243
44513	194.3785893008968	3.9792532441535226e-05	0.19998771230497805	8.031764659218458e-05	19.976531360687243
44714	193.88087511509235	3.979375489412171e-05	0.1993497145436661	8.058258999551534e-05	19.976531360687243
44914	193.36279465511112	3.9858606331993386e-05	0.20124648094606634	8.00865281365549e-05	19.976531360687243
45113	192.8565654372946	3.973497643314213e-05	0.19974543006469267	8.019159591305748e-05	19.976531360687243
45313	192.35721214083586	3.976028892590561e-05	0.19998129095728412	8.020207301095518e-05	19.976531360687243
45513	191.83696642769226	3.9762148748749554e-05	0.19943839500387056	8.043105567704577e-05	19.976531360687243
45714	191.33499149530124	3.981809314980055e-05	0.20045219782047352	8.025262866131976e-05	19.976531360687243
45916	190.82781173973765	3.977315520127344e-05	0.20037450904497903	8.010570889627968e-05	19.976531360687243
46115	190.32402297479072	3.973596890197643e-05	0.19922737935970064	8.041945860415569e-05	19.976531360687243
46317	189.8140188345647	3.981294407051687e-05	0.20085208231893603	8.008140723226742e-05	19.976531360687243
46519	189.2894625353249	3.972840434107946e-05	0.19931920360972086	8.035815606303782e-05	19.976531360687243
46720	188.7752498809482	3.979619484416075e-05	0.20070194406948005	8.008029358286558e-05	19.976531360687243
46922	188.25612712655618	3.9726541381364494e-05	0.2005655863507772	7.985768289324623e-05	19.976531360687243
47124	187.74115369672407	3.96704882652553e-05	0.19951307531571033	8.005580619388016e-05	19.976531360687243
47326	187.24478244299752	3.9718867972912465e-05	0.20092578442467182	7.969003587285508e-05	19.976531360687243
47529	186.72261325726203	3.96272581183379e-05	0.19988731881945462	7.973824245523804e-05	19.976531360687243
47733	186.20555497648834	3.963842595314394e-05	0.20040960878000427	7.957855089196473e-05	19.976531360687243
47940	185.69208298798637	3.959789757721002e-05	0.19935164930422145	7.984063148205735e-05	19.976531360687243
48143	185.17043165735123	3.966223736093988e-05	0.20102623799356717	7.943636239628445e-05	19.976531360687243
48345	184.65304885395057	3.956087005849936e-05	0.1990779771151084	7.980760691677358e-05	19.976531360687243
48550	184.13232317996454	3.965237664104306e-05	0.20029173047393325	7.96947337643101e-05	19.976531360687243
48752	183.62475900495082	3.9623488723701005e-05	0.1995657996369877	7.98714169226984e-05	19.976531360687243
48956	183.1146253137596	3.9666570216874684e-05	0.20099197687686893	7.948055858731433e-05	19.976531360687243
49160	182.5857641217722	3.956856384068119e-05	0.19889190131326737	7.992686040679074e-05	19.976531360687243
49364	182.06367492713846	3.967863612760587e-05	0.20017202124462766	7.986163252294605e-05	19.976531360687243
49569	181.5572402462353	3.9661583206380994e-05	0.1999861151448165	7.987054875286234e-05	19.976531360687243
49773	181.04789269426144	3.966296001641736e-05	0.20000043878168253	7.987378121741306e-05	19.976531360687243
49979	180.51335882410746	3.966291650803813e-05	0.20133615896766735	7.93472775945489e-05	19.976531360687243
50185	179.9924041988195	3.95310867830834e-05	0.19828411199842305	8.00374736513237e-05	19.976531360687243
50391	179.47058173936242	3.970176309579349e-05	0.20121816377984883	7.955646503081512e-05	19.976531360687243
50597	178.952249121988	3.958140450485981e-05	0.1984639354682747	8.017578029551711e-05	19.976531360687243
50802	178.43770854634488	3.973428467638301e-05	0.2010257927239984	7.97702141042195e-05	19.976531360687243
51008	177.9184180032362	3.963277713101158e-05	0.20028674610289565	7.965959454606715e-05	19.976531360687243
51215	177.3994352313236	3.960439628425938e-05	0.19936628429310949	7.991643853831163e-05	19.976531360687243
51422	176.87849976058783	3.9667290607958926e-05	0.19967540792301305	8.004999612426912e-05	19.976531360687243
51629	176.3662023392567	3.9699519063015416e-05	0.1998377296097447	8.011862014944577e-05	19.976531360687243
51837	175.84253488677072	3.971563401097782e-05	0.19653471305376446	8.153508683909636e-05	19.976531360687243
52044	175.32023383341152	4.006423579886339e-05	0.1985020110078793	8.215421163717773e-05	19.976531360687243
52252	174.80399184067562	4.021512339525197e-05	0.20095309259635813	8.176837621536402e-05	19.976531360687243
52458	174.27667510646043	4.0119642676502036e-05	0.2018088915473973	8.103930078632069e-05	19.976531360687243
52664	173.7555844094247	3.993943397051671e-05	0.19959683631218633	8.120685125757057e-05	19.976531360687243
52874	173.23634337695074	3.997975025722365e-05	0.19877949099802517	8.170935210757686e-05	19.976531360687243
53084	172.71379156989343	4.010230055759838e-05	0.20125560315887028	8.120348330010935e-05	19.976531360687243
53295	172.19332483544034	3.9977008749743e-05	0.20128510396648117	8.068892434989701e-05	19.976531360687243
53506	171.66547092529927	3.984918787634911e-05	0.19881724579072482	8.11729493114871e-05	19.976531360687243
53717	171.14520764803862	3.996754256445391e-05	0.20026791599021693	8.106830356477457e-05	19.976531360687243
53928	170.6029974651672	3.994079957038385e-05	0.1991635632104909	8.141293428069628e-05	19.976531360687243
54138	170.0829750059802	4.002458234379963e-05	0.1997484801202615	8.151946079245046e-05	19.976531360687243
54350	169.54866851355598	4.00497735519717e-05	0.2007416952095079	8.122243151055375e-05	19.976531360687243
54562	169.02061473697074	3.9975717651371464e-05	0.1985971014902813	8.180032712248739e-05	19.976531360687243
54773	168.49953456251478	4.011666427491211e-05	0.20154913733152163	8.117570854750097e-05	19.976531360687243
54984	167.976096092147	3.9962195492408246e-05	0.19972897846084248	8.128998251279691e-05	19.976531360687243
55195	167.46155081752488	3.9989299581567107e-05	0.19875704355842208	8.1802463158265e-05	19.976531360687243
55408	166.93170261093167	4.011414418918574e-05	0.20018084014848814	8.173282021978496e-05	19.976531360687243
55621	166.40242259964896	4.0096020859127336e-05	0.20030347630532985	8.161327722759175e-05	19.976531360687243
55835	165.86330948710247	4.006563495434408e-05	0.1996848603642961	8.174647956757174e-05	19.976531360687243
56048	165.33523582369844	4.00972379808849e-05	0.20022776666944886	8.165782672460848e-05	19.976531360687243
56261	164.8179267348882	4.007442542793631e-05	0.20088269619165325	8.130327320510106e-05	19.976531360687243
56474	164.2776755255808	3.998628322454823e-05	0.19781175659229072	8.220718261335183e-05	19.976531360687243
56686	163.7633613465547	4.0206844088726264e-05	0.20144544657338373	8.162160223181332e-05	19.976531360687243
56898	163.22586283408344	4.0062334807796705e-05	0.19891288615447117	8.20722377696259e-05	19.976531360687243
57111	162.70493170989877	4.017166149695356e-05	0.20002635079369058	8.206584886059905e-05	19.976531360687243
57324	162.18373558163117	4.0169015370518146e-05	0.2002699583577546	8.195968330979759e-05	19.976531360687243
57539	161.67884914235927	4.014193288067301e-05	0.20067504663794142	8.168832876595288e-05	19.976531360687243
57755	161.12952141357604	4.007435969700136e-05	0.2000007414756142	8.169274861894699e-05	19.976531360687243
57969	160.61617222215125	4.007428541180674e-05	0.19958205863994852	8.186829061438599e-05	19.976531360687243
58184	160.0772431021347	4.01162229044326e-05	0.19982666322471995	8.194402290983031e-05	19.976531360687243
58400	159.54997176090941	4.013361825423819e-05	0.19933184209537771	8.222340401860667e-05	19.976531360687243
58614	159.02594705009327	4.020082568129281e-05	0.20060406074157042	8.198044292743141e-05	19.976531360687243
58829	158.51060326537896	4.014025350515444e-05	0.19980250587994366	8.206608426691622e-05	19.976531360687243
59045	157.97970542182492	4.016008685511335e-05	0.19995093276350367	8.209104243383226e-05	19.976531360687243
59261	157.45759412875756	4.0165014122958275e-05	0.20017426092455173	8.2024298729736e-05	19.976531360687243
59477	156.92873535641056	4.014752756797683e-05	0.1993316717735632	8.23041588313462e-05	19.976531360687243
59696	156.39900819499204	4.0214775468489544e-05	0.19966653211009477	8.244651167173066e-05	19.976531360687243
59912	155.87505031349073	4.024834329184017e-05	0.20060028919620912	8.220464631453073e-05	19.976531360687243
60129	155.34167652907882	4.018807730767216e-05	0.20095104931216354	8.182060023456165e-05	19.976531360687243
60345	154.8242782899798	4.009286463502865e-05	0.1971085772683397	8.302572230263789e-05	19.976531360687243
60565	154.28786941251602	4.038585892965638e-05	0.20186260786025528	8.226471770465113e-05	19.976531360687243
60783	153.77139472112268	4.019910481259764e-05	0.19966913513950754	8.240596184767876e-05	19.976531360687243
61001	153.22872685614723	4.0232397303744256e-05	0.19940372541769766	8.265763881304581e-05	19.976531360687243
61220	152.70145953689092	4.029250563093361e-05	0.1996807373737591	8.279489921147531e-05	19.976531360687243
61440	152.17780008636836	4.032470391288482e-05	0.20028560075788734	8.26819730580097e-05	19.976531360687243
61661	151.64598279906104	4.029594279746044e-05	0.20171726235680448	8.198328735800635e-05	19.976531360687243
61881	151.10490848552	4.012405217442212e-05	0.19871288050970937	8.251966554755586e-05	19.976531360687243
62103	150.57061855968482	4.0253789839840025e-05	0.19937886521301504	8.278208202300848e-05	19.976531360687243
62324	150.04264407695212	4.031644338672734e-05	0.20074183222541547	8.248149154320967e-05	19.976531360687243
62545	149.52311183253747	4.0241880654327304e-05	0.19945875040892905	8.271055675223398e-05	19.976531360687243
62763	148.9924080165428	4.0296443678761816e-05	0.20001652842237905	8.27091481969919e-05	19.976531360687243
62984	148.4534738658726	4.029477869035599e-05	0.19913444502194225	8.307417883994455e-05	19.976531360687243
63210	147.91869056833858	4.0382256095580696e-05	0.20109207403621962	8.262856786971705e-05	19.976531360687243
63434	147.37417750841863	4.027245452592237e-05	0.19952661927816742	8.283030928449091e-05	19.976531360687243
63656	146.84482285996603	4.032019980800368e-05	0.20024203860208178	8.27357539965151e-05	19.976531360687243
63878	146.31023261130434	4.02958243180665e-05	0.20012065534084103	8.269151100917078e-05	19.976531360687243
64101	145.78273441289107	4.028367504877467e-05	0.1991522626210501	8.304914272631999e-05	19.976531360687243
64325	145.24679586520514	4.0369322362011704e-05	0.20008549864999098	8.301943904017204e-05	19.976531360687243
64550	144.71714901577207	4.0360696321186366e-05	0.19934943759510343	8.329614281654652e-05	19.976531360687243
64772	144.179075588763	4.042649977863632e-05	0.2006963636194253	8.301299817878592e-05	19.976531360687243
64998	143.64384070495507	4.0356304172524534e-05	0.2016191930049377	8.235219316429549e-05	19.976531360687243
65223	143.11708596655572	4.0193927841293034e-05	0.19968420915193413	8.248820867739627e-05	19.976531360687243
65447	142.58590329637778	4.0225697654959026e-05	0.1987721908783404	8.300370228113096e-05	19.976531360687243
65670	142.05032098666337	4.034974278333688e-05	0.2008336192208084	8.266515736009251e-05	19.976531360687243
65895	141.51365242049363	4.026591394464835e-05	0.20041864592739694	8.249850013779467e-05	19.976531360687243
66122	140.9819796697125	4.0223837088315044e-05	0.19925236179246414	8.281413837869697e-05	19.976531360687243
66348	140.44577356712773	4.029923072480013e-05	0.2000659206931294	8.279301631423556e-05	19.976531360687243
66575	139.90313036777016	4.029259098306157e-05	0.19973518868318313	8.290903850409764e-05	19.976531360687243
66801	139.3726670965362	4.0319292336757034e-05	0.19967056401493474	8.305203183766974e-05	19.976531360687243
67028	138.83595362616103	4.035253998050841e-05	0.20030617263431139	8.293143094937195e-05	19.976531360687243
67252	138.31783844200478	4.032168828961354e-05	0.1989191443354929	8.338822307975322e-05	19.976531360687243
67477	137.77956830707592	4.0431086717489675e-05	0.20190270647495154	8.26087941947094e-05	19.976531360687243
67706	137.23777862773326	4.0240126942677494e-05	0.19873124569313447	8.314272630935037e-05	19.976531360687243
67932	136.7068380909622	4.036837453224937e-05	0.2010162515330117	8.27287960899609e-05	19.976531360687243
68160	136.1632601023778	4.026620268265381e-05	0.1988672313875294	8.320669668299053e-05	19.976531360687243
68391	135.62489540872483	4.038072009575495e-05	0.20157647874923867	8.256254883305074e-05	19.976531360687243
68618	135.08793427131315	4.022250644273709e-05	0.19776450817066724	8.350256900376041e-05	19.976531360687243
68846	134.5630925395844	4.044920133881573e-05	0.20120553443582734	8.300883161595262e-05	19.976531360687243
69074	134.02027018410053	4.0327842435037984e-05	0.20095369495697282	8.262169152088085e-05	19.976531360687243
69303	133.48769224210977	4.023203379512646e-05	0.1995393274977804	8.281919895788785e-05	19.976531360687243
69533	132.9469592758931	4.02784484720996e-05	0.20062190462855242	8.256936516341821e-05	19.976531360687243
69764	132.41512690724332	4.021597075748695e-05	0.19938225706013693	8.28320804680939e-05	19.976531360687243
69992	131.87931560758594	4.027822283385324e-05	0.19860105387528254	8.34225753545481e-05	19.976531360687243
70224	131.33750622851164	4.041983382582178e-05	0.20059950814717648	8.318038688414393e-05	19.976531360687243
70457	130.79069397543782	4.035938963066609e-05	0.19996029552742914	8.320411723526667e-05	19.976531360687243
70686	130.2611045572434	4.0363396347939616e-05	0.19928164404930074	8.35112228153678e-05	19.976531360687243
70916	129.72463015842135	4.043608042042806e-05	0.20089290313695202	8.314727424174076e-05	19.976531360687243
71146	129.19284158317888	4.034611778068566e-05	0.20117309181958906	8.266958538260203e-05	19.976531360687243
71378	128.6374748208376	4.02283115171791e-05	0.1987769511988726	8.318587046402757e-05	19.976531360687243
71609	128.10606547346808	4.035188152286477e-05	0.20088259028050603	8.282770040313317e-05	19.976531360687243
71844	127.55691425695265	4.026313967909416e-05	0.20009127620714376	8.279753533850111e-05	19.976531360687243
72075	127.01812561285948	4.025395515601223e-05	0.19873696748698802	8.333134368030403e-05	19.976531360687243
72308	126.48804610970666	4.0381665494358926e-05	0.20201025883802126	8.250955913835232e-05	19.976531360687243
72543	125.93735913723943	4.0180238679093625e-05	0.19832329711547722	8.321500956116159e-05	19.976531360687243
72776	125.39107575876538	4.0349730937591164e-05	0.19992989719235563	8.32520491944993e-05	19.976531360687243
73011	124.85401182170055	4.035680437071475e-05	0.20067766232111858	8.297872895050871e-05	19.976531360687243
73245	124.31260380018843	4.028860691323353e-05	0.20024835485399425	8.288370621377581e-05	19.976531360687243
73482	123.75194698292935	4.02636155083702e-05	0.19917365153286262	8.323589656663666e-05	19.976531360687243
73716	123.21280597745582	4.034705359848824e-05	0.1999168153139483	8.327859968227016e-05	19.976531360687243
73952	122.67967262393836	4.0355446859261124e-05	0.2016918096429712	8.258806674127516e-05	19.976531360687243
74189	122.11443307001177	4.0185837816866965e-05	0.20014521968913251	8.253662001630774e-05	19.976531360687243
74424	121.5671551272718	4.017125631990014e-05	0.19803629397899364	8.336346861314938e-05	19.976531360687243
74663	121.01601195217069	4.036993189422505e-05	0.20161526031188115	8.270404266318519e-05	19.976531360687243
74900	120.45521126060518	4.020789287135489e-05	0.19951443291806428	8.29140749594336e-05	19.976531360687243
75137	119.92202633578243	4.0256790999877566e-05	0.19958599098131033	8.309450981720252e-05	19.976531360687243
75377	119.36378274526562	4.029852248695427e-05	0.200347935765958	8.29589914633742e-05	19.976531360687243
75615	118.80574687398412	4.02635149135677e-05	0.19945122699664686	8.319630642355838e-05	19.976531360687243
75854	118.24545727143433	4.031886767504074e-05	0.20068997946835182	8.291924515856308e-05	19.976531360687243
76092	117.69162977467803	4.024949913208546e-05	0.19840950582365674	8.35930822232966e-05	19.976531360687243
76331	117.1293932514538	4.0410501531101874e-05	0.20109501531037813	8.314719579958149e-05	19.976531360687243
76569	116.58668419987966	4.030032843516166e-05	0.19997428833632294	8.316689707287795e-05	19.976531360687243
76806	116.02953283693786	4.030291915618539e-05	0.1996660443291567	8.33153930846186e-05	19.976531360687243
77046	115.46819979356808	4.0336609825032785e-05	0.20212942407958048	8.244709872249846e-05	19.976531360687243
77285	114.90936948728582	4.0123575107736155e-05	0.19789839845828766	8.333224251664967e-05	19.976531360687243
77528	114.33677525183707	4.033606059953642e-05	0.2002410658012337	8.324183062990302e-05	19.976531360687243
77769	113.78792067333843	4.0311773440927414e-05	0.20013345381416497	8.31959742683487e-05	19.976531360687243
78009	113.20647556120838	4.029833076815967e-05	0.20126431349857246	8.268346674440146e-05	19.976531360687243
78252	112.64356993537834	4.0171557199375234e-05	0.2001324138254545	8.263873849597695e-05	19.976531360687243
78497	112.0765385936576	4.015826562505889e-05	0.199208678602227	8.297720305028437e-05	19.976531360687243
78744	111.48965724886135	4.023794739247061e-05	0.2004566765160821	8.279879447290698e-05	19.976531360687243
78990	110.89908256554166	4.019208660176747e-05	0.20075632388744416	8.249763094856341e-05	19.976531360687243
79230	110.34381865240154	4.011630587660274e-05	0.1999533717317532	8.252703891836262e-05	19.976531360687243
79476	109.75424409394486	4.01209830791343e-05	0.19831325776380604	8.324008224616373e-05	19.976531360687243
79721	109.18131081103532	4.029124518711347e-05	0.20025384502061722	8.31454148059178e-05	19.976531360687243
79965	108.59977193135835	4.026570017141149e-05	0.2010855539380189	8.270761146498049e-05	19.976531360687243
80211	108.01079613849834	4.0156866540998834e-05	0.19924574363943365	8.303202935303197e-05	19.976531360687243
80459	107.42544008776609	4.023280282148395e-05	0.19965012898230808	8.318906865357209e-05	19.976531360687243
80706	106.8286420429828	4.026803978887499e-05	0.20015852351641306	8.31350176151281e-05	19.976531360687243
80954	106.2364740490252	4.0252090691234416e-05	0.20020144504747214	8.306313883701322e-05	19.976531360687243
81200	105.64823649200616	4.0231834531037145e-05	0.20014638488010839	8.301434353856625e-05	19.976531360687243
81450	105.04505669140434	4.021711927769845e-05	0.20075098370004352	8.27160226425141e-05	19.976531360687243
81702	104.43083964535477	4.014182525107214e-05	0.19971440142357968	8.284690911927316e-05	19.976531360687243
81948	103.83751501749772	4.0170517103919244e-05	0.2002409609914319	8.275959185580144e-05	19.976531360687243
82199	103.2419017514105	4.014634012906232e-05	0.1988676817748419	8.324349693064368e-05	19.976531360687243
82446	102.61125088407489	4.026047106186726e-05	0.200293908792922	8.313474538255247e-05	19.976531360687243
82694	102.01167961744765	4.0230921360190446e-05	0.19989350942554135	8.319202890729405e-05	19.976531360687243
82944	101.39538170019439	4.024163617404703e-05	0.2011171208826144	8.274342445237942e-05	19.976531360687243
83195	100.7752630995242	4.012971787462972e-05	0.199159668997555	8.310630588677526e-05	19.976531360687243
83447	100.14274681665987	4.021429009072091e-05	0.2015603624152637	8.24769235923018e-05	19.976531360687243
83699	99.51488199345758	4.0058329911681004e-05	0.19898422810369912	8.291229277534089e-05	19.976531360687243
83946	98.8910558052381	4.016044435976908e-05	0.20091979962719075	8.254696468022144e-05	19.976531360687243
84200	98.24477511143036	4.006841277383357e-05	0.2002665515574706	8.245194235084464e-05	19.976531360687243
84450	97.61687611160559	4.004173868886955e-05	0.1986872654595003	8.301153275136532e-05	19.976531360687243
84705	96.96930799813944	4.017379958258889e-05	0.20117418323496808	8.254243918043534e-05	19.976531360687243
84959	96.32106404865603	4.0056387811509215e-05	0.19982443939304537	8.263052554707882e-05	19.976531360687243
85215	95.66295318555258	4.007398020373978e-05	0.20090731914269014	8.227341048555344e-05	19.976531360687243
85473	94.98784211730005	3.998338859718979e-05	0.1994396274773726	8.252119758079721e-05	19.976531360687243
85725	94.3353385520735	4.00395205611366e-05	0.1997586842089738	8.263725038435661e-05	19.976531360687243
85980	93.66832852748433	4.0063697863647416e-05	0.20080848902177595	8.232149008749104e-05	19.976531360687243
86232	93.00438242074284	3.998296490055082e-05	0.19937670641774755	8.259587120362474e-05	19.976531360687243
86486	92.32788825244614	4.004541371687186e-05	0.20059362322796076	8.236912440621968e-05	19.976531360687243
86741	91.65030041863758	3.9986115966838074e-05	0.19973514137003548	8.24963405038921e-05	19.976531360687243
86996	90.9628224621818	4.001261896277841e-05	0.2002064865063833	8.242964574610534e-05	19.976531360687243
87249	90.29981744376646	3.999197977807625e-05	0.20002005888577126	8.243949718712425e-05	19.976531360687243
87504	89.62918925406531	3.998997444253263e-05	0.20069290487454733	8.217338786981836e-05	19.976531360687243
87758	88.9574958165155	3.9920880802678166e-05	0.20014713794408526	8.213177718309352e-05	19.976531360687243
88010	88.27181720049468	3.990620420942752e-05	0.20063281777037892	8.189210871376875e-05	19.976531360687243
88266	87.59207440267423	3.984322024728876e-05	0.19810993972918356	8.26931401417585e-05	19.976531360687243
88520	86.89217168517126	4.003283043486466e-05	0.2014808769222416	8.210577994051725e-05	19.976531360687243
88781	86.1956408231003	3.988543920091224e-05	0.19984117994292466	8.219175018382725e-05	19.976531360687243
89033	85.52117266721422	3.99012851583224e-05	0.19898232546020606	8.26327200288986e-05	19.976531360687243
89292	84.82683256663083	4.000319052805131e-05	0.20121290159454228	8.215586070069981e-05	19.976531360687243
89549	84.1190254102391	3.9882439638430806e-05	0.20002713923927673	8.216690925258559e-05	19.976531360687243
89808	83.4246191586736	3.9879733966109056e-05	0.2009719114782812	8.17913846395066e-05	19.976531360687243
90066	82.71368603405678	3.978318677842334e-05	0.19951146082262103	8.201438661152984e-05	19.976531360687243
90326	82.02635887334421	3.983186508968743e-05	0.20058862786424136	8.179634876113331e-05	19.976531360687243
90590	81.30565950255769	3.977337879386718e-05	0.20001354359281343	8.181464650313403e-05	19.976531360687243
90849	80.61563814720616	3.9772032176141456e-05	0.19914997334448942	8.218741417360896e-05	19.976531360687243
91113	79.88835960473506	3.9856820762899254e-05	0.2020515496467171	8.137768233738144e-05	19.976531360687243
91373	79.19366009975263	3.9653959494091745e-05	0.19857028337656085	8.198799391257219e-05	19.976531360687243
91634	78.49003703101002	3.979645876444622e-05	0.20090385529368276	8.164432926957179e-05	19.976531360687243
91895	77.78233510888593	3.970683682024979e-05	0.19986836122800788	8.172354659737353e-05	19.976531360687243
92156	77.09307263310257	3.9719910672547656e-05	0.19950366265480246	8.195237207338556e-05	19.976531360687243
92420	76.39645008255381	3.976928878486921e-05	0.20073736869168532	8.16772684880349e-05	19.976531360687243
92682	75.68589781236571	3.969617930916602e-05	0.19914713007882703	8.205448547870231e-05	19.976531360687243
92942	74.97632731621009	3.978109016635811e-05	0.20124250398550075	8.157528439770419e-05	19.976531360687243
93210	74.26887214220214	3.965809255670734e-05	0.2000090407901097	8.159970018914216e-05	19.976531360687243
93474	73.55941110251686	3.965719623586777e-05	0.20000762189049698	8.162524681043372e-05	19.976531360687243
93738	72.85164122162634	3.9656440600447526e-05	0.20243732981861923	8.067116084489765e-05	19.976531360687243
94004	72.1506978068094	3.9416987427156415e-05	0.19850620130746718	8.130749090780995e-05	19.976531360687243
94272	71.43995596629017	3.9565019795524416e-05	0.20104680137781433	8.0914162193308e-05	19.976531360687243
94536	70.73141191792459	3.946188269154265e-05	0.19853660771624745	8.15413495104015e-05	19.976531360687243
94802	70.01746022881309	3.960705035530551e-05	0.20106044375432072	8.114268315940668e-05	19.976531360687243
95072	69.31212039368387	3.9502463456046464e-05	0.1999048176973382	8.121333978906041e-05	19.976531360687243
95340	68.60434713133485	3.951186665107759e-05	0.20071909472013563	8.095480306837444e-05	19.976531360687243
95607	67.891675274696	3.944102568732581e-05	0.20060085826358565	8.07455562806076e-05	19.976531360687243
95874	67.18094609141616	3.938191268302245e-05	0.19968955609950445	8.090480396187545e-05	19.976531360687243
96141	66.47293633192098	3.94125129978939e-05	0.19999460211973585	8.094154759066176e-05	19.976531360687243
96408	65.75582687837914	3.941304486872527e-05	0.20117610906211633	8.050396430826258e-05	19.976531360687243
96680	65.050463898511	3.9297668379507685e-05	0.19914242885797256	8.088625552766021e-05	19.976531360687243
96953	64.32089869290513	3.9382191660445425e-05	0.20034562932299957	8.078463821384195e-05	19.976531360687243
97224	63.599280796293606	3.934820660187575e-05	0.20066465136156447	8.055524764829181e-05	19.976531360687243
97497	62.880187355161794	3.9282987015276166e-05	0.2003623836107997	8.044837691952894e-05	19.976531360687243
97769	62.163604763290195	3.924744652863326e-05	0.20026608418397712	8.038097808530405e-05	19.976531360687243
98040	61.43110989482323	3.922136473861226e-05	0.19910004070950257	8.078571946415446e-05	19.976531360687243
98313	60.70959725937049	3.9309907749016524e-05	0.19954746224100064	8.101102842744768e-05	19.976531360687243
98586	59.975857110727794	3.935445640699754e-05	0.2001819263340303	8.098110334294938e-05	19.976531360687243
98859	59.253633279125125	3.9336569578937215e-05	0.2023774381841476	8.00733143620479e-05	19.976531360687243
99141	58.50340802969194	3.910483291154108e-05	0.19921741580468674	8.043450100499272e-05	19.976531360687243
99416	57.75711775474064	3.918156523123271e-05	0.2011682929785072	8.001468816801263e-05	19.976531360687243
99687	57.0242635196774	3.906762530214892e-05	0.19908856441778394	8.042833452478322e-05	19.976531360687243
99963	56.29470733946997	3.9156949778537e-05	0.20128476935251544	7.9963968431253e-05	19.976531360687243
100239	55.530196357512274	3.903178337158138e-05	0.20136032409425145	7.947530626370833e-05	19.976531360687243
100512	54.78883284456594	3.8899717001610016e-05	0.1980242407308885	8.03202940320616e-05	19.976531360687243
100787	54.043562384461026	3.909329360715899e-05	0.20110363528234276	7.99337230324503e-05	19.976531360687243
101064	53.290287785675496	3.8985876119455894e-05	0.20003390003027155	7.997576238685443e-05	19.976531360687243
101343	52.50730476051991	3.898257248347353e-05	0.19986762102440525	8.008808847157987e-05	19.976531360687243
101618	51.74980845098949	3.899548007395662e-05	0.20084012781124055	7.981242627292518e-05	19.976531360687243
101894	50.97609426267852	3.891383423930765e-05	0.20053938908711594	7.965948379427052e-05	19.976531360687243
102174	50.18937659327426	3.886146589763706e-05	0.2008765427125141	7.937670063704374e-05	19.976531360687243
102453	49.39266364539015	3.8776585464104805e-05	0.2068404247870372	7.681700336569509e-05	1
102654	48.831242458312815	3.81300040357458e-05	0.20065741485143623	7.661298652921324e-05	1
102854	48.24964948517858	3.806749003238144e-05	0.20028266810445824	7.655487861308525e-05	1
103056	47.670559246333504	3.804061735109359e-05	0.2002552055246033	7.650803528138673e-05	1
103260	47.073109205240264	3.8016370114467127e-05	0.20014708709182322	7.650582301834954e-05	1
103464	46.48433682869412	3.8002398527091054e-05	0.20028448280839967	7.645125578387438e-05	1
103668	45.88584312769355	3.7975399753608e-05	0.19969811471922846	7.662438056085394e-05	1
103871	45.28124026367552	3.8004092775743404e-05	0.20093449274121852	7.632593935541503e-05	1
104076	44.669396683497574	3.791561633542733e-05	0.20012077019155938	7.634036265480684e-05	1
104277	44.05976780491761	3.7904173826724216e-05	0.20027881011157384	7.629671295965051e-05	1
104484	43.448977887331836	3.7877781250625495e-05	0.19958646947452885	7.652013907162254e-05	1
104687	42.83408387768031	3.791700112788819e-05	0.20022723807083537	7.649931874523289e-05	1
104894	42.183952135028136	3.789547900060736e-05	0.2006506573204492	7.632283486458128e-05	1
105102	41.54170007021717	3.78339865723073e-05	0.20001256911210816	7.639233940882209e-05	1
105306	40.89980112443332	3.783279777929297e-05	0.2003418761254588	7.633789752638123e-05	1
105515	40.23999629787571	3.780050384956363e-05	0.2004961609992457	7.622825441940998e-05	1
105723	39.577128847697175	3.775370306988509e-05	0.19956503834819003	7.647800268346255e-05	1
105930	38.89554252757697	3.779482368677003e-05	0.20006996940205898	7.65405134742967e-05	1
106137	38.22100455095057	3.778821421791096e-05	0.2007986986092307	7.63263394727479e-05	1
106341	37.53217325741381	3.771298597532147e-05	0.20034975379471903	7.628875225562814e-05	1
106548	36.84231784290127	3.76800535125965e-05	0.20013666721182244	7.63356046812209e-05	1
106755	36.12798540007038	3.766718603719133e-05	0.20013921064751958	7.63887300259993e-05	1
106965	35.39957932102768	3.765408369334517e-05	0.19996402991690077	7.651593990158962e-05	1
107174	34.66218238770156	3.765747020144937e-05	0.19959755424158776	7.679160998995791e-05	1
107382	33.917366032892744	3.769541519946257e-05	0.2010628936788137	7.651084175049942e-05	1
107589	33.15202033640052	3.759564713813317e-05	0.20020765023246984	7.656497454092227e-05	1
107796	32.37973537225984	3.7576145460379446e-05	0.20080984740557006	7.640014158910651e-05	1
108008	31.568552507371184	3.7500298365179314e-05	0.1996721967319074	7.668148438661298e-05	1
108216	30.765434280420653	3.7531067995190896e-05	0.20018222942470076	7.677525402033765e-05	1
108426	29.927285444071842	3.751398150820941e-05	0.20008614321154092	7.692180123176945e-05	1
108636	29.076475685983137	3.750590517995698e-05	0.2003125119367567	7.699684564857648e-05	1
108846	28.187878894525447	3.747663686793841e-05	0.20050268579061253	7.701425251442421e-05	1
109056	27.28034467103511	3.7429628032343745e-05	0.20124199355404152	7.677259176034438e-05	1
109266	26.344465804645143	3.731394813883274e-05	0.19908965855627017	7.737948199023592e-05	1
109479	25.385520106256998	3.739916022833588e-05	0.20106384872453215	7.725410172314822e-05	1
109689	24.383185447487907	3.730008767461913e-05	0.2009916001845404	7.718537210659997e-05	1
109902	23.3465347845409	3.7207963163935345e-05	0.20107944284594947	7.712832123948591e-05	1
110112	22.26568184359915	3.7107958119715466e-05	0.2000926494621177	7.749382333573361e-05	1
110327	21.119774948597666	3.709936602389902e-05	0.20262860799392945	7.69562398792757e-05	1
110541	19.922313210582942	3.685794397393152e-05	0.20256709775747303	7.651881629747714e-05	1
110757	18.683715344297006	3.6623652151068396e-05	0.20323193415484087	7.592071807194017e-05	1
110969	17.408724095891817	3.633127784120434e-05	0.20258900008589376	7.567829293302928e-05	1
111186	16.063981742800568	3.60983823383372e-05	0.20871952578264408	7.336831715307235e-05	1
111402	14.678750596891883	3.5336310192871906e-05	0.20974130734924862	7.095756331781596e-05	1
111617	13.303802578167886	3.450596767350737e-05	0.21121301769488351	6.833072357623467e-05	1
111872	11.677107539310379	3.357753946105784e-05	0.2352144320333526	5.952216735238823e-05	1
112148	10.068043716066997	3.096220511666481e-05	0.2578883384457692	4.7576829453707256e-05	1
112425	8.821500275531102	2.7266602643488944e-05	0.23023276524376005	4.262370769596474e-05	1
112716	8.002753790397854	2.5413381860382472e-05	0.181037660441384	4.8287798451717544e-05	1
112986	7.664493437484302	2.67111751899909e-05	0.12063981316206535	8.114931022672375e-05	1
113235	7.645854294735686	3.4392414446524726e-05	0.11537944186814159	0.00014148171278666763	1
113451	7.8297549457663305	4.528073279148803e-05	0.16416360434820365	0.00017266656654915476	1
113661	7.945554476458297	4.997928110094816e-05	0.1942410850416771	0.00017787965996203826	1
113871	7.963403205995605	5.0714769401613536e-05	0.19804101950760725	0.00017967266262938883	1
114078	7.964008360036313	5.0964982126104756e-05	0.20189958118491091	0.0001780070628446019	1
114285	7.935125786540734	5.072466237549255e-05	0.19950326420227388	0.00017845858357243467	1
114494	7.944337715384779	5.0787771846678504e-05	0.1992510721042166	0.00017913213810712264	1
114699	7.9521615525476665	5.088313069153035e-05	0.2008084705124803	0.00017840540128318113	1
114905	7.939706656613263	5.078059766613717e-05	0.19898741930124678	0.00017931602946996106	1
115110	7.914188658348071	5.0909636489391876e-05	0.19763852167213752	0.00018147829357733117	1
115319	7.939823785902116	5.1212879537583556e-05	0.20296535933717252	0.00017882963898463265	1
115523	7.940091748924711	5.0837388437720324e-05	0.20025698464970887	0.0001786140091242046	1
115728	7.955380812356171	5.080475880813325e-05	0.20085406732017114	0.00017785727036229287	1
115935	7.913406411391874	5.069662828991964e-05	0.1970257088773984	0.00018053659259906484	1
116145	7.936878471350374	5.1077851940559175e-05	0.200088365666431	0.00018045406143905047	1
116351	7.939538434488598	5.10665718572504e-05	0.20201160492724451	0.00017866821322283687	1
116556	7.941915209595089	5.081167862656232e-05	0.19963086962796833	0.0001790096929931097	1
116772	7.932883957837084	5.085863396856662e-05	0.20038296304235664	0.00017866757759767328	1
116979	7.955862805401811	5.081001134195709e-05	0.20022955379541252	0.00017846551288932955	1
117189	7.924280671121518	5.078087734151486e-05	0.19831942327544527	0.0001799862243107292	1
117399	7.923748838781377	5.099558431257438e-05	0.20057325532216244	0.00017946345388175725	1
117606	7.953646847592395	5.092265732159352e-05	0.20052907284197818	0.00017900107038246543	1
117813	7.929565452731213	5.0855436172971696e-05	0.20018534465023952	0.00017884644002624952	1
118017	7.914136775725257	5.0831888081055894e-05	0.20042814240738538	0.0001784477841883578	1
118227	7.927469084685334	5.0777567062420565e-05	0.1994139287946148	0.00017896945940847723	1
118440	7.937073048604548	5.085212914742415e-05	0.19882353928152646	0.00018001168072309684	1
118650	7.951244474771964	5.1002356064495146e-05	0.19992872019064603	0.00018005909448105622	1
118863	7.950670097838524	5.101144709013418e-05	0.20152583303118696	0.00017869024902441644	1
119073	7.946537285640372	5.0817966085525913e-05	0.2005843772392505	0.00017816965756139682	1
119286	7.939526446930479	5.0743886228924744e-05	0.19860333230250846	0.0001794059221266218	1
119495	7.9401726808726565	5.092200051482374e-05	0.20015562316113067	0.00017924417923819948	1
119703	7.936835974415124	5.0902200462397036e-05	0.1984188340379397	0.00018065572476742535	1
119913	7.9465211795032795	5.1104613505456375e-05	0.20026543125910723	0.00018039388840992746	1
120123	7.954799142303455	5.107073531819418e-05	0.20137796171475675	0.00017913449402823586	1
120336	7.9567014888085765	5.08957054473856e-05	0.20063175665463437	0.00017855934500541108	1
120543	7.952862800018944	5.081551113327546e-05	0.19938716135406154	0.00017909149158025272	1
120753	7.952726106432188	5.089354478436623e-05	0.1987840368955134	0.0001801981800776468	1
120963	7.965764360457706	5.1048965523376166e-05	0.20034041045584142	0.00017988362008414	1
121176	7.971949595015017	5.100557689874731e-05	0.20161344117261767	0.00017843576797366414	1
121386	7.978038818731102	5.080107713206894e-05	0.19949413801919713	0.0001788771282182687	1
121601	7.955186281487471	5.086544509649811e-05	0.2012899322527949	0.00017771979289021516	1
121812	7.969189671320717	5.070220187559996e-05	0.19722595891841446	0.0001802306608907714	1
122025	7.979708528085477	5.1057527484604975e-05	0.2003047877612035	0.00017994524846619213	1
122237	7.974034415757458	5.101866762027368e-05	0.20106960948375338	0.00017898523458552675	1
122448	7.986074971588942	5.088278727209248e-05	0.20038555003321562	0.0001786519485311711	1
122661	7.9324301869534946	5.083381341693949e-05	0.20033333751809576	0.00017836022245811084	1
122877	7.977464558843137	5.07915042537187e-05	0.1979217435251126	0.00018024426293069683	1
123090	7.963328491931539	5.105747330917342e-05	0.2007128806945902	0.00017959850745562418	1
123300	7.96489671934713	5.0966721127690303e-05	0.19985830200232002	0.00017971747470659817	1
123516	7.953825190642309	5.098478543287202e-05	0.2000985097005956	0.00017962621126621278	1
123729	7.9437138445801185	5.097223382951703e-05	0.2007146346550608	0.0001789755512447882	1
123944	7.9599392480221685	5.088141084002996e-05	0.2005182339270527	0.00017852130444981183	1
124158	7.954970076803698	5.081561749036984e-05	0.19920475696357187	0.0001792395400746136	1
124376	7.963530810660867	5.091694668558798e-05	0.19946615012241076	0.00017972483340649716	1
124586	7.956579572658428	5.0985038044952775e-05	0.20125413485998936	0.00017860763209050253	1
124800	7.969500745272295	5.0825930654248295e-05	0.19939801238420937	0.00017914407306506458	1
125013	7.971835252047197	5.0902595216449785e-05	0.2004726639537407	0.00017871060334083774	1
125228	7.976158274855728	5.084255206661022e-05	0.1999275998264146	0.00017877532016190027	1
125445	7.9464282607364956	5.0851757089843296e-05	0.19762423533363985	0.00018092729781166479	1
125661	7.974512728509255	5.1156504341905217e-05	0.2003273995029464	0.00018061758971801904	1
125879	7.982962990759815	5.1114684144341255e-05	0.20250491208873683	0.00017839448876143067	1
126096	7.969209191118079	5.079756540863271e-05	0.19933808396578745	0.0001789924152180318	1
126311	7.974370301185867	5.088183394413007e-05	0.20059366503072937	0.00017845991060884783	1
126525	7.981153264834715	5.080648473463326e-05	0.19796051887027108	0.00018027610591058322	1
126740	7.9849929521394145	5.10675300962172e-05	0.19929557581563578	0.00018090207514834174	1
126960	7.972798850413697	5.11577013699395e-05	0.2018644902892293	0.00017920060909231366	1
127176	7.955831449666176	5.0920898185724635e-05	0.2003864981933926	0.00017886607575265777	1
127398	7.956996023821059	5.08717672951331e-05	0.20003348867562504	0.00017882503040449893	1
127622	7.98962192351246	5.086750875963977e-05	0.19860882619929193	0.00018008880496310882	1
127839	7.975048738373719	5.104535094827423e-05	0.19761057000217555	0.0001822522270404546	1
128060	7.984357136078942	5.135303389232714e-05	0.20382754484709167	0.0001788159560836695	1
128282	7.996101191468016	5.086858622653534e-05	0.20007878942068646	0.00017874831361259328	1
128502	7.975496235530873	5.085856941990735e-05	0.20067041707444408	0.0001781400778482055	1
128726	7.962524248471025	5.077354199139144e-05	0.19834551532844164	0.0001796288078181774	1
128949	7.966452747143817	5.0984864125972477e-05	0.19642183631044152	0.00018290105743057716	1
129171	7.980505591770365	5.1447157030497855e-05	0.2037786849172813	0.00017948443889934218	1
129395	7.9744887375198905	5.0967930619013676e-05	0.20034449799771445	0.0001791674690920756	1
129612	7.978892758143616	5.0924091370276846e-05	0.2006020757325738	0.00017862418203071876	1
129837	7.968607746632756	5.084761359827125e-05	0.19886086623052823	0.00017965018192726072	1
130058	7.995313919313811	5.0993040706829215e-05	0.19795737949356038	0.00018150108326992582	1
130278	7.972453464919382	5.125545102049376e-05	0.20322343300959844	0.00017860279751977587	1
130500	7.970595673235637	5.0847331463303104e-05	0.199794780319603	0.00017879457335496216	1
130725	7.987247824927464	5.087343873927744e-05	0.20012783046231192	0.00017867759659745872	1
130949	7.975282459447606	5.085718859061913e-05	0.1990370200249653	0.00017954485990739636	1
131175	7.980482743281924	5.098006864596729e-05	0.19925949311710858	0.00018020091544451416	1
131400	8.000594652594748	5.107470926412143e-05	0.20104019032143822	0.00017924907585622528	1
131622	7.979634146654085	5.094240657034168e-05	0.2013917232390842	0.00017800484525233438	1
131846	7.974689239246588	5.076608194242367e-05	0.1988957476880106	0.00017899311304689545	1
132074	8.003055957622774	5.0906811372678215e-05	0.1980881105319071	0.00018069546445743825	1
132303	7.995456888025112	5.115189038539415e-05	0.199831086151192	0.00018082855902849974	1
132533	7.985452890938076	5.1173504734165805e-05	0.20231094021242374	0.00017874081432391907	1
132756	8.003394655308949	5.088039512305707e-05	0.19911546919433956	0.0001795236907035584	1
132981	7.99731217423145	5.0993282901284116e-05	0.20131003562580227	0.00017833328975995854	1
133209	7.978857666227632	5.082709135208129e-05	0.19743859038016345	0.0001806328262331991	1
133433	8.028498770162019	5.115572385376808e-05	0.2011737821283251	0.00017958168057741222	1
133659	8.014400426334728	5.10062672076877e-05	0.20170681090843087	0.00017806485228315558	1
133884	8.015327558879909	5.079000528756273e-05	0.20024908214988116	0.00017785164404149407	1
134109	8.004394719749408	5.0758407589312586e-05	0.19943279026830854	0.0001783519389126822	1
134337	7.994011568047792	5.083053770588859e-05	0.1988537270886223	0.00017937168031176797	1
134565	7.987622550441222	5.0976831023456464e-05	0.19672307833776304	0.0001823510807722059	1
134789	7.991663652013118	5.139965169439937e-05	0.2048886234519496	0.00017798638997768652	1
135014	7.9836578748709215	5.078275425141745e-05	0.1990501891738705	0.0001788273647117895	1
135246	8.017679452327236	5.090377048129902e-05	0.19935797959526527	0.0001793893475987499	1
135476	7.990999228410246	5.0985670863886796e-05	0.19944900240315658	0.00017987934536883908	1
135710	8.03699227456522	5.105604877033179e-05	0.19759219919431403	0.00018206000087106302	1
135941	8.028325829481643	5.1366183873489516e-05	0.20398725428871922	0.00017848472968137044	1
136170	8.0041875854988	5.0861689672408816e-05	0.2003858441857785	0.0001781382917365565	1
136398	8.009909180564163	5.081269882854718e-05	0.1998729673290852	0.00017826810868448075	1
136629	8.0289671071234	5.0828843702049856e-05	0.19785597030359	0.0001801858963753435	1
136856	8.038103141662672	5.1103500331156383e-05	0.19893996562817168	0.0001811460013139035	1
137085	8.005530587653016	5.123946973359771e-05	0.20350458211732736	0.0001780375108521969	1
137316	7.998373565971369	5.079635250785442e-05	0.200465959528296	0.00017763195324282626	1
137547	7.995893320441245	5.073728309154441e-05	0.19792294513079406	0.0001795211406992803	1
137777	8.005483342475715	5.100281339684455e-05	0.20031598240619863	0.00017924352361891574	1
138009	8.009137478865696	5.096257109579301e-05	0.19996112948677658	0.00017927836682955837	1
138239	7.997653181412332	5.096752417102106e-05	0.201067353432134	0.00017831837691819794	1
138474	7.990616019352268	5.0832065210606606e-05	0.19914629524112074	0.00017906890104706926	1
138704	8.015647592644164	5.094090270632759e-05	0.19874956577152147	0.00018019271787545187	1
138936	8.007955178953585	5.1100898962356725e-05	0.20027293738261523	0.00017993318422470934	1
139167	8.006250026662084	5.106606624608888e-05	0.20153965274651153	0.00017855859308343864	1
139398	8.006000064407674	5.0870633869598045e-05	0.20047330882365041	0.00017814255293456316	1
139626	8.025762639938916	5.081054669810917e-05	0.20011789190216484	0.00017803208125362317	1
139857	8.020115868193972	5.079557793539317e-05	0.19790936382747468	0.00017990715776057255	1
140091	8.04486337136884	5.106316530844034e-05	0.19862905792444785	0.00018112639274394748	1
140322	8.016023244824716	5.123908182398508e-05	0.20261103312171305	0.00017879223056440437	1
140555	8.016559708233663	5.0907854143230766e-05	0.20071116885974505	0.00017815596110558029	1
140789	8.007688275777417	5.081758460887071e-05	0.19984479846389325	0.00017828601837115425	1
141023	7.9853983171431535	5.083731350992892e-05	0.19824185672508077	0.0001798671797332881	1
141261	8.03280298611673	5.106224579017221e-05	0.19738377073463956	0.00018222578182486168	1
141497	8.044776482083606	5.13995348715399e-05	0.20408511582523822	0.00017855882017573873	1
141735	8.046170294149817	5.088250930262844e-05	0.2000957142122325	0.00017846232956199385	1
141969	8.019107063031608	5.087033822276343e-05	0.2001031151233013	0.00017837590241405772	1
142209	8.013212599093452	5.0857229538438656e-05	0.19904647112241242	0.0001792359722242832	1
142451	8.028266767568416	5.097889936304226e-05	0.20000804187656862	0.00017924823644827458	1
142686	8.035111942622159	5.0977874478908926e-05	0.20086438125902437	0.00017848241567036487	1
142923	8.019843083485785	5.086806947787831e-05	0.20034550283753005	0.00017818014666500453	1
143159	8.01908241215799	5.0824188667382085e-05	0.19894093071651756	0.00017913147502922883	1
143394	8.019481344652363	5.095929130893987e-05	0.19807673166525827	0.00018086517666733159	1
143634	8.041850352840862	5.12060937228577e-05	0.20254090075504025	0.00017857957181140432	1
143871	8.025066252495678	5.0883886598700225e-05	0.19979113494220285	0.00017875793944487016	1
144110	8.022765078297478	5.0910477092145696e-05	0.19819397511919745	0.0001803840558295473	1
144350	8.021895451016292	5.1141909646356656e-05	0.19960697090481255	0.00018070557962399038	1
144591	8.023159743869247	5.119223447641036e-05	0.20225467026140861	0.00017869945112663804	1
144830	8.011956891100331	5.090609748672014e-05	0.200054308515039	0.00017863153370793156	1
145070	8.029749824871283	5.089918730759185e-05	0.19873750178149507	0.0001797607274866376	1
145308	8.044266809638353	5.1060602241864026e-05	0.19969279307953808	0.0001800065399434008	1
145548	8.043090720455355	5.109986290288748e-05	0.19986075599274725	0.00018012636062406893	1
145790	8.03889388683535	5.1117660570948336e-05	0.20148665908042646	0.00017878898342814557	1
146028	8.039919252242104	5.092872688518302e-05	0.2004543887379326	0.00017837816915709196	1
146270	8.018362311574277	5.087097167916907e-05	0.20016688898191895	0.0001782294465027179	1
146540	8.034575864114876	5.0849760441271585e-05	0.19626922879798997	0.00018160321772010813	1
146778	8.048164702639323	5.1330772604427387e-05	0.20411580310331373	0.00017793307556204042	1
147021	8.03932180943223	5.0810618783813505e-05	0.19988010004045187	0.00017804533643300192	1
147264	8.04561977393979	5.082585611307973e-05	0.19826064373018432	0.00017960455493499133	1
147503	8.048995574915695	5.10483188805699e-05	0.199572035764269	0.00017999528726955432	1
147741	8.017381214542732	5.110302382728234e-05	0.2003711853346048	0.0001796590599261752	1
147986	8.038157870532041	5.105566800130587e-05	0.20168633420442866	0.00017815689955877063	1
148229	8.004965645735986	5.0841777348421e-05	0.19977310617541544	0.00017836201056789977	1
148476	8.042393118856149	5.087064112281785e-05	0.19865470998402412	0.00017957823874854479	1
148724	8.029769977707781	5.1042598521892465e-05	0.2001042369008824	0.00017948747952713378	1
148970	8.037658972732293	5.102930241325388e-05	0.20151607289681814	0.00017814266417091448	1
149217	8.044454820737512	5.0836984747845116e-05	0.19869279964799286	0.00017932023074075055	1
149468	8.055474057765977	5.100393891551206e-05	0.1991614809764962	0.00018007521320040077	1
149712	8.023200463539158	5.111119572952554e-05	0.20019571614285936	0.00017989637553752108	1
