时间秒	晶中温度K	设定电流	电压差V	κ	时间常数
127	292.1223365920086	0.0001	1.1994563365183613	8.417350764949772e-05	18.05779517706855
319	291.5944808135028	6.456434962666224e-05	0.48778811494299906	8.628031735944872e-05	18.044826616320933
511	291.71622500499836	6.536754515685363e-05	0.5043267101399757	8.553979733688755e-05	18.048126370686816
702	291.889939020156	6.508654116118564e-05	0.5039026036464098	8.487682705020665e-05	18.209321787806218
895	292.00512347391447	6.483401151520139e-05	0.49820384375978083	8.518249545746016e-05	18.121287846449196
1087	292.114419348852	6.495077822078022e-05	0.4975214975768073	8.560654293879462e-05	18.013944728086546
1279	292.2568453992278	6.51123598514483e-05	0.4953246936625181	8.64141703551396e-05	17.94271245158169
1470	292.38390658904024	6.541893173952522e-05	0.5052219848607389	8.55206551590266e-05	18.095209942748344
1662	292.5110680047114	6.50799678658772e-05	0.5008455688639646	8.537590550066071e-05	18.125251081290628
1854	292.6184805811686	6.50250079701313e-05	0.4991747728391555	8.551674137767682e-05	18.034079638740337
2046	292.7303930815239	6.5078734887364e-05	0.4976335437209989	8.592310173032303e-05	18.006559029321746
2238	292.8631164156694	6.523328970589357e-05	0.49773254017503643	8.631416026199359e-05	17.90801493440357
2429	292.9565905958033	6.538170856144323e-05	0.5033000448811652	8.574796862806922e-05	18.054489188483213
2621	293.0629291207588	6.516700818747179e-05	0.5012164538578888	8.553955157819037e-05	18.080017407344556
2813	293.1924331353242	6.508787988361364e-05	0.4979782469425085	8.588646617654718e-05	18.050479054639325
3004	293.28071514612316	6.521987192188665e-05	0.49680872424715194	8.643791433196936e-05	17.95272726175885
3196	293.3753813703767	6.542900816908649e-05	0.5005527238105442	8.634221962081748e-05	17.974318600576986
3387	293.45342463890887	6.539287395397448e-05	0.5028380502804254	8.585468308945782e-05	18.063476704486582
3579	293.53701905554664	6.520807203435055e-05	0.5004238300230154	8.578172303272658e-05	18.113213003604333
3771	293.6365800904574	6.518045245345103e-05	0.49849406765115645	8.604058872246636e-05	17.999080023182945
3963	293.7138832199512	6.527883209079174e-05	0.4975948113909599	8.645625987484982e-05	17.946843207405053
4154	293.84238463578316	6.54364087248783e-05	0.49993208829526053	8.646766296385016e-05	17.996066890281995
4346	293.918860547908	6.544085307568711e-05	0.5029672673599789	8.595732898609092e-05	18.088822441908572
4538	293.9960612968522	6.524753259440461e-05	0.5009531898306534	8.579355791883121e-05	18.08301454726218
4730	294.03963047777125	6.518542809183767e-05	0.49797941001184937	8.614154822659623e-05	18.037767155741548
4921	294.1280719208437	6.531754167139856e-05	0.4956026753962665	8.690560512463171e-05	17.912734267584437
5113	294.2241281420407	6.560667261221782e-05	0.5043592616225394	8.615421792545137e-05	18.035938798194504
5305	294.25243066506	6.532253257919186e-05	0.5017039640159197	8.586151524222476e-05	18.114239212903527
5497	294.330191305609	6.521150902401059e-05	0.49870191326987146	8.60847904286089e-05	17.997607279647802
5688	294.41790256826164	6.529632440087469e-05	0.4976818238583323	8.648552039180567e-05	17.993766815454414
5880	294.49711219434624	6.54482211719911e-05	0.4968480127436184	8.703396278132381e-05	17.851446614090985
6071	294.54771333679366	6.565549362773e-05	0.5037219695053067	8.63907502222686e-05	18.021075928491086
6263	294.62188130519604	6.541248176819136e-05	0.5035396829160175	8.578324196965051e-05	18.14450412650096
6455	294.65331270030725	6.518216448034638e-05	0.49819184739669153	8.609449345200597e-05	18.022208771044898
6647	294.71929926562626	6.530034440852788e-05	0.49652142605067845	8.66974749560848e-05	17.83974502595972
6838	294.8035296893774	6.552868864713084e-05	0.4990641178686794	8.685983796014717e-05	17.991418730479232
7029	294.8180264329667	6.559010200287819e-05	0.505265570049873	8.595460673141917e-05	18.10557368056479
7221	294.90222376572433	6.524743685443992e-05	0.5004895158063642	8.587028980238985e-05	18.08843899235786
7413	294.9667694595482	6.52155206361039e-05	0.49837102465458333	8.61507795522461e-05	18.0783693604305
7604	295.03636106800684	6.532201539813415e-05	0.49783969738076794	8.65244315979967e-05	18.11535938498434
7796	295.0734133566802	6.54635896494675e-05	0.49911866565312024	8.667712130238216e-05	17.984611720880203
7988	295.10665893115305	6.552136134499337e-05	0.5046951310069244	8.587067960816078e-05	18.120977843090674
8180	295.14905050008474	6.521587970851134e-05	0.5006675172973538	8.575606875776353e-05	18.096701564269264
8372	295.2360201865915	6.517239052058032e-05	0.49775208005976196	8.614310761725218e-05	18.0418611180027
8563	295.2355616243551	6.531938868305475e-05	0.49611153885189463	8.681828668670482e-05	17.91257638526391
8754	295.31031153268634	6.557487171141923e-05	0.5036534894537485	8.618832304419305e-05	18.050825177150838
8946	295.3661044349998	6.533659960391707e-05	0.502377664643138	8.578025465258185e-05	18.152738513227078
9138	295.39517962877085	6.518180294469231e-05	0.5005166547002418	8.569161611368785e-05	18.133908369522548
9331	295.42838485925796	6.514815253604896e-05	0.49881796982024756	8.589458359856993e-05	18.09919084320459
9522	295.44969480134984	6.522529642508738e-05	0.4962615598097508	8.654158284935458e-05	17.872767331366777
9714	295.4904124705228	6.547051324730075e-05	0.5022728658670493	8.614987520738903e-05	18.071659034442824
9905	295.5580576907718	6.532221296133708e-05	0.5031943656118597	8.560279594372988e-05	18.14855362217585
10097	295.5760524404979	6.511454445618473e-05	0.5000062400031238	8.560166602137006e-05	18.150357708661822
10289	295.6197895536076	6.5114138145027e-05	0.4965164930817194	8.620211411288932e-05	18.058341591390157
10481	295.6829927665843	6.534215584172766e-05	0.5009018703393074	8.604675295509315e-05	18.084012827162383
10673	295.72745081379685	6.528330529086098e-05	0.5025305035643854	8.561333934594293e-05	18.148092301830516
10865	295.7568828754985	6.511873007857193e-05	0.5002031147178708	8.557848239403937e-05	18.1756863670058
11057	295.7580539543234	6.510550753448754e-05	0.4983634972462242	8.585950101373293e-05	18.06438987260589
11248	295.80257165940196	6.521231513488067e-05	0.49659711483763663	8.644772071392929e-05	17.898273405669215
11439	295.81894713058966	6.543536431850593e-05	0.5044763204876778	8.568062174790761e-05	18.092682623735957
11631	295.8581794410694	6.514440683398868e-05	0.5014963125836728	8.542485379668018e-05	18.135366382078587
11823	295.8952948224707	6.504714867683594e-05	0.4998120833188019	8.545687907638715e-05	18.168351854160584
12015	295.9277409195873	6.505937556769978e-05	0.4968487751828571	8.599878981258832e-05	17.97288224124472
12207	295.94060722934694	6.526536648511467e-05	0.49806630774590294	8.633264036404379e-05	18.03534320505582
12398	295.96776605038235	6.539193685952289e-05	0.5049168609749293	8.549187486697937e-05	18.133181976856044
12591	296.0402033287578	6.507276585667113e-05	0.5020522781738204	8.514218846474562e-05	18.21835260616233
12783	296.0288138466529	6.493962815309621e-05	0.49913933709899266	8.528902933161044e-05	18.161806119265417
12975	296.05109792229433	6.499559154064253e-05	0.4981902418404768	8.559879413762236e-05	18.17728466955003
13167	296.1234797744826	6.5113538121698e-05	0.49912066685863893	8.574941378188198e-05	18.10422415747648
13360	296.11225075196904	6.517087024586738e-05	0.5035940611378975	8.513746614676704e-05	18.221504563810658
13552	296.13145053118205	6.493789738221512e-05	0.500437131770981	8.506303731125175e-05	18.221060334805603
13744	296.1745468639837	6.490952956348634e-05	0.49822440684681985	8.536606556997018e-05	18.15017891910533
13936	296.2230796421405	6.502509035442425e-05	0.4963172688196994	8.59993676879343e-05	17.9805298048176
14128	296.2501094760043	6.52658913094393e-05	0.504211978398199	8.528090309204583e-05	18.22442923859765
14320	296.258429988933	6.499271748199344e-05	0.5019726690132107	8.494573274427295e-05	18.223641169852222
14513	296.26727935308855	6.486488649037012e-05	0.49890631087326814	8.513191785217321e-05	18.189526246316596
14705	296.3008224824678	6.493594510675806e-05	0.4997982726900271	8.51661865462737e-05	18.238537918618906
14897	296.33950627625455	6.494904842536416e-05	0.49850977914904093	8.542068588258844e-05	18.115622278992824
15090	296.3514525108763	6.504605374453827e-05	0.5039228895141344	8.475568076800948e-05	18.227296317096954
15282	296.41513344434236	6.479237700892533e-05	0.4994223154142174	8.485353472381615e-05	18.25515184397106
15475	296.3816259072924	6.482983903137625e-05	0.4984891686290906	8.511080257376799e-05	18.142478539952773
15667	296.41661881492	6.492800851837229e-05	0.49722779555809243	8.558523009699957e-05	18.116639362206964
15859	296.41993651041844	6.510875417609285e-05	0.5030601794283814	8.506460419332791e-05	18.225982200714178
16052	296.4744723569993	6.491041965188182e-05	0.5027092525010703	8.460601285328847e-05	18.24122842220592
16244	296.48378633752293	6.473527239179355e-05	0.4996183112384981	8.46706180167139e-05	18.245516806883476
16437	296.47199270362904	6.47599952733081e-05	0.49762072982495364	8.507548364495748e-05	18.18112831076456
16629	296.49727370433595	6.49146288906935e-05	0.4982784139214768	8.53693637561701e-05	18.127445930060897
16822	296.5328234792776	6.50266744393343e-05	0.5045500185933082	8.459941366751446e-05	18.223348895703925
17014	296.56465701573984	6.473280600773208e-05	0.5009640558348423	8.443651917997641e-05	18.31534772748146
17207	296.56012854004905	6.467049006799735e-05	0.4967303120191816	8.499231588741444e-05	18.065069209195336
17399	296.578304826965	6.488298515081712e-05	0.49977266744058546	8.503094586697423e-05	18.206397782078717
17592	296.6116255652893	6.489774019753839e-05	0.5035117644639646	8.443780259713916e-05	18.278577601413666
17784	296.60850619216484	6.467102816208851e-05	0.5004794124554593	8.435691908171522e-05	18.327025754748146
17977	296.61745265375305	6.46400463435055e-05	0.49750980819957424	8.477912122865638e-05	18.199342413712653
18170	296.6314461185794	6.480161621795567e-05	0.4983343450626843	8.506246009127616e-05	18.14837345625217
18362	296.6935704081868	6.490982377982288e-05	0.5046417907025061	8.427988762439995e-05	18.29773567746991
18555	296.69159145661763	6.4610607706575e-05	0.501475975485778	8.403182978283089e-05	18.35680830036187
18748	296.6750701860704	6.451545464710715e-05	0.4972987540403742	8.448830746441212e-05	18.171143875421603
18940	296.7237750247406	6.469043608020303e-05	0.4959975488020441	8.516996291150873e-05	18.16433163637578
19132	296.7048998406196	6.495092131013416e-05	0.5054152086700534	8.425748062102498e-05	18.325012003929558
19325	296.7814062226512	6.46020299531722e-05	0.5010991759777098	8.407244722779385e-05	18.30005748762992
19518	296.7356822787793	6.453113781674719e-05	0.4984976750036259	8.432593835897482e-05	18.27401466436758
19711	296.75600168120616	6.462830357486238e-05	0.49725403998005624	8.479154596700835e-05	18.152064441970904
19903	296.7724671777937	6.480650464902132e-05	0.5025643731311783	8.435886021836673e-05	18.23142924725144
20096	296.80503053846684	6.464095312213346e-05	0.5019376503664906	8.40331154115044e-05	18.327846354796247
20289	296.81449110622776	6.451606442457522e-05	0.49989480395201397	8.405076874121088e-05	18.298507923646255
20482	296.81504026759916	6.452285233069443e-05	0.49728939730775157	8.450890889314035e-05	18.198325984250715
20674	296.851072904783	6.469846248541621e-05	0.5005259237244248	8.442002053023872e-05	18.292860698299727
20866	296.87493315650886	6.4664462848535e-05	0.50324650598509	8.387535598234518e-05	18.35759872839586
21059	296.87219917635167	6.445554610834045e-05	0.500859067064038	8.373149404483196e-05	18.324944981266775
21252	296.85746914992876	6.440024572150152e-05	0.498089787738395	8.405264099650035e-05	18.363135596937067
21445	296.8828540384097	6.452361747263535e-05	0.4971228090232153	8.453905038906975e-05	18.261365091759334
21638	296.91013606173874	6.471006931594584e-05	0.5046093727910036	8.376676494935163e-05	18.37551845325527
21831	296.8954395337192	6.441384304290302e-05	0.49984770889210994	8.379231679339145e-05	18.40180194135822
22024	296.92831244671083	6.442365493987737e-05	0.49835117955714225	8.406945706005075e-05	18.31410384416173
22217	296.9190298290194	6.45301414172604e-05	0.49896949946158853	8.424311250997726e-05	18.25920634602439
22410	296.952845372533	6.459674272946653e-05	0.5038184476675651	8.360454226937546e-05	18.412100616942045
22603	296.9423954996236	6.435148729980207e-05	0.500191498436699	8.357256437594545e-05	18.437478368075407
22797	296.96144920638676	6.433916762926845e-05	0.4979883535985582	8.391009902131753e-05	18.30972781243456
22990	296.97511044267355	6.44689871423368e-05	0.498804965247467	8.411110014857373e-05	18.31689327963715
23183	296.96562670450754	6.454616820109238e-05	0.5041087236270747	8.342558512388673e-05	18.39999058502622
23376	297.01695691827615	6.428258918689002e-05	0.4990125726214486	8.359051387666968e-05	18.33781153791226
23569	296.9946460986039	6.434615774492962e-05	0.4982558353376748	8.388318632384335e-05	18.242985514634356
23761	297.0099625098171	6.445868251775111e-05	0.498779621327288	8.408839545314958e-05	18.32157898064669
23954	297.044500362755	6.453749081248872e-05	0.5041970664074886	8.338833177838345e-05	18.386236051515013
24147	297.0420650744346	6.426831611345315e-05	0.500482793524539	8.330789075798154e-05	18.386215909171487
24340	296.9943444472853	6.423731023894779e-05	0.49872001517727743	8.352182422350977e-05	18.371750894643338
24533	297.0528285957081	6.431969122450868e-05	0.497701506246383	8.390739492003763e-05	18.310874535525635
24726	297.04550765340156	6.446804130200022e-05	0.5009937239340829	8.374099430905703e-05	18.33369612896951
24919	297.07680455732714	6.440407320054888e-05	0.49985170148609015	8.376574841120032e-05	18.2794302486021
25112	297.0691678530424	6.441362635402448e-05	0.5023100148037167	8.338055796395473e-05	18.424240865395895
25305	297.12318862692666	6.426534352950537e-05	0.5015102633098877	8.312931335517061e-05	18.433442429712063
25499	297.0761200552682	6.416850526086536e-05	0.500079069708389	8.311628927611022e-05	18.33409306637047
25692	297.08678930200495	6.416343207756138e-05	0.49689879488660577	8.363499787685472e-05	18.3921539698564
25885	297.10209273806436	6.436334648675962e-05	0.49838088256309004	8.390667725254248e-05	18.240747987599544
26078	297.13910591507255	6.446781208503811e-05	0.5037802721547642	8.327696729734919e-05	18.38281052091532
26270	297.1123993652305	6.422547947247213e-05	0.5033279725303295	8.272640493996639e-05	18.558389850814
26464	297.10837184721356	6.40127999415693e-05	0.4962215152001851	8.335632616271487e-05	18.34371331998115
26657	297.13240124058854	6.42560508846449e-05	0.49718941883446033	8.382747389513996e-05	18.315195317320633
26850	297.1396609199944	6.443741268830857e-05	0.5036266439746785	8.322382750996261e-05	18.397483309515614
27043	297.1693384286028	6.420498477229482e-05	0.5027112377857454	8.27748926583048e-05	18.546152982432556
27237	297.1685800886603	6.403161454566898e-05	0.4985677780668784	8.30126778140898e-05	18.410998683409357
27430	297.1553462059517	6.412351951810827e-05	0.4972726954437947	8.346799301971441e-05	18.456297715812173
27624	297.18178614866264	6.429912259710196e-05	0.5007413647561277	8.334435569462327e-05	18.359946092899477
27817	297.1706097172933	6.425150643863322e-05	0.502362600882042	8.295241882904556e-05	18.37134603693286
28010	297.1924490741437	6.410024162981651e-05	0.4995085408648616	8.303397462168589e-05	18.406489407325047
28203	297.1779096451519	6.413176752156587e-05	0.4991338062181695	8.317810126850582e-05	18.322232469858346
28396	297.20375041066194	6.418739034046302e-05	0.5010211270393309	8.300851680505664e-05	18.590048729571162
28590	297.1925910073632	6.412194708238081e-05	0.5008220338601899	8.287229906300106e-05	18.442858238144396
28783	297.19092879395026	6.406930157639419e-05	0.5006753100464153	8.276052104039074e-05	18.576502954816206
28977	297.2224697325394	6.402607871170043e-05	0.4972509984832216	8.321796413781093e-05	18.39644948154867
29170	297.2283089916475	6.42028156090121e-05	0.4996348112144009	8.327878909752429e-05	18.31437283029149
29363	297.25008698710934	6.422627460850413e-05	0.5019949818073581	8.294777045494525e-05	18.48496577796367
29556	297.2486202451776	6.409852651493478e-05	0.5000894796766227	8.29329288316388e-05	18.407610034575153
29750	297.24921184166226	6.409279176921356e-05	0.5009589482876784	8.27741765219594e-05	18.455041012320034
29943	297.2501082819224	6.403141836308206e-05	0.5013569229452067	8.255014814167207e-05	18.504142432684258
30137	297.2697630383271	6.394470910909644e-05	0.49924981217280023	8.267413086256373e-05	18.447475790341418
30330	297.2703460743069	6.399273369944046e-05	0.4985419350506984	8.291592446897807e-05	18.460327435672184
30524	297.2616960902329	6.408624382698881e-05	0.4996130551198903	8.298017187250446e-05	18.414947508650084
30717	297.2627209597891	6.411105607330977e-05	0.5039580354992744	8.232845398555407e-05	18.58235351484533
30912	297.29419372487905	6.38587989175649e-05	0.49801007596901925	8.265732853434746e-05	18.01305473118106
31105	297.2694177058582	6.398625364036962e-05	0.4987081306748235	8.287150645945335e-05	18.47653444548752
31298	297.27428435681253	6.406907604687102e-05	0.49957081103499584	8.294270264485896e-05	18.460389126601147
31491	297.28597089668745	6.409659150257093e-05	0.5005530345112053	8.285103377476373e-05	18.476972263342013
31685	297.296205398131	6.406117325398343e-05	0.5025246083795347	8.243477286268522e-05	18.625505820759088
31879	297.28221956718016	6.390005376850473e-05	0.4990166903453304	8.259723991492062e-05	18.417286344950767
32072	297.2948372176027	6.396298013769457e-05	0.49841194281132595	8.286038418856034e-05	18.471739685160035
32265	297.31068854889554	6.406479961513833e-05	0.502439198512466	8.245809100364328e-05	18.54577319087168
32459	297.283019050779	6.390910228523439e-05	0.5012507460073736	8.225239675772857e-05	18.538920077835616
32653	297.3284228781865	6.382931788458312e-05	0.49930689775306875	8.236645486769741e-05	18.49229873912747
32846	297.3378867389836	6.387360417594345e-05	0.4971201015272441	8.284358740753657e-05	18.333128828976488
33039	297.30635845527337	6.405835213829464e-05	0.49840680637943596	8.310849286978586e-05	18.386784053724103
33232	297.2984938246374	6.416065404139528e-05	0.5059844200380486	8.21255749654281e-05	18.572071717034085
33426	297.33698923459207	6.378010242184015e-05	0.49969330950858576	8.217586161801861e-05	18.527925150539662
33620	297.29363448976864	6.379967217604097e-05	0.5004977068452656	8.209426239619348e-05	18.62316981761051
33814	297.32524750733126	6.376794232875256e-05	0.495795940216455	8.279028419537299e-05	18.412399336579444
34007	297.37795668328084	6.403772906703982e-05	0.49890685132120316	8.297156528880583e-05	18.39134461879785
34201	297.33191875579314	6.410784682062731e-05	0.5039589031325586	8.231989201424597e-05	18.543140555041486
34395	297.33063390368824	6.385554732425463e-05	0.5026484458137792	8.188614995215141e-05	18.62311667491392
34589	297.3735226323903	6.368709826495916e-05	0.4996024412491149	8.195119266338033e-05	18.582645188281738
34783	297.3512449367852	6.371243273710597e-05	0.4966469991830008	8.250452726375576e-05	18.45811780426488
34977	297.35493686920057	6.392714105738916e-05	0.5018638450128715	8.219811815856124e-05	18.450086058877933
35170	297.3374540603822	6.380832285940155e-05	0.4997223862561717	8.224381182504358e-05	18.628503048141454
35364	297.3397850302515	6.382604430671549e-05	0.5006303285820365	8.214026111640833e-05	18.57100325632682
35558	297.32961907241025	6.37858509252765e-05	0.4991989602380416	8.227209717899829e-05	18.554665957111666
35752	297.3974388158911	6.383700740389109e-05	0.49951689004287697	8.23514888161911e-05	18.46556014650063
35945	297.38758073928386	6.386787006469061e-05	0.5022512323918189	8.198239566477249e-05	18.559274033631315
36139	297.3976689407071	6.372457236030289e-05	0.5004724502062461	8.190497405617592e-05	18.5527076002847
36333	297.40866679103084	6.369448699202794e-05	0.49970268219485214	8.195367709377815e-05	18.53431955399958
36527	297.36137763597884	6.371343294697386e-05	0.5000198567069116	8.195054077544344e-05	18.55334550390978
36721	297.3856717041939	6.371216784569049e-05	0.49698359116454566	8.244787466485068e-05	18.471867320901623
36914	297.38866533255197	6.390522373541354e-05	0.500539874109469	8.235894773771728e-05	18.55429009910357
37109	297.37757827322577	6.387075087365675e-05	0.503178821885495	8.183867628753235e-05	18.67188148004084
37303	297.37388265596167	6.366868014436135e-05	0.499203594592282	8.1969237775995e-05	18.558234003513157
37496	297.3975181296756	6.371944687994097e-05	0.501229257284731	8.176815046689175e-05	18.54023951252068
37690	297.4096310449291	6.364126341757178e-05	0.4978681242378946	8.211825280460287e-05	18.58317775983886
37885	297.38677546516976	6.377737409608894e-05	0.50185499301183	8.181478034096674e-05	18.57695871937539
38082	297.3867749687004	6.365939568521633e-05	0.5019006248591034	8.150495963611749e-05	18.60613066930779
38277	297.3951579827979	6.353874690860703e-05	0.500287932979254	8.145802134192849e-05	18.698757938313282
38471	297.41651370837013	6.35204599056795e-05	0.4977070410180819	8.183324312934313e-05	18.585614133649173
38666	297.3511055814515	6.366661259046986e-05	0.49710742009714626	8.230959435178772e-05	18.513201286043426
38859	297.42240925947937	6.385157627591256e-05	0.5035875998013496	8.172303715219223e-05	18.620320611579423
39059	297.4437258665409	6.362372778680693e-05	0.5010462981857159	8.155232211428342e-05	18.739314902726814
39253	297.44152906167005	6.355726269114713e-05	0.49813443502705357	8.185774399420342e-05	18.4976956606011
39449	297.39747076513515	6.36761657298654e-05	0.4999545335556016	8.186530632545307e-05	18.581385979246914
39642	297.4217355693608	6.367906105617585e-05	0.5014625326875799	8.162648447596749e-05	18.58066135523592
39836	297.40894148163073	6.35861321655558e-05	0.5007964708526013	8.14966944296309e-05	18.64969423054796
40031	297.41962952445755	6.353554808975344e-05	0.4997845056475243	8.15318043261502e-05	18.80701635184626
40226	297.396907878684	6.354924406881648e-05	0.4997093637137183	8.157928293135779e-05	18.657897941602176
40420	297.4065003429759	6.356772184096558e-05	0.49787423335628067	8.19275713081944e-05	18.558951581838006
40614	297.4209598750797	6.370328439869165e-05	0.5002754109500823	8.188243912186002e-05	18.567917814460213
40810	297.4229999116532	6.368574706124172e-05	0.5024050358210107	8.149046415115139e-05	18.568713669383495
41007	297.4423621504639	6.353313090907952e-05	0.49952647045397536	8.156765476339005e-05	18.70974680035035
41204	297.46641145749385	6.356323710966814e-05	0.49897054329672497	8.173588303514728e-05	18.531630959969792
41397	297.45471506523114	6.362877392855038e-05	0.49989137108482623	8.175367413864987e-05	18.487906699055603
41591	297.42062044337456	6.363568697969234e-05	0.5021841293867211	8.139819421314056e-05	18.64527656024896
41786	297.4312497541768	6.349715210798484e-05	0.500881044876777	8.125498627939262e-05	18.686461143926604
41981	297.44159831536507	6.344128209258382e-05	0.5010520252346802	8.108435140811968e-05	18.623596823727244
42175	297.4406473796592	6.337464539970736e-05	0.49500948354735963	8.19018161299146e-05	18.574731318161778
42369	297.4458620089632	6.369330501839813e-05	0.5014304094073418	8.166817826896181e-05	18.567922070607594
42566	297.44448278475187	6.360239253239101e-05	0.5002173452473377	8.163269331312384e-05	18.622217611996643
42761	297.46660426585214	6.358857335978885e-05	0.5028778207007903	8.116547506393547e-05	18.719866967387123
42959	297.4288538038922	6.340636302387723e-05	0.49800253530183203	8.14911141262596e-05	18.550111149976754
43159	297.45507612830954	6.353339573766318e-05	0.5019982857946872	8.116666695325714e-05	18.678655533879084
43353	297.4533763320237	6.340681713968392e-05	0.5006492625338035	8.10614066846616e-05	18.676767547367657
43548	297.46471709935133	6.336568951853123e-05	0.4992981438116956	8.117532425761807e-05	18.665209511607046
43742	297.4426843243721	6.341020999579127e-05	0.5002046073235087	8.114217824047083e-05	18.66066340405753
43937	297.463084283413	6.339723978300597e-05	0.4970876588961215	8.161751580589709e-05	18.645961370632655
44140	297.467842389898	6.358268468287787e-05	0.5013142406464732	8.140354810253011e-05	18.567280363221307
44334	297.4674320096273	6.349928610698833e-05	0.5003541030666481	8.13459384100294e-05	18.594919350111976
44528	297.4315726573592	6.347681275116997e-05	0.5017892635700462	8.105596544801606e-05	18.692242682813834
44722	297.47329206034505	6.336353992448717e-05	0.4982310270752229	8.13436379050835e-05	18.70732125059817
44916	297.45685358791707	6.347592661262207e-05	0.5011390340755851	8.115881127457005e-05	18.64247301049365
45113	297.46502820313935	6.34037486655585e-05	0.5017378169081529	8.08776808026802e-05	18.76291315426973
45318	297.45179780423354	6.329385094942203e-05	0.5002470987453843	8.083776015258342e-05	18.696199927332536
45512	297.45156347915747	6.327821691274958e-05	0.4974277694649396	8.12557773358099e-05	18.61266970753113
45707	297.47505265129683	6.344161378711207e-05	0.4989574737220845	8.14254951633877e-05	18.57444629124789
45902	297.4889602847461	6.350785694496575e-05	0.5013333468694835	8.120890651459704e-05	18.733986759370225
46097	297.4635125822157	6.342334792496613e-05	0.5002500491885962	8.116837291903046e-05	18.654973504151478
46291	297.4543165464422	6.340749491408047e-05	0.4996851748518523	8.121954210074576e-05	18.750715275502248
46487	297.4893578593938	6.342746661994838e-05	0.49825583811148483	8.150376574970037e-05	18.405586093199396
46680	297.47858769174644	6.35383846629504e-05	0.5031644530356111	8.09912093873718e-05	18.668518933673877
46875	297.49898805131085	6.33382698104082e-05	0.5003747166723634	8.093049895335983e-05	18.663430286263306
47072	297.4901916586612	6.331454923662094e-05	0.5011069909433188	8.075174524008647e-05	18.60192390604978
47266	297.4629461704335	6.324457677095148e-05	0.49713387663111835	8.121736144151834e-05	18.596027278466664
47460	297.4769050349641	6.342662657111441e-05	0.4997252626507437	8.126198355453212e-05	18.66494020736992
47654	297.4877895485809	6.344405941888145e-05	0.500478352236373	8.118428487880279e-05	18.6621639532666
47851	297.5018633469555	6.341373256981393e-05	0.503436280635731	8.063012015816923e-05	18.751189324000098
48045	297.50954696449554	6.319694198072236e-05	0.4999109269482788	8.064445757412014e-05	18.795908124140894
48242	297.4855930994929	6.320257187742331e-05	0.4982956688557927	8.092034587543347e-05	18.505272525002333
48437	297.4519233728274	6.331056615464099e-05	0.49867448441114304	8.113552623651532e-05	18.533470293735594
48632	297.50375044356963	6.339465252068563e-05	0.49874956264301284	8.133882740721075e-05	17.772651486649213
48828	297.50378163167045	6.347407255818743e-05	0.5043952112668074	8.063005515350276e-05	18.71417020925968
49033	297.4760715526766	6.319691650576986e-05	0.5013027794808763	8.042057276844662e-05	18.787440868818486
49227	297.5186216566582	6.311474540111452e-05	0.49657337823677616	8.097540089360816e-05	18.691106447396855
49430	297.5101893497172	6.333213376315022e-05	0.4988554537583099	8.116121562698201e-05	18.66320508757004
49625	297.4778488152251	6.340474500301677e-05	0.5024514816954422	8.076531406254568e-05	18.755842443344694
49820	297.47729025112085	6.324987867707384e-05	0.5032485540297935	8.024396038082226e-05	18.85184894279641
50027	297.47798079504406	6.304540386232308e-05	0.49620513923222265	8.085764740867416e-05	16.317469197953574
50227	297.4999814026245	6.328602293543974e-05	0.49898507408382936	8.102205184592184e-05	18.668505147026135
50422	297.50167046578235	6.335035150993704e-05	0.5013152779768841	8.080947799246786e-05	18.684888051133036
50624	297.52927871836863	6.326719221822733e-05	0.4987730820016351	8.100820054149283e-05	16.912174148997373
50822	297.5184394634021	6.334495902460961e-05	0.5007557413696853	8.088597200751593e-05	16.654722086034127
51018	297.5220923736296	6.329714081898539e-05	0.5001327146134277	8.08644790388886e-05	18.668191855176087
51224	297.50067568608125	6.328874203533554e-05	0.5026173343433517	8.044344259807931e-05	18.712390073289573
51422	297.5138282897806	6.31237417467978e-05	0.5000237968485539	8.043958516822402e-05	18.81229399350227
51633	297.51849123446726	6.312223965429268e-05	0.5001035637492434	8.04229273684572e-05	16.563052732496363
51827	297.49300977432	6.311570349383984e-05	0.4992602861890673	8.054214164770446e-05	18.08417854363447
52030	297.49868670890976	6.316244291849628e-05	0.49764601725743524	8.092309574147615e-05	18.765721208675796
52225	297.49968617980664	6.3311653284234e-05	0.4971979696233682	8.13791494389811e-05	18.581924260029847
52430	297.5341482317578	6.348980358442475e-05	0.5031425414424266	8.087081098854335e-05	16.19969867246812
52615	297.5123882439672	6.329121984319703e-05	0.5010796338024948	8.069659461298109e-05	18.74916360941858
52820	297.4954439638801	6.322299896334679e-05	0.5032517031739638	8.017524065155058e-05	16.75431277050165
53016	297.50604292637144	6.301841387288469e-05	0.4976980540409804	8.054600793504518e-05	18.69499500579889
53228	297.5133089836312	6.316398168317672e-05	0.4983714699674385	8.08092083805557e-05	18.767156223413465
53439	297.50132323487344	6.326709808504044e-05	0.5025112929684523	8.0405394521312e-05	18.69562340880059
53642	297.51660151543666	6.310881187212844e-05	0.5003242945209602	8.035324928546182e-05	17.12487568851037
53840	297.5229678865679	6.308835598027683e-05	0.5015784261975722	8.010035530661694e-05	18.767636822166725
54050	297.524477273648	6.298901081816515e-05	0.4955478291719875	8.082000423698446e-05	16.30630803284228
54245	297.5042340962045	6.32713354964716e-05	0.49669005223294616	8.135864828656662e-05	18.177125788128677
54447	297.5288525788846	6.348180585935956e-05	0.5051051924703662	8.053628314830503e-05	18.422960564290108
54659	297.50418437345525	6.316017988086378e-05	0.5053730931110445	7.968008421758612e-05	18.944222664097698
54860	297.5060746074206	6.282352525161035e-05	0.49622011052227594	8.028700751006493e-05	18.7323790616874
55068	297.51774252793143	6.306234616493043e-05	0.4996881385792752	8.03371156040834e-05	16.3073835186221
55262	297.49872237236207	6.308202208251763e-05	0.4957075271325436	8.103280682771295e-05	18.667033710751415
55467	297.5231155569361	6.33545559780583e-05	0.5027308668320826	8.059260227362995e-05	16.909261800004906
55671	297.5236550469501	6.318224862475363e-05	0.5020313034488922	8.0266482043351e-05	18.81644323057641
55890	297.5062330561225	6.305429603928378e-05	0.5022356247379931	7.990924576794657e-05	16.664901679808207
56087	297.5201456654083	6.291380126046874e-05	0.49654116968745465	8.046582338591024e-05	17.876474084302842
56295	297.52185957776	6.313254497594477e-05	0.4973601975776468	8.089290596414092e-05	18.66097583345519
56489	297.49009898714706	6.32998652520742e-05	0.5025768228996219	8.047823715945344e-05	18.769398365615167
56688	297.513143881391	6.313738048242999e-05	0.5005283525244197	8.039322718037613e-05	17.71685200727149
56906	297.51817828687706	6.310404810261237e-05	0.5027881257880022	7.994742025219733e-05	16.484036587754442
57101	297.4959991434721	6.292883849883378e-05	0.4963591622792561	8.053387059362591e-05	18.20925461510867
57320	297.4864551316008	6.315921107775534e-05	0.49852909883302804	8.077154259580183e-05	16.523834012460757
57518	297.5152107537537	6.325231751101096e-05	0.5043850707358489	8.006923667071072e-05	18.311527498290676
57722	297.5344815591364	6.297676279602132e-05	0.4988457141286643	8.025445207491645e-05	17.88482213242015
57941	297.5178874940324	6.304958208924493e-05	0.5012225215016444	8.005876284668675e-05	16.493829476426882
58136	297.49728200563095	6.297264367905013e-05	0.49388531201593244	8.104998242788383e-05	18.092911699253843
58350	297.5338622857078	6.33612698937572e-05	0.5011612819096174	8.086211653868965e-05	16.218733911541158
58548	297.54902658238274	6.328781752089162e-05	0.5035639538408765	8.028976021157037e-05	18.768976475577606
58763	297.5513175672353	6.306346134324676e-05	0.5022232912551551	7.99343256372185e-05	16.642212071138438
58965	297.5149902409122	6.292371876150757e-05	0.5002149147237607	7.990006872344308e-05	16.698278814806976
59176	297.5367843989532	6.291019988582402e-05	0.4978920139944362	8.023829348896051e-05	17.13145023970768
59380	297.52027470658766	6.30432345075726e-05	0.4957352117573941	8.09286091900498e-05	18.602394437330414
59591	297.5461432840407	6.331383285557057e-05	0.5043786185384533	8.022602171007434e-05	16.434230296911682
59803	297.5417617116132	6.303841335433205e-05	0.501224491180868	8.003002957922562e-05	16.448428873714054
60004	297.52081665076173	6.296136486207675e-05	0.49990241208647224	8.004568142534742e-05	18.67628600434404
60212	297.48019949297213	6.296751002986228e-05	0.5010876178098241	7.987205635949233e-05	16.939654783675824
60428	297.4726046357359	6.289913696995215e-05	0.4958134809087879	8.054650411967599e-05	16.397686149491605
60628	297.4623904046951	6.316413067552782e-05	0.5009399223697555	8.039540229428497e-05	16.39268232757154
60831	297.42554305727737	6.31048448691414e-05	0.5049047213747033	7.961451524592854e-05	17.211009598827722
61036	297.39223559599833	6.2797591834619e-05	0.5003847516961053	7.955335609124273e-05	18.91309926574638
61245	297.34285499522446	6.277344428996912e-05	0.4971014933146608	8.001736124589499e-05	16.97139753466482
61455	297.3366414736896	6.295618845060289e-05	0.4986733112675124	8.023027129453513e-05	16.53914497071725
61658	297.2636891562941	6.303987829890343e-05	0.5040364403341739	7.95879409281745e-05	18.86173531645631
61880	297.2206703149344	6.278695194857415e-05	0.5008469692884486	7.945346642621844e-05	16.52499738783875
62093	297.18253591894984	6.273384079431634e-05	0.49929161794587873	7.956627901837834e-05	16.4297825302653
62291	297.07869449478096	6.277832759738543e-05	0.496716539000813	8.009249838937963e-05	17.573187589280476
62504	297.0415036708655	6.298547860620382e-05	0.4982099863378616	8.03803778363439e-05	16.34513617463115
62711	297.00609851762727	6.309852710167082e-05	0.5052198083652388	7.954999332656732e-05	16.79923984273881
62914	296.9376417590089	6.277172146176588e-05	0.5012121085710345	7.935775627608718e-05	18.88415567451287
63123	296.85204469868336	6.269577337828579e-05	0.4994545992061337	7.944464346031007e-05	16.407065324697697
63336	296.8188139467247	6.27299957027291e-05	0.49942807247194115	7.953570668430907e-05	16.358943251838262
63548	296.71778106787906	6.276590352205006e-05	0.49651844772010273	8.009366523852741e-05	16.35336169031188
63758	296.6549161054622	6.298557415675164e-05	0.5043660105832675	7.94005114748106e-05	16.547297275685214
63969	296.59077254794266	6.271236641888137e-05	0.5043715141950253	7.871246918261027e-05	18.12055989987765
64187	296.51951524924056	6.244000308358955e-05	0.4994548588274396	7.879855202593573e-05	16.66002357797419
64400	296.44177574046097	6.247406955917522e-05	0.49898602340619697	7.895887566555085e-05	16.538354454765248
64604	296.373800100574	6.253751331547768e-05	0.49309849426796487	8.006417304110548e-05	16.291943932876237
64815	296.31577810878713	6.29736364105264e-05	0.5052829870826302	7.922723319457347e-05	16.416710823246774
65018	296.25687833360644	6.264356088888845e-05	0.5032522418495882	7.871534467292043e-05	18.886013945891975
65228	296.1658359989934	6.244081740047315e-05	0.5008065915778781	7.858879337086873e-05	17.673991229514805
65448	296.11275061600674	6.2390514016296e-05	0.4997190753881518	7.863311484435935e-05	16.451562868132132
65653	296.04123369620555	6.24080484363503e-05	0.4926410632210273	7.980788714153332e-05	17.11837235401204
65869	295.96167781129674	6.287243777074732e-05	0.5067202368905228	7.874968398049948e-05	16.743357512303294
66086	295.8664760151868	6.24541320737455e-05	0.5009799881829411	7.85958647698645e-05	16.565583649000924
66299	295.7745098703906	6.239301758489384e-05	0.5004121693255964	7.853135469546359e-05	16.608568978291363
66512	295.74179727586585	6.236731698532106e-05	0.500798785974018	7.840617998865215e-05	16.561004761474234
66722	295.62391919923493	6.231755845896457e-05	0.49401580820761937	7.935622797597965e-05	17.229897159259313
66945	295.57674560588816	6.269385985964837e-05	0.5067726258397202	7.829583399745083e-05	16.908908896660023
67152	295.48428625365807	6.227352319116627e-05	0.5016469227129429	7.803898287829594e-05	18.75021277743562
67374	295.4240978709032	6.217121617975973e-05	0.5000884343394661	7.802535111752625e-05	16.58679707406119
67587	295.3440923924423	6.216571883854293e-05	0.49755955142239705	7.840825022784257e-05	16.50352210470431
67805	295.2686013142727	6.231798871614424e-05	0.4966097498646754	7.89437256270819e-05	16.559313303675474
68018	295.20410741508505	6.253034279827195e-05	0.5034135524932857	7.840859231233466e-05	16.579253404326916
68237	295.13447084355977	6.231797894690716e-05	0.5029441456278395	7.79497705645685e-05	16.70195825658597
68451	295.0651824452274	6.213531204392274e-05	0.499846800573567	7.797382985373405e-05	16.591471541832018
68661	294.9914356431128	6.214483332612743e-05	0.4982034233757244	7.825518094285674e-05	17.93089798939388
68885	294.9074663643163	6.225678306091291e-05	0.49987470133020634	7.827502154538319e-05	16.948971862562587
69098	294.80772368478966	6.226458521944684e-05	0.5009584039898198	7.812552317163183e-05	16.88116357570509
69312	294.76339968452265	6.220499624434469e-05	0.5006148971415927	7.802967505171722e-05	16.562614305555762
69527	294.70423489604434	6.216678181326792e-05	0.5012554022985554	7.783438833837848e-05	16.718358030034576
69740	294.60892967182247	6.208888415118791e-05	0.4991768043499985	7.796296966788023e-05	17.421118133674927
69962	294.54992926886354	6.214005864914755e-05	0.4995207528925625	7.8037936664864e-05	16.691506778026717
70175	294.483895434963	6.216986051791229e-05	0.5016257657602466	7.77851839162873e-05	16.632314467579565
70394	294.3833850381846	6.206903270445639e-05	0.5012242285484544	7.759544628516168e-05	15.983223793874481
70617	294.3592381926621	6.199318527614118e-05	0.5027334575323985	7.71736005103107e-05	16.628916789777943
70838	294.243230136234	6.18244211867142e-05	0.4918262363855169	7.845644658181792e-05	16.581161535036657
71051	294.18375327149073	6.233604079363688e-05	0.5040101287107394	7.783237990192342e-05	16.74900121261325
71265	294.1349038046037	6.208755891820916e-05	0.5022256265957828	7.748757487452765e-05	16.63501138924997
71480	294.0792944679109	6.194983480930048e-05	0.4999600030762307	7.749391301374887e-05	16.425224724792063
71693	293.9666636916163	6.195231276078752e-05	0.49913931732546785	7.762781703501479e-05	16.682774805165185
71912	293.92441591804135	6.200570298098023e-05	0.49761258551303583	7.800036689791438e-05	16.59265374014201
72140	293.87255850453965	6.21542685380999e-05	0.5054998532792288	7.715185905736986e-05	16.77365922405718
72354	293.7988675425973	6.181522367607175e-05	0.5002167151187751	7.711859964185793e-05	16.700874446523862
72569	293.7092999612622	6.18018317357274e-05	0.4985517202153435	7.73428491740178e-05	16.663835987059656
72797	293.668309939348	6.189153299517173e-05	0.4968099557502074	7.783958359504649e-05	16.528199022465948
73014	293.6397644641563	6.208991952314883e-05	0.501890407731395	7.754647844037612e-05	15.454757942606498
73233	293.5237459434144	6.197287604471474e-05	0.5039518475148402	7.693865690430495e-05	17.07124973939797
73460	293.52157906283725	6.17294109471246e-05	0.5000614325294405	7.692920499300384e-05	16.69176057650039
73674	293.4000144997384	6.172561910267956e-05	0.49403931163146186	7.785767917291501e-05	16.54839171659608
73893	293.37501954308493	6.20968689569505e-05	0.506434527801157	7.686853743692416e-05	16.029102607257126
74106	293.2998744151176	6.170112053842421e-05	0.49888139543475535	7.704105974781647e-05	16.862287674588206
74332	293.22254192145385	6.177025571758076e-05	0.5024231414419018	7.666969005322017e-05	16.99600262573471
74559	293.17304982317097	6.162111949991018e-05	0.495123046758617	7.742499614309005e-05	16.40692644234276
74783	293.1385816461776	6.192385929913548e-05	0.5025976752488109	7.702493559661872e-05	16.71503294556658
75011	293.03761264478095	6.176362530672591e-05	0.502432719379285	7.665223723402532e-05	16.123711354267467
75234	292.988353752091	6.161391781203302e-05	0.5011200455937436	7.648102262031648e-05	17.074900342675466
75450	292.9316800504087	6.154502314105042e-05	0.4929940642316705	7.756803292616228e-05	16.364280505040924
75666	292.8975253899416	6.198078842034716e-05	0.5015858004292704	7.732290666968703e-05	15.879718193952215
75887	292.83825094089804	6.188273244372906e-05	0.5058413471987308	7.643013522960842e-05	17.262881671929
76115	292.79157547178545	6.15243906768843e-05	0.4998834549623786	7.644806400221745e-05	16.833892884645124
76344	292.7492281520678	6.153156229305915e-05	0.49979209969018207	7.647997392591364e-05	15.622084648563332
76563	292.6561668698648	6.154435871463178e-05	0.4971110932818218	7.692464926525191e-05	17.000819913584515
76785	292.629622064628	6.172292880815974e-05	0.5027631970468727	7.650195194698386e-05	16.699220228488645
77009	292.5598598371209	6.155307985940576e-05	0.5003457223783572	7.64492558188644e-05	16.865951152060536
77223	292.5039864129924	6.15318106114887e-05	0.499450872807544	7.653344582331608e-05	17.041246100742672
77451	292.4573340376409	6.156562725890818e-05	0.4985047544174254	7.676311479829635e-05	16.59718616974712
77673	292.4127387025968	6.165788997588205e-05	0.5018927560928004	7.64737597928956e-05	16.0258080704223
77891	292.35548488856097	6.154151692363595e-05	0.5006668723560568	7.637203580402207e-05	16.43372329266153
78123	292.30574042813197	6.150051759467318e-05	0.5017751319544548	7.610196304179488e-05	17.172054733999357
78339	292.25793842326414	6.139163589413201e-05	0.4927269793883338	7.722539572502379e-05	16.53797022968588
78564	292.2071837346966	6.18430694695914e-05	0.5061603313731994	7.628567142644387e-05	15.62395747488012
78779	292.15635622568726	6.146558029661154e-05	0.49986644989979706	7.630616194737304e-05	15.837010457678433
79001	292.1223105105974	6.147379067580124e-05	0.5001613700031999	7.628162467761279e-05	17.043539379378434
79229	292.06422046590643	6.146387305054945e-05	0.49631816334295653	7.684764198804186e-05	16.704048819520978
79466	292.0070544209764	6.169143050956237e-05	0.5064945614749053	7.586242052832887e-05	16.073505607267183
79694	291.9803005724586	6.129463310216986e-05	0.49997500454189403	7.586626739191356e-05	16.981992641551855
79911	291.93327154462037	6.129616524704892e-05	0.4960862232722519	7.646490903099343e-05	16.769609462583784
80147	291.88559121216355	6.153748237185084e-05	0.4978498641047411	7.67952862840642e-05	16.775600682796387
80376	291.8069953698959	6.167022459608451e-05	0.5067099548092483	7.577853727033317e-05	17.23529111355357
80594	291.80367398119273	6.126053905251003e-05	0.49863143726322506	7.598652191511346e-05	16.487508791692363
80811	291.76313265144427	6.134455044517576e-05	0.4974509201930073	7.63760075969953e-05	15.554914660330951
81045	291.6869771440461	6.150152305921219e-05	0.5043860234819556	7.571204895333007e-05	16.567015753840643
81275	291.6425891053636	6.123353773657536e-05	0.49535847820114265	7.642158201291568e-05	14.726726521350853
81500	291.63903483907023	6.151974876761999e-05	0.503313760763722	7.591845809474947e-05	15.135772357157673
81728	291.58931196708636	6.13168947972041e-05	0.49892178072184457	7.608263408337076e-05	14.950959002470885
81957	291.55569753517136	6.13831149743254e-05	0.49526419437950975	7.681023225849896e-05	16.61804764363994
82191	291.48276446975706	6.167589494822026e-05	0.5065166404925238	7.58222120618167e-05	16.78546433175548
82427	291.47065996153196	6.127786187300839e-05	0.4999229615688942	7.583392338743182e-05	14.354583078311007
82650	291.4067143532073	6.128258316893746e-05	0.4949602068770863	7.660621773984065e-05	16.2907768584558
82880	291.4102625888678	6.159378931820672e-05	0.5048510619976638	7.587014354792258e-05	14.873392802671791
83093	291.35032536124277	6.129715080848651e-05	0.4981546988339682	7.615132321624325e-05	15.380281502344756
83313	291.29258510612647	6.141057656610817e-05	0.5012910537598316	7.595533427784072e-05	17.032868066732675
83535	291.248212973323	6.133144542125037e-05	0.4951985729735674	7.669190386620447e-05	16.41617800423321
83760	291.24868649536694	6.162806187201546e-05	0.5060615610864017	7.577332199440923e-05	15.180419923207738
83988	291.1847869063888	6.125786221206138e-05	0.5011427961546567	7.560066488747195e-05	16.88719785147091
84230	291.15574621509745	6.118797673716963e-05	0.49896277188244387	7.575790226156391e-05	14.46259695740481
84453	291.1053073084333	6.125154154101472e-05	0.49574342582017	7.640848715827111e-05	16.261386370213184
84686	291.0672298789732	6.151393984160686e-05	0.5051918106329428	7.562335193930627e-05	16.816833758655797
84906	290.999383876368	6.11970369399392e-05	0.5018219452416341	7.534895045352946e-05	16.984898951494326
85133	291.0205225523663	6.108584308125813e-05	0.49842180411915427	7.558748040675925e-05	16.82689301127633
85364	290.9523055995541	6.118247732911175e-05	0.4973987585594354	7.598294210598164e-05	16.68601198428728
85598	290.947392356	6.134225141200643e-05	0.4998023807977313	7.601301246350122e-05	16.795265322188836
85830	290.8959319420264	6.135437741341033e-05	0.505234097349256	7.522567101453983e-05	14.931821337179976
86067	290.8716994223729	6.103574211054966e-05	0.4978191360037021	7.555527621986385e-05	14.526943191308927
86292	290.8346349202913	6.116928979615594e-05	0.4948218561618846	7.634601835911833e-05	14.631080548789312
86519	290.81208156495103	6.148851481782592e-05	0.5053453201552	7.553854459855983e-05	15.312541145092991
86745	290.78176125194506	6.116245107614976e-05	0.5020932794993107	7.522367011902912e-05	17.246230116394948
86990	290.7436716603616	6.103482157798206e-05	0.49962339279890305	7.528047970993115e-05	14.69496654547591
87225	290.70658040363315	6.105782072458815e-05	0.4965729859408086	7.580009619071278e-05	14.859012395816022
87464	290.6934727622676	6.126814854892175e-05	0.5005002763748625	7.57243839768771e-05	14.510258256472632
87701	290.6679862635407	6.123752052347206e-05	0.5036329339628676	7.517820305247043e-05	14.611080205838144
87938	290.6013334959662	6.1016253699558614e-05	0.49836204612628154	7.542545059476304e-05	14.591909523571264
88170	290.54683161459576	6.111644173103572e-05	0.49257803320036514	7.6562067193575e-05	16.404311283226928
88407	290.57683425634957	6.157515917544537e-05	0.5092674913995882	7.516876095187106e-05	15.19493258266448
88625	290.48805681321	6.101232404766407e-05	0.49960275827871536	7.522871636076901e-05	16.94279214973127
88854	290.4661881328141	6.103657513956366e-05	0.495625145722392	7.589280991911846e-05	16.383152370062415
89084	290.47260969489787	6.130536643732193e-05	0.5036783371155008	7.533856861280409e-05	16.604025110421997
89330	290.42010309125527	6.108110126114942e-05	0.5028637822352232	7.490965290436946e-05	14.573484131007431
89555	290.39443268256724	6.090692613181732e-05	0.49842480709878667	7.514644655520048e-05	15.590479051162198
89795	290.3715689642773	6.100309357264767e-05	0.4936398546984753	7.611470119170513e-05	14.26150083156398
90024	290.37095413013816	6.139482328535627e-05	0.5065431777781075	7.513153037448757e-05	14.98783273924339
90248	290.30759255178964	6.09970062925875e-05	0.4978233541446601	7.546016423417159e-05	15.152825960774166
90482	290.2989758094752	6.113021023836447e-05	0.5025514215135545	7.507708452211508e-05	16.95499399729273
90734	290.2661508806195	6.097483569155695e-05	0.49347978426716665	7.606913909917241e-05	14.29063039484674
90972	290.25423473720775	6.137633587154343e-05	0.5044913702840694	7.539196677788737e-05	14.012753008191776
91197	290.22232806536215	6.11025153894923e-05	0.5024860243625513	7.501902221620728e-05	16.792939348491505
91442	290.19144928916245	6.0951177160158464e-05	0.4988528257825254	7.51916180917809e-05	14.463876846390992
91667	290.1528437398422	6.102121932804553e-05	0.49303813016784326	7.625343129952672e-05	16.252748270441515
91914	290.15837292630437	6.145052955533263e-05	0.5075586080139013	7.511788513929452e-05	14.427039418473406
92153	290.12711262387757	6.0991249852209003e-05	0.5007339477876929	7.50078349337365e-05	14.51326862368696
92393	290.09376360617307	6.094653468119524e-05	0.49587870125811023	7.563131347999982e-05	14.38342731500855
92631	290.07005162675785	6.119927707592943e-05	0.5008584965339032	7.550175821535622e-05	14.641326456512227
92859	290.02890039572895	6.114680526931866e-05	0.5051070998251789	7.47384453981987e-05	16.814211152262537
93096	290.02496334396216	6.083689453782723e-05	0.4986205414964421	7.494521302100423e-05	16.704993541070714
93338	290.018363431432	6.092099055984852e-05	0.4940679805265608	7.58450685303508e-05	14.489400474450026
93560	289.98127335152213	6.128562279740996e-05	0.5018866079506376	7.556007198765607e-05	15.155800859570665
93801	289.94817139025133	6.117032702865196e-05	0.5057790424303847	7.469680065649095e-05	14.616429291454898
94041	289.94561716641147	6.081985628184004e-05	0.4961159290911546	7.528159879217104e-05	14.106350552399656
94271	289.9111694736574	6.105747017980639e-05	0.4943941527351522	7.613528467249158e-05	14.30579865586566
94502	289.9095439960683	6.14026543336878e-05	0.5081819314881868	7.490950290855808e-05	15.789131597409954
94748	289.83866042763924	6.090634493798506e-05	0.5015158042812372	7.46832523535022e-05	14.14610306693296
94986	289.86943414546187	6.0814232224011916e-05	0.4953066894027566	7.539083791937137e-05	14.370917854268
95222	289.82161093363425	6.110167749988517e-05	0.499828308338553	7.541686885419098e-05	14.571054011735539
95459	289.8205422644499	6.111217085092097e-05	0.5042969795779989	7.477426190148967e-05	14.670544185941244
95697	289.8045485144189	6.085125363547842e-05	0.49900232325810034	7.492378792916508e-05	14.886838485929484
95933	289.77341741406264	6.091205452053413e-05	0.49329421620383435	7.594237412707051e-05	15.258488846716572
96179	289.79260828100894	6.132467265065947e-05	0.5087447149841251	7.463698874005068e-05	14.349001709500541
96407	289.705323461776	6.079533914084517e-05	0.4973938822325376	7.50282393266446e-05	15.766007886167221
96653	289.6564006360314	6.095440102615444e-05	0.499067035916085	7.516863193199898e-05	14.534317273058958
96893	289.6995670108098	6.101134900109507e-05	0.4978096100791066	7.54992707473118e-05	14.857126720726786
97134	289.69294431267997	6.114542833521522e-05	0.506089877221911	7.459079995579575e-05	14.74841156790025
97374	289.6430315823906	6.077642753773085e-05	0.4999446932037843	7.459915768024895e-05	15.0563391336298
97620	289.63206619880026	6.07797891661073e-05	0.49327310708933797	7.561651255669327e-05	14.423410869259113
97856	289.5967695158091	6.119282063083751e-05	0.5029481205427667	7.517337967326008e-05	14.383214354119236
98090	289.6028722381816	6.101321069774628e-05	0.5035544484191867	7.464272552484258e-05	14.959196353797262
98328	289.5655871308716	6.079749185076171e-05	0.4955056158807469	7.531983766015835e-05	14.678423945205788
98568	289.58597060656626	6.107259515804489e-05	0.503272085190512	7.483010990787e-05	14.785842605225728
98814	289.56317542398756	6.087373591989522e-05	0.5016553079581112	7.458324660265228e-05	14.198940073861019
99048	289.5343523075176	6.0773220647242816e-05	0.49344477481773996	7.557411022313725e-05	13.859485813154622
99285	289.5108906906215	6.11755633146467e-05	0.503113938364305	7.510643714078641e-05	14.487861904562124
99528	289.5185161532859	6.098595158173532e-05	0.5048692552587494	7.438204017725992e-05	14.976768786828117
99773	289.4740312612961	6.0691146896212546e-05	0.49825399200482196	7.464279972531685e-05	14.537203353174188
99999	289.47965967537453	6.079739246345992e-05	0.49260405631383875	7.576345774327509e-05	15.68338010662638
100244	289.4713255083696	6.125209727566708e-05	0.5053327307960435	7.496398605648055e-05	14.575878790039615
100485	289.4665742458345	6.092804615465327e-05	0.5026667815593749	7.45662820844526e-05	14.561138750770166
100731	289.4091356430048	6.076621144448424e-05	0.5006294942589281	7.447265429618593e-05	14.633965191907118
100971	289.385046273259	6.072799554449408e-05	0.4964126036601633	7.501089481460768e-05	14.61876982092867
101216	289.3822909051607	6.0947030287339786e-05	0.49930794312895865	7.511488900440775e-05	14.230046850889845
101453	289.3810024562732	6.098925293418807e-05	0.5025247424688386	7.47375031081834e-05	14.57636215924754
101693	289.3556876545609	6.083585148206142e-05	0.5016862928797515	7.448634460596948e-05	14.641632181292074
101930	289.30920820542536	6.073352317948329e-05	0.49704140104191136	7.492982501011101e-05	14.861188887063594
102177	289.31732934533795	6.09140106993039e-05	0.5008359141255414	7.480476429185231e-05	15.145135328787362
102432	289.31829271468365	6.086315557421673e-05	0.5033440247413261	7.430779011461922e-05	13.957627022760963
102680	289.3013634356486	6.066064292285209e-05	0.5002526330311269	7.427029024210709e-05	14.862661669142252
102923	289.2870341545468	6.064532384567337e-05	0.49383621672240063	7.519731653698105e-05	14.532012669128104
103161	289.2756101472227	6.1022620446218e-05	0.5012984588133492	7.500259437454532e-05	14.759369733630384
103410	289.27474357840845	6.0943539079442946e-05	0.504037497659306	7.440180018634426e-05	14.510310790336321
103649	289.22662185956096	6.069895992198278e-05	0.4989956877398574	7.455165211764439e-05	15.89826331114876
103907	289.2479027099451	6.076001262098209e-05	0.4957279348073968	7.519406709893142e-05	14.494387056940942
104150	289.2352237099571	6.1021258643149166e-05	0.5042978894246354	7.455327700565962e-05	14.150038074801405
104387	289.21788110918465	6.076067476377543e-05	0.5002649675019805	7.451381599180922e-05	14.575894677008925
104642	289.20943669375356	6.0744581555548e-05	0.49737564642300525	7.490700738810608e-05	13.176637832020383
104879	289.197811327345	6.090462711593798e-05	0.49490352135911814	7.567842088890351e-05	14.52703509125811
105119	289.1926410220725	6.121741949825119e-05	0.5083881476014933	7.442979159575619e-05	15.023418892789335
105359	289.1835405565317	6.071029070796263e-05	0.5011999049023373	7.42516018735672e-05	15.040238583325058
105602	289.16017970024905	6.0637574984307605e-05	0.49630390116173484	7.480462515974528e-05	14.684732963538229
105842	289.1374897533472	6.0862947727232935e-05	0.4995429927972762	7.487313993605112e-05	14.438739859718913
106091	289.092043110719	6.0890781614607775e-05	0.5051859961855392	7.410463352584205e-05	14.785515172234678
106334	289.09569959672336	6.057743765830705e-05	0.49653822123993385	7.462125175768221e-05	14.70144846425417
106574	289.1319435450098	6.0788238598408176e-05	0.4968672707853889	7.509165596104242e-05	14.5460711354835
106826	289.09636346979437	6.097957125036358e-05	0.5078428883538474	7.393208044915052e-05	14.44299670444327
107072	289.07457544327644	6.0506869093912274e-05	0.49776938789149433	7.42634124179956e-05	14.70045776871316
107325	289.05351549916224	6.064228972393407e-05	0.49654930284916154	7.477954826897046e-05	14.33673774804645
107577	289.0609434071457	6.085263729730149e-05	0.49884869719918423	7.495213347135583e-05	14.373911114747589
107828	289.050546831331	6.0922818331774255e-05	0.5054779439775346	7.4139891719209e-05	14.712514272566818
108068	289.02195244284667	6.059180399325442e-05	0.49916633618883716	7.426376635852333e-05	14.73906309226178
108318	289.0242166572011	6.064238044192403e-05	0.4952328017781659	7.497864246055025e-05	14.946979950207645
108576	289.0087088693529	6.093355850774609e-05	0.5067631931670497	7.397804011210529e-05	14.974737311173962
108833	289.032442708671	6.0525587230094846e-05	0.4986575822763981	7.417711471944043e-05	14.669164920167832
109073	288.9915777863469	6.060700182644793e-05	0.4961312313598296	7.475564457350735e-05	14.633839751206432
109322	288.9777837371424	6.084284581917528e-05	0.4986675137264148	7.495545183429302e-05	13.085482717559422
109559	288.9686663054952	6.092408047828406e-05	0.5042207102854173	7.432804414285876e-05	14.402118209328199
109812	288.9625327110235	6.066855420549791e-05	0.4998345841435289	7.43526423548908e-05	12.954688708796333
110046	288.9527299576656	6.067859223709575e-05	0.4929901368146661	7.540989482067696e-05	14.120348503712849
110307	288.93965056038655	6.110846622183825e-05	0.5105377939611906	7.385344357445761e-05	13.58596864211958
110556	288.9383137346954	6.04745209563138e-05	0.4960598531639817	7.444002664929835e-05	14.126977230210228
110808	288.9089389427642	6.071421703935389e-05	0.4953784501110628	7.513458230048374e-05	13.937305552796513
111063	288.9475354353108	6.099677109462494e-05	0.5091356215740217	7.378633429636067e-05	14.353726403531365
111317	288.9254889495547	6.044704938465427e-05	0.49860395309763095	7.399295574199747e-05	15.049574693669603
111570	288.8704288945924	6.0531613425015285e-05	0.49308660710956126	7.50305178557857e-05	14.643518866262594
111843	288.9034002726347	6.095448252929713e-05	0.5052225937139558	7.425485871894647e-05	13.390470176250174
112098	288.88564243998053	6.063861436594028e-05	0.5001215117174133	7.423684376154331e-05	14.059316747582672
112352	288.8758834818701	6.063124740649777e-05	0.49869281756499567	7.443146108681464e-05	14.628338153383192
112593	288.8424868337532	6.0710659250739516e-05	0.49703719806651536	7.487522117384602e-05	14.839177144228413
112868	288.883850016419	6.089133627237799e-05	0.5054080720368483	7.407394703171292e-05	12.32429412995204
113133	288.8561642474568	6.05646790425171e-05	0.4994957111604875	7.41487843790395e-05	12.222624033611192
113373	288.8399254778344	6.0595244256715716e-05	0.4938783459733347	7.506788997551613e-05	14.227698127221242
113625	288.8600593380048	6.096962868474716e-05	0.5047433019663677	7.436241656159914e-05	14.489971832966788
113895	288.7926356814966	6.068247281804126e-05	0.5037913872555096	7.380294369173451e-05	14.73083267516822
114153	288.8503856062265	6.045370228149125e-05	0.4965043989878662	7.432238951198524e-05	14.647715152527168
114410	288.80080926859574	6.066613884580859e-05	0.494372491718873	7.516854449825753e-05	13.71362856562626
114648	288.829068740835	6.101044718298684e-05	0.5058373748027696	7.43010450945267e-05	14.805917009884833
114906	288.82460934452666	6.065739469530683e-05	0.5037774099573916	7.374392303617872e-05	14.824370960592072
115161	288.77216732379486	6.0429556993512e-05	0.4951627025773586	7.446444092252401e-05	14.416099391546174
115421	288.76958842729306	6.0724011007168365e-05	0.5003505662201087	7.441229444992511e-05	14.652733656441718
115670	288.7831317935526	6.07027344077918e-05	0.5022861251774052	7.40735850917141e-05	14.72585419431486
115922	288.7993309044553	6.056443443461117e-05	0.49860824033084394	7.42802931971174e-05	14.668876317027893
116166	288.77171645604756	6.064890195052583e-05	0.4970109476785172	7.472709862184988e-05	14.462393856826406
116424	288.76598721649145	6.083100155753558e-05	0.5005400642288692	7.464649730915519e-05	12.302600644597526
116669	288.7510727463781	6.079817549946538e-05	0.49956810435809473	7.471105853426992e-05	14.586097099357996
116928	288.75053108304985	6.08244509901301e-05	0.5044018957544989	7.40590580280383e-05	14.917028461470572
117183	288.73685754060006	6.0558463091201256e-05	0.5013623879456753	7.385783822595139e-05	15.357031050334092
117455	288.73457390736047	6.047612719307586e-05	0.4982886851271579	7.411149443128902e-05	14.669254016602231
117720	288.72651256117916	6.057988731444986e-05	0.4957396468676396	7.474843012079531e-05	12.014293503987702
117957	288.73158530342187	6.083964016917699e-05	0.5019267543147742	7.446149211834822e-05	14.814709149886765
118215	288.71092911936216	6.072275483568045e-05	0.5026986816164288	7.406180643849128e-05	13.774995329124353
118466	288.7146240405511	6.055954383891895e-05	0.49604137870578613	7.465282470812235e-05	13.602044955727957
118712	288.72275767750386	6.0800709110260244e-05	0.49926599821905676	7.476257643662712e-05	14.009886717216585
118977	288.6981376168167	6.0845386134574853e-05	0.5015177260219814	7.453637783920409e-05	14.37419810338533
119238	288.70003635749515	6.0753249213645826e-05	0.5029352674312515	7.410136320316093e-05	14.464575044601334
119481	288.68360237635534	6.0575703514741724e-05	0.5013998738509943	7.389450350273379e-05	14.886787955729323
119735	288.6861268230218	6.049108281743923e-05	0.49713010324105367	7.432109122036314e-05	13.869682449625165
119985	288.66579702688364	6.066543690736101e-05	0.49694353580286643	7.477825804251087e-05	14.324134296776288
120254	288.6705080875534	6.085171309942116e-05	0.5066458958622007	7.379735891796245e-05	13.944314411966943
120510	288.67453460363066	6.045128635047447e-05	0.4982214731275976	7.40607709038479e-05	13.16115192063139
120759	288.6654160024571	6.0559088266026216e-05	0.49386737080000936	7.49804517697247e-05	13.148652403864169
121031	288.6747403057989	6.093392635972451e-05	0.5070585441381085	7.393668111556575e-05	12.357644802276667
121295	288.6659105327109	6.050832250229754e-05	0.5001043343005416	7.392125607047122e-05	12.200745663598033
121557	288.64267551563154	6.0502010396628834e-05	0.49681511136179035	7.439518925515123e-05	12.205500360201814
121803	288.65575588084386	6.069562803059464e-05	0.4969517230229186	7.48514990910049e-05	13.798152614408385
122067	288.6289990077369	6.088149541211036e-05	0.5060838988035034	7.395174876291327e-05	13.741268258226361
122342	288.6560828206904	6.051444482696239e-05	0.5016042665680416	7.371515262625604e-05	12.661231236208994
122588	288.6399068484532	6.041759651978081e-05	0.49466939505232643	7.450954060373581e-05	14.57009425096525
122853	288.6698706621804	6.074225713364041e-05	0.5013803697219655	7.430435283036871e-05	12.200914937276812
123110	288.6336869883519	6.065858357192257e-05	0.500305201788132	7.425910381201933e-05	14.082914595555101
123375	288.61736531735886	6.0640078934792597e-05	0.5009562966036267	7.411740000962438e-05	13.213197212310845
123621	288.6105636101065	6.058217208422404e-05	0.5010162733918415	7.39670585027661e-05	14.817781158205733
123887	288.60213661524574	6.052069773098235e-05	0.49652409256255886	7.44848898802e-05	12.31105883985423
124163	288.59491154513205	6.073216527773644e-05	0.4993307693588157	7.458474506844836e-05	12.2339137925209
124424	288.61423618799716	6.077284994934747e-05	0.5047876409412277	7.387729627096147e-05	14.28225699457684
124680	288.631580229904	6.048396433813936e-05	0.49843246545150593	7.410958257032048e-05	14.487119057643662
124958	288.5941242473745	6.057899855446571e-05	0.4987096446270933	7.430143814187547e-05	11.407194338704079
125226	288.5943468114896	6.065731861444427e-05	0.5020146682929001	7.400325412257113e-05	12.289276900090751
125493	288.58171949776926	6.053548230414479e-05	0.4997516971011883	7.404004906344413e-05	12.220161699934707
125757	288.5825118544737	6.055051904061159e-05	0.5004099656675042	7.397939104258349e-05	12.260263611750231
126021	288.56924877938513	6.052571066148897e-05	0.4964468836170208	7.450889480621347e-05	12.389624346922863
126281	288.5971608869925	6.07419185581835e-05	0.5000025569620491	7.450846097157245e-05	12.092052050870654
126537	288.5409425395038	6.0741763243998656e-05	0.5013159154420228	7.43130136905238e-05	12.211912175241805
126813	288.5644324910948	6.0661989648240684e-05	0.5004345622176517	7.424842990538581e-05	12.111928314768623
127070	288.56034395865845	6.06356454105643e-05	0.5001018167258237	7.423331351952662e-05	14.073037311168825
127338	288.56242309749297	6.062947263040279e-05	0.5029909262628973	7.379190124865913e-05	14.368481436347926
127614	288.5471324262959	6.044894386819776e-05	0.4993331956857698	7.38904683608102e-05	14.62689639913908
127905	288.55047171003315	6.048929184555574e-05	0.49773365539647174	7.42269159013895e-05	12.53315145499449
128169	288.5495255628703	6.062684923139584e-05	0.5027847173179755	7.381580360809403e-05	13.455684705970034
128448	288.51757546834466	6.045872254730368e-05	0.4988030415556637	7.399301519544695e-05	12.252691406457654
128721	288.5588058989742	6.05312193152161e-05	0.49933577472106483	7.40913370093177e-05	12.239443761647527
128996	288.54084690704104	6.057146578477582e-05	0.5020113863292569	7.37945308914744e-05	12.291865212507268
129270	288.54689795451947	6.04499995173312e-05	0.498108885535847	7.407467211308071e-05	12.657801553966445
129548	288.5398624101545	6.056464269352383e-05	0.49739119205964805	7.44632188315652e-05	12.075176100055888
129819	288.52166678909947	6.072326520839957e-05	0.501693091006911	7.42119763357903e-05	12.082668092916515
130091	288.5201940588728	6.062071555963015e-05	0.5033110595842403	7.372376875355475e-05	12.691828720701292
130353	288.50152750806336	6.0420988176667766e-05	0.4983179227299063	7.39726502995863e-05	14.617376527703529
130631	288.48552653904864	6.052287809979486e-05	0.4981982952252545	7.424022063088683e-05	13.921380299054713
130905	288.4775024513256	6.063221804459295e-05	0.5001556819629959	7.421713839055055e-05	13.135708518895813
131183	288.4987761627822	6.0622780905598286e-05	0.49947189066881065	7.429555816269921e-05	12.158192459575517
131475	288.4808180448084	6.065482174571237e-05	0.5024916087474781	7.392721540803688e-05	9.719357252506736
131735	288.4968119552955	6.050425615399048e-05	0.4984584390962529	7.415579437732978e-05	12.539989416890997
132000	288.4986637475164	6.0597743379792994e-05	0.5014810046191835	7.393679291366427e-05	12.612172951136857
132276	288.4832266899042	6.050819672142767e-05	0.4977189425762854	7.427567325799376e-05	12.1865047219737
132548	288.4861742621125	6.0646693451816655e-05	0.501754143915473	7.401600381252301e-05	12.595008424221433
132816	288.5075342053262	6.054058952436458e-05	0.4995735689524285	7.407913065309553e-05	13.819221209392477
133106	288.4659647097969	6.056642243648461e-05	0.5003126168528331	7.403294772922836e-05	12.26177164283848
133376	288.48725026065904	6.0547497226162446e-05	0.5021638049165351	7.371389032181552e-05	12.58301188706332
133641	288.4854526420037	6.041690795601122e-05	0.4991684848038768	7.383668296965674e-05	12.298479585014794
133902	288.4720848390752	6.0467208280006945e-05	0.4984550906781571	7.406555826874807e-05	13.619124009590713
134190	288.4758985874889	6.0560841672351785e-05	0.5001158063214236	7.40484077213371e-05	12.26889913411394
134457	288.4324753730021	6.055382956210193e-05	0.5010214111044871	7.389755307600908e-05	13.855431075535913
134744	288.4624532635952	6.0492073809095096e-05	0.5000614662591469	7.388839126363249e-05	12.118932086844742
135020	288.4647223625222	6.048835593039264e-05	0.4993673198288592	7.398200515900316e-05	12.130902162549146
135294	288.4871067677704	6.052666207091379e-05	0.50048118691687	7.391082290228129e-05	12.054835084255702
135575	288.46318308940783	6.0497558437750856e-05	0.5006600452957476	7.381343484575193e-05	12.528914007568453
135851	288.4221965868431	6.045766679998964e-05	0.4952361834192428	7.45235726893992e-05	12.152928042221816
136125	288.4498110284345	6.074775054785076e-05	0.5042696723039543	7.389252615263344e-05	12.267537954138477
136404	288.4628540791145	6.049002698296645e-05	0.4993520800259392	7.398835086522561e-05	11.298664597434241
136677	288.45413051815297	6.052925781145621e-05	0.4990978207954835	7.412211994407456e-05	12.984988425742273
136955	288.4459546155154	6.0583940060036696e-05	0.5029665716071249	7.368496276228767e-05	12.775517104287445
137220	288.4219058858799	6.040500928752228e-05	0.5005301130170747	7.360697492914365e-05	13.453589438806018
137505	288.4519152038812	6.0373013245833046e-05	0.494972081783275	7.435459435282368e-05	11.702935893462836
137780	288.4361822238614	6.067887251482409e-05	0.5020265690742631	7.405449393233284e-05	12.019365959898602
