时间秒	晶中温度K	设定电流	电压差V	κ	时间常数
122	295.78525153469303	5e-05	0.2365353404455855	0.00010669276401077342	9.15343478357985
274	295.74720763590216	7.269540958964082e-05	0.5785788808340362	9.22022363112389e-05	9.230663554533978
426	295.8241128490996	6.757883512967143e-05	0.5066500738747572	9.099186496916443e-05	9.282237446449829
578	295.8480781955975	6.713386462667411e-05	0.5059276210554482	8.992570835614451e-05	9.34139556772144
730	295.8501022871087	6.673942421268854e-05	0.5059429487787741	8.886941558648437e-05	9.385195249450662
883	295.88328072355273	6.634629629101189e-05	0.5064175252680411	8.774313199155193e-05	9.445107085026123
1035	295.8473051935185	6.5924572577515e-05	0.5056017792090292	8.677108195021993e-05	9.497460791115333
1188	295.83758884109307	6.555835205027764e-05	0.5054714051946959	8.583187132070012e-05	9.539925739939703
1341	295.8162961899979	6.520257301103419e-05	0.5057860274255942	8.485004380904748e-05	9.592994925832288
1494	295.79057976964884	6.482855216528436e-05	0.5060510078393979	8.383552609811502e-05	9.65268161311551
1648	295.7352933281401	6.443979907278294e-05	0.5059559682533301	8.284878761680481e-05	9.704348841547809
1802	295.6785767860717	6.40593928526642e-05	0.5051650299064097	8.20018528016755e-05	9.743087451451727
1955	295.565624863728	6.373106572345396e-05	0.5056051970733729	8.109306298050195e-05	9.79494189326237
2109	295.48485126882593	6.337681623072226e-05	0.5054954484763594	8.021166923810852e-05	9.862956597710879
2264	295.3822597783897	6.303137712293198e-05	0.5054992694864321	7.933931269157125e-05	9.896472766337103
2418	295.2567308325455	6.26875839261382e-05	0.5059123388246416	7.841242528648194e-05	9.95577398059016
2572	295.1570465578542	6.232020856961603e-05	0.5054519526814598	7.756689724983309e-05	10.024888678567184
2727	294.9779697683702	6.198319532105559e-05	0.5045802879167754	7.686323250511187e-05	10.046697390715563
2882	294.82895353343275	6.170123019059912e-05	0.5063108138812087	7.590554061613487e-05	10.110899415267406
3037	294.6591704855545	6.131549286871132e-05	0.5046500095850298	7.520652811194225e-05	10.15968560383137
3192	294.4921725403872	6.10323486506512e-05	0.5058389060255477	7.43388191291143e-05	10.225231959032536
3348	294.32167638088566	6.0679077583655815e-05	0.5047209414958462	7.36438831910803e-05	10.265917989141107
3504	294.10900991433846	6.039462793611382e-05	0.5050332365257627	7.291043528083283e-05	10.300335472484642
3660	293.9181461269629	6.009292341291697e-05	0.5052513073551136	7.215308467553801e-05	10.356611766192422
3815	293.6929767498611	5.977982114925494e-05	0.5047182255237912	7.14790941299731e-05	10.416544143737797
3972	293.42634964292	5.9499747098685346e-05	0.5049034872386573	7.0785518396118e-05	10.444146625164779
4128	293.2139175651461	5.9210119394231884e-05	0.5043212304575844	7.017947775888856e-05	10.476428775354192
4284	292.9911130583163	5.8955905417043925e-05	0.505358136658493	6.9435887422449e-05	10.551360869289889
4441	292.75753059609485	5.864252805978772e-05	0.5044337173909803	6.882609943611442e-05	10.593188295534821
4598	292.49222571861776	5.83842401628396e-05	0.5045640430811489	6.820411849770241e-05	10.640776124214698
4755	292.23648328539906	5.811958246718073e-05	0.5052844900422452	6.749136563437614e-05	10.718394841173492
4912	291.9407531277112	5.7814863423288154e-05	0.5029486167995325	6.709633538272251e-05	10.720876369955201
5070	291.6969802826851	5.7645139852568546e-05	0.505204634035499	6.64056296410117e-05	10.76068956556362
5227	291.41467449261137	5.734744011735845e-05	0.5038323491169108	6.590113485032977e-05	10.797481775280048
5385	291.10779129923395	5.7128920074223826e-05	0.5037498504342109	6.541122972423595e-05	10.85025655841194
5542	290.8128160591661	5.69158926538549e-05	0.504093104453212	6.488073329589051e-05	10.864470162699932
5700	290.5184406016343	5.6684350583159855e-05	0.5045585490287574	6.429517315299976e-05	10.917293193073728
5858	290.2172713357626	5.642770575665009e-05	0.5031509916169322	6.389316161404148e-05	10.93913254593767
6016	289.890569041195	5.6250738524359226e-05	0.5038046630131192	6.341132727361945e-05	11.00483694234466
6175	289.5435317492098	5.6037937109360616e-05	0.5036521765725751	6.295222454722005e-05	11.025649446094066
6333	289.2664858970763	5.583439107110624e-05	0.5029084642955459	6.258873270845092e-05	11.044022302358995
6492	288.91514571222274	5.567270378979556e-05	0.5031325436854612	6.21997799048909e-05	11.0648944466092
6650	288.59029882613873	5.549912181824576e-05	0.5043949535568601	6.165847042553239e-05	11.141852019347668
6809	288.27265783862583	5.5256802066466284e-05	0.5027380508648891	6.132331412026784e-05	11.141280219107221
6968	287.919341669982	5.5106124693610245e-05	0.503367927362801	6.09137255564495e-05	11.19500851639813
7127	287.55007656982264	5.492146363405632e-05	0.5032966160941306	6.0515487957720595e-05	11.207545618828233
7286	287.235712070609	5.4741299065366625e-05	0.5025941672322124	6.020377297349171e-05	11.243746834972047
7445	286.857063558097	5.4599841191776124e-05	0.5036876326807548	5.976376538154845e-05	11.291624177661351
7605	286.5108204967394	5.4399603956850974e-05	0.5022842985573339	5.9492663683554314e-05	11.294726621869355
7764	286.165760317747	5.427576319274806e-05	0.5030418970924373	5.9133599465146676e-05	11.332805602395814
7923	285.7796104651101	5.4111411439144125e-05	0.502312929822944	5.8862082544707404e-05	11.3496126655463
8083	285.4286751325531	5.398668808997411e-05	0.5025873827997137	5.855975379842124e-05	11.403624388195098
8243	285.05508918913625	5.384754365937948e-05	0.5035372095205318	5.8149123537020296e-05	11.428139667722993
8403	284.7171231366894	5.3658078292784514e-05	0.50241089447995	5.78707566904597e-05	11.441523115915963
8563	284.3074246477731	5.3529180280431515e-05	0.501903687586048	5.765206540288964e-05	11.433125835451463
8723	283.9408048943349	5.342756751100495e-05	0.5023502952637201	5.7383058044674064e-05	11.435842974001163
8883	283.58478539646	5.330243791697453e-05	0.5018225509475984	5.717535064491145e-05	11.485620529713287
9043	283.1886213320711	5.320555628549709e-05	0.5032049550883732	5.681197009451085e-05	11.51587196316672
9203	282.8047436225068	5.3035850282922145e-05	0.5016288751118331	5.662824272278897e-05	11.510678609567828
9363	282.40570830659584	5.294967200975803e-05	0.5020027242706228	5.640311230254565e-05	11.54425603954924
9524	282.0134145716388	5.284394592100602e-05	0.5029574924972363	5.607221154091233e-05	11.591986753081093
9684	281.644649354376	5.268835026764941e-05	0.5008646969774124	5.5976127845679695e-05	11.576929606227333
9844	281.2581817315681	5.264284981808211e-05	0.5025580354782372	5.569196160022366e-05	11.619717634588385
10005	280.83358643351374	5.2508702053791586e-05	0.5019187654724273	5.547988593035894e-05	11.597012378922216
10165	280.46028941485315	5.240823922391213e-05	0.501512003262186	5.531334779587884e-05	11.627026820210798
10326	280.03776290776665	5.232917706348799e-05	0.50205079379437	5.508822084412651e-05	11.668585964681057
10487	279.62923009204627	5.2222189713132433e-05	0.5015737032307898	5.4916175992806815e-05	11.666908656648273
10647	279.2304121925716	5.214020097269812e-05	0.5012026197324569	5.4785180654955e-05	11.683046491772616
10808	278.8511375098086	5.207760902701312e-05	0.5023925630650858	5.452500715052023e-05	11.694156980238473
10969	278.4363899638344	5.195345545376668e-05	0.502463880021696	5.425844059123784e-05	11.745830858854589
11130	278.0446392278796	5.182591952955684e-05	0.5009040572685955	5.416127450607003e-05	11.688474335714748
11290	277.6322581389897	5.1779129372225254e-05	0.500867092152004	5.406830850671475e-05	11.718024589479969
11451	277.2634311777979	5.1734290406361376e-05	0.5008763754369941	5.397442670728362e-05	11.723179912096613
11612	276.8072676568479	5.1689011258611894e-05	0.5025217677110648	5.370445212161166e-05	11.746187571705459
11773	276.3822419701884	5.155915457565745e-05	0.5015160092257139	5.354293392232538e-05	11.758814070648386
11934	275.9784576133652	5.1481167720098325e-05	0.5017424931210489	5.3357767652381004e-05	11.79885349883072
12095	275.57878003416295	5.139169592765945e-05	0.5002330029926113	5.3333694861151405e-05	11.766436512133035
12256	275.14765660094474	5.137972569220153e-05	0.5009364880708989	5.32348212803622e-05	11.774839700078617
12417	274.7498802940969	5.1331676677473387e-05	0.5022441108793834	5.2997732753737435e-05	11.800791899745114
12579	274.32470924119997	5.1216869020831104e-05	0.5018032908015586	5.2808102444093695e-05	11.845314433931687
12740	273.921008046833	5.112475918851395e-05	0.5009526972441054	5.270845861254912e-05	11.797434930828521
12901	273.47519185223354	5.107612226469881e-05	0.5012910964933012	5.257357656725994e-05	11.791702127076038
13062	273.0731143250569	5.101030549865257e-05	0.5022153360269672	5.234244524947929e-05	11.866668226836032
13224	272.6738238183814	5.089767466596223e-05	0.4996902549333419	5.237566790746061e-05	11.838601540396008
13385	272.2494413329031	5.091344729821536e-05	0.5021055759909447	5.215685627354531e-05	11.864908160700791
13547	271.8290424715986	5.080658256549512e-05	0.49995052827108055	5.216284168326249e-05	11.835655200839858
13708	271.4242651975571	5.080909624151051e-05	0.5023985849441539	5.191458681711287e-05	11.926680737829798
13870	270.99578256900435	5.0687663035788014e-05	0.5000307858601661	5.1912226181586e-05	11.835473719557282
14031	270.56368537537116	5.068610264453826e-05	0.5014850293985529	5.175934979622318e-05	11.844628660717289
14192	270.1475523892897	5.0610999546131565e-05	0.5008650962844426	5.167076311959704e-05	11.861559876968707
14354	269.7281308747279	5.056727289194728e-05	0.5003392240753736	5.1636558932883685e-05	11.851711097219566
14515	269.31391413352645	5.055012797901414e-05	0.5023421368124796	5.139661287662231e-05	11.89641513379578
14676	268.8698232430705	5.043214699339192e-05	0.4998763236469619	5.1410202810748045e-05	11.862474404164496
14837	268.487105878277	5.04383854147496e-05	0.5021016760549504	5.119576189209081e-05	11.928949995139657
14999	268.0372845683602	5.033271328430744e-05	0.5003682666304307	5.115896664532571e-05	11.911710494818944
15161	267.61919658923006	5.0314187658512596e-05	0.49985518592427963	5.117462062199113e-05	11.856447997044684
15322	267.18104203055526	5.032147544419312e-05	0.501874864345836	5.09843088870022e-05	11.88676158702533
15483	266.7529959551335	5.0227394006430684e-05	0.5009922648338917	5.088417222369466e-05	11.893134008933396
15644	266.34448982956184	5.017762918724281e-05	0.49982538769873036	5.090275694787392e-05	11.887516516574255
15806	265.9146604547842	5.0186393114048404e-05	0.5015527455902428	5.074602375041795e-05	11.883804335656052
15967	265.5363050865806	5.010864744552737e-05	0.5004244629369503	5.070373411213292e-05	11.955647896383077
16129	265.06746690328765	5.008739171431418e-05	0.5008152468145026	5.0622131692653274e-05	11.857388240739661
16291	264.65682668966076	5.004660799419822e-05	0.501149521052014	5.0506831739705566e-05	11.864169362247555
16452	264.2140423750198	4.998917737233988e-05	0.5014595289726902	5.036070713142868e-05	11.913063670787281
16614	263.80264739114284	4.991637606435707e-05	0.500868531676636	5.0274205771174114e-05	11.908735383548919
16775	263.3551289506058	4.98730785103498e-05	0.4994791223093659	5.032752672590418e-05	11.889611576389555
16937	262.94565946901713	4.989907659880983e-05	0.5009080212538943	5.023712000289827e-05	11.83757707096689
17098	262.51902506833534	4.985382879633964e-05	0.500925291868165	5.014517892032918e-05	11.89118902520016
17260	262.1039033405177	4.980776338003937e-05	0.5001819816366101	5.012777229186957e-05	11.848785972100632
17421	261.6666833609923	4.979870175524254e-05	0.5013408751880237	4.999458557751949e-05	11.873293745514413
17583	261.24876688628	4.973206191531137e-05	0.5003852711892738	4.995694213356517e-05	11.847702434959283
17744	260.8043065535749	4.971291265045196e-05	0.5007073463578711	4.988726515971197e-05	11.896575242922697
17905	260.3889256814223	4.9677785668772586e-05	0.5006841217517628	4.98199466987115e-05	11.883340816899937
18067	259.9578024636959	4.964383485078706e-05	0.5001239604751836	4.9808476262920115e-05	11.857653939608161
18228	259.5492237853138	4.9637682121448267e-05	0.5015958373330877	4.9650835536594435e-05	11.899511418852718
18390	259.1090296756415	4.955865757045123e-05	0.4996996014252875	4.968159043669722e-05	11.837351414698768
18551	258.66476697714	4.957355163211851e-05	0.5013816088148095	4.95455914903921e-05	11.866572667933331
18712	258.26448791724977	4.950520199232721e-05	0.4995293271034182	4.9593098378188867e-05	11.860667109024153
18874	257.8475022433342	4.952851921261221e-05	0.501515610176654	4.94440777257255e-05	11.88035608940779
19035	257.4042615473683	4.945362351094524e-05	0.5011715468250589	4.932941081770997e-05	11.865957410654081
19197	256.986804714534	4.939578789121639e-05	0.4990754384618028	4.942166337282798e-05	11.833409616727334
19358	256.543144043855	4.94415207709243e-05	0.5016899457244576	4.925609828742111e-05	11.850827418716177
19520	256.11644754506295	4.9358178490777494e-05	0.5007263714845478	4.918552406811811e-05	11.868333231322229
19681	255.70659560260188	4.9322365133374457e-05	0.5000063656259158	4.918575998589783e-05	11.937616644462741
19843	255.2995589424866	4.9322051168646604e-05	0.5005029210682815	4.913718157139688e-05	11.898912152386888
20005	254.86509630333367	4.929726476682204e-05	0.5008822645238655	4.905153715641593e-05	11.82573326993138
20166	254.4323363306958	4.925382901328623e-05	0.5008571154391489	4.8968500398565286e-05	11.858961934960705
20327	254.00719144891818	4.921166699484026e-05	0.5006497572817454	4.8905835429753514e-05	11.84200172892885
20489	253.59057990453036	4.9179722486759206e-05	0.5006316605352311	4.884500016679481e-05	11.859475010574839
20650	253.1566096492584	4.914868699967548e-05	0.5001137451665502	4.8834808557579316e-05	11.822504454108563
20811	252.73597817048227	4.914309752773203e-05	0.5000368749151056	4.8832093016464014e-05	11.819748914884169
20973	252.30978897706115	4.914128548041069e-05	0.50121645615852	4.8714476393565026e-05	11.86124944635351
21134	251.87848833512936	4.908161611675045e-05	0.4997579358310732	4.873898721513286e-05	11.826947650828334
21296	251.45079406303594	4.9093501333016976e-05	0.5010549920311209	4.863727858176228e-05	11.822696141062274
21457	251.02792576895607	4.9041789898683876e-05	0.5008437892190868	4.8556233643710594e-05	11.846302533025701
21619	250.59530048284986	4.90004612667137e-05	0.5003954010336643	4.851879228967826e-05	11.7851211839477
21780	250.1465965289199	4.898109791735481e-05	0.5010662116821124	4.8416505882407876e-05	11.807900407347487
21941	249.74467141186383	4.8928957073515115e-05	0.5000879564235349	4.840885216957101e-05	11.837243491974577
22103	249.31336500087036	4.892465402515643e-05	0.5007153176342035	4.8340618980278215e-05	11.803462303307116
22265	248.8862827742516	4.888969486327361e-05	0.49960018315741855	4.8380228802646975e-05	11.778263451817578
22427	248.45943914408824	4.8909253517309503e-05	0.5016001845518249	4.822680941731348e-05	11.81221499064201
22588	248.04183768106824	4.8831177040646887e-05	0.49961986657212676	4.826440901817756e-05	11.866514851248962
22750	247.60975938797748	4.884974999433447e-05	0.5008268202443155	4.818566512826977e-05	11.782247883096668
22911	247.18186585366772	4.8809410056037146e-05	0.4991965092585708	4.8264161259734614e-05	11.803626300588466
23073	246.7562268304336	4.8848675295338634e-05	0.5011399446331207	4.815529512190689e-05	11.80532350888571
23234	246.33552378860085	4.879308554591662e-05	0.5010982057171524	4.8050676803693834e-05	11.789291016195364
23395	245.89672923866692	4.873958880993223e-05	0.5004630712468277	4.800718102584126e-05	11.819144345999254
23557	245.47436061746953	4.87170345728916e-05	0.5004354842816364	4.796633784601922e-05	11.779002591664021
23718	245.04977158063878	4.8695832918563216e-05	0.4999587683105355	4.7971227211885434e-05	11.763534363309438
23880	244.61248254058816	4.8697840854211046e-05	0.501363642918264	4.7841714233082106e-05	11.78821138875382
24041	244.18598561750235	4.863156991247989e-05	0.4996628923644162	4.787493953097843e-05	11.75731066540354
24203	243.76035815513202	4.8647972280539246e-05	0.5005342469401861	4.782478736124921e-05	11.798124339762241
24365	243.31865317441947	4.8622003059315526e-05	0.5012963909099178	4.770208507841508e-05	11.764876713028945
24526	242.90955446904218	4.855909224563968e-05	0.49923271663104074	4.77763157544154e-05	11.743692676779263
24689	242.47960660496486	4.8596393766280447e-05	0.5014671204800227	4.763749904819176e-05	11.74706342745101
24850	242.03224082668234	4.85252535204728e-05	0.4996545993873782	4.767143792841415e-05	11.747455630093594
25012	241.59862434762545	4.854202286147771e-05	0.5009169584184928	4.758514835265756e-05	11.744257259850517
25173	241.19416501143255	4.849757297367748e-05	0.4973955148463722	4.7835235071586476e-05	11.713510851617663
25335	240.74021074836034	4.862437979781613e-05	0.5006527634558847	4.7773893832752325e-05	11.718870597743072
25497	240.27502109362428	4.8592670624128134e-05	0.500224269519158	4.775353388114132e-05	11.729279372105898
25659	239.8647191117516	4.858177643396789e-05	0.49952816996091076	4.7799590977174066e-05	11.571946385844369
25819	239.41497423428507	4.8604715011383845e-05	0.49731613073119657	4.8058587023246953e-05	11.73458501821704
25982	238.97641881368224	4.873569123340331e-05	0.5030670094926796	4.7766606476312594e-05	11.683193450048659
26143	238.5435257812064	4.858690256133474e-05	0.5020069363131819	4.7576639534113424e-05	11.67304703288924
26303	238.09044961248836	4.848968431079754e-05	0.4977439409304987	4.779334744348906e-05	11.518223695869942
26464	237.67709031276493	4.8599451504763725e-05	0.49958317593445184	4.7834179061518695e-05	11.673531898121112
26626	237.21864243874447	4.861972160019954e-05	0.5010184603909819	4.773802221812527e-05	11.628727229872208
26787	236.7814455133939	4.8570279858404724e-05	0.4998929231904761	4.774926570485495e-05	11.631541747009699
26948	236.35081326154867	4.8575481444478415e-05	0.5005602364528781	4.769684157018317e-05	11.65649867113437
27109	235.91204131799722	4.854829053693113e-05	0.5014427275565392	4.756064177041525e-05	11.629654872666777
27271	235.47132530181332	4.847839979398545e-05	0.5008031597354409	4.748541291526275e-05	11.63324619604463
27434	235.05005291906602	4.8439510740149136e-05	0.5020405724512816	4.729340195332108e-05	11.646681393642382
27594	234.60515035520865	4.834096793221525e-05	0.49996516098154065	4.729775700992804e-05	11.576866932882744
27756	234.19110651654768	4.8342652172105795e-05	0.5013648950684291	4.716997540465128e-05	11.614897912592621
27917	233.77126315577345	4.827680430707483e-05	0.5007139712138686	4.710371034277636e-05	11.613665422615338
28078	233.33481836869714	4.8242372928636834e-05	0.5003208010551422	4.70745497586961e-05	11.5985641853594
28240	232.87984618436795	4.822690416769315e-05	0.5006964746425948	4.701015664078519e-05	11.599531780574763
28402	232.45799079270333	4.819335040180396e-05	0.5006004567801375	4.6954779453171276e-05	11.580580689976577
28563	232.01144202855258	4.816443841579022e-05	0.5014285036954976	4.6822081925583776e-05	11.619396726242039
28724	231.5873911213229	4.809578241557143e-05	0.49926149755230337	4.689236716838596e-05	11.591410661636463
28886	231.1601216798878	4.813134066324045e-05	0.5017352850330085	4.67312108021478e-05	11.615803118237702
29047	230.71247093865733	4.804803584197959e-05	0.4993002181992591	4.679779455794841e-05	11.56954357519798
29209	230.30577333493045	4.808169431752958e-05	0.5013534617947548	4.6672452341011635e-05	11.570247851215564
29370	229.8629631414429	4.8016749402233854e-05	0.5002367300191617	4.6651437416540215e-05	11.568707116541631
29532	229.423804405651	4.8005386431003216e-05	0.5000603338328098	4.664688202963676e-05	11.574133566253357
29693	228.98570860886352	4.8002490344139714e-05	0.50095446335268	4.655907865284804e-05	11.61596012394448
29854	228.56089673829186	4.795673921751952e-05	0.4992790816215824	4.662735023448505e-05	11.544184290766008
30016	228.1124791560718	4.799134954352075e-05	0.5013919290780962	4.649901127415405e-05	11.552845157820995
30176	227.67955830655794	4.7924688138272876e-05	0.4995645546165804	4.654061785960604e-05	11.553194365038754
30339	227.25746694684193	4.794557036306741e-05	0.5010119593680769	4.644765735295998e-05	11.552034028176612
30502	226.81576876655444	4.7897124918822186e-05	0.5011152965320268	4.634537138860469e-05	11.57542395462288
30662	226.39418914189906	4.784379462358044e-05	0.4986269547882519	4.6474052770987534e-05	11.519895608994027
30825	225.96528784642047	4.7909621923556706e-05	0.5013104192388256	4.63536466282917e-05	11.514061402281161
30986	225.52230920052054	4.784696336986048e-05	0.500418759081739	4.631596520573135e-05	11.536292236927396
31149	225.07131136869458	4.7826939596243826e-05	0.5004693321933679	4.627367055554351e-05	11.493557351240188
31309	224.63214528841306	4.780450866388442e-05	0.49984422022174396	4.628920233938253e-05	11.49207257223043
31472	224.19963946302533	4.781195738022799e-05	0.5007938326796952	4.6216921382323613e-05	11.44603559133755
31634	223.76225501012524	4.777404782078248e-05	0.5004268164893102	4.617861316526748e-05	11.452587685784117
31796	223.33389091322306	4.77536701147952e-05	0.5010811365851714	4.6080071658764445e-05	11.469711593351281
31956	222.8895455634252	4.770212545014615e-05	0.4987931483645625	4.619270936268424e-05	11.4035771608183
32119	222.45365464814873	4.7759799264891706e-05	0.5014140664601163	4.606355060519665e-05	11.441095445253232
32281	222.00360567281504	4.769240664742761e-05	0.5008796624384836	4.598381062733706e-05	11.465075559700873
32441	221.5801174259413	4.7650508704670625e-05	0.49717603218071227	4.624610293689834e-05	11.41151910266313
32604	221.1114777333186	4.778564490844572e-05	0.5036489159896399	4.5912258537898105e-05	11.468268283696995
32765	220.67772369162995	4.761222770671656e-05	0.4995411862580803	4.5955558580535195e-05	11.42582879409436
32925	220.23709457197347	4.763408789685624e-05	0.499680105837886	4.5986128236790256e-05	11.425507762517766
33090	219.80349581958143	4.764933307914944e-05	0.5013960364924847	4.5859220757950686e-05	11.418395975775915
33251	219.36661921306955	4.7582951844968566e-05	0.4999168941927212	4.5867993493382675e-05	11.428171224638556
33413	218.92477712303983	4.7586906757615494e-05	0.5004368443794057	4.582911960284172e-05	11.41597418571789
33577	218.46565026880214	4.7566132296684185e-05	0.499729538680462	4.585513814940517e-05	11.382424826136937
33740	218.02134422963965	4.757900231708995e-05	0.5009730470982516	4.576725602765023e-05	11.403278821756047
33901	217.5961004097402	4.753277317072064e-05	0.49852089334781396	4.590418764380328e-05	11.338043678673502
34064	217.13369260951092	4.760323558244293e-05	0.5017495290468732	4.57453594027048e-05	11.34184191481296
34224	216.69587725978542	4.7520170263397286e-05	0.49946387082913135	4.579563572902779e-05	11.33609037947754
34387	216.24858251456698	4.754566771960842e-05	0.500557001175025	4.5745880964762e-05	11.31486737759223
34550	215.80139911617385	4.7519206832887504e-05	0.5008719274624255	4.566745021883179e-05	11.22783441224443
34709	215.37192258722922	4.747782764307733e-05	0.5005579369606065	4.561772113738289e-05	11.318349132512473
34871	214.90810323239822	4.745136015695046e-05	0.5002457502316856	4.5596564744062274e-05	11.364945216517794
35034	214.4543845477904	4.743970327104575e-05	0.4996086113778821	4.5633525340589574e-05	11.30614108728498
35199	214.01015231847535	4.74582815388384e-05	0.501087549994693	4.553570721537271e-05	11.277404859320045
35362	213.56194356284922	4.740675233066762e-05	0.5006818035414721	4.547492301838039e-05	11.314323370876368
35522	213.12412157017465	4.7374463257495655e-05	0.49967613375681647	4.5505608408987774e-05	11.287048877110665
35685	212.66359885543892	4.738981370457379e-05	0.5001730560691583	4.549113970688343e-05	11.264894501742283
35848	212.2071195341376	4.738161473795596e-05	0.49958372178732824	4.553030811146345e-05	10.903810574500708
36011	211.77395436919852	4.740135099636951e-05	0.500672960379118	4.54703253979741e-05	11.250477590120338
36174	211.30912657758512	4.7369483929536824e-05	0.500620068466805	4.541530118783259e-05	10.983015617191384
36336	210.86457082240335	4.7340138897338046e-05	0.49986231309632534	4.542907647816658e-05	11.111178049396711
36500	210.42267172105113	4.73466583609804e-05	0.5009560486993747	4.534361052401408e-05	11.299151093402095
36662	209.94774009179898	4.730145746090836e-05	0.49835223340098456	4.5494903780208335e-05	11.125436306357757
36822	209.50988415625682	4.737959239793065e-05	0.502132094762978	4.5302964317159545e-05	10.807706011224546
36983	209.05230417600313	4.7278896542572614e-05	0.49964309851029387	4.533662756156619e-05	11.192389207583158
37145	208.59382495817138	4.72957794900418e-05	0.5011930315437323	4.523002672771046e-05	11.19434046973545
37309	208.16374180664218	4.723945490870994e-05	0.5002465902055805	4.520896976956773e-05	11.172071659092264
37473	207.67929693864798	4.722781042875758e-05	0.50036891332529	4.517702245534188e-05	11.121505582984266
37637	207.2412071944322	4.7210397095589846e-05	0.49941646294342434	4.523108423198673e-05	11.11500237924009
37800	206.79293972230698	4.7237970249034614e-05	0.500790250628165	4.516101666281573e-05	10.822401739568154
37962	206.33143326994505	4.720068460506084e-05	0.5006145032401195	4.510692169857246e-05	11.136730122685536
38126	205.87043721812614	4.717170633955827e-05	0.49879839246495145	4.52169460805915e-05	10.811476164209825
38288	205.4060742984317	4.722849058642715e-05	0.5018831774542607	4.50486406367543e-05	10.814171178737835
38449	204.9648543996889	4.7139801405471895e-05	0.49899523484566993	4.514064800715935e-05	11.094674093604453
38613	204.50269742135717	4.7187237340251965e-05	0.5012201147920256	4.5032140972473846e-05	11.106611757897857
38774	204.03432909884677	4.712976865021442e-05	0.4991559775281504	4.5109684914508767e-05	11.034733304965341
38940	203.58590239463535	4.716959766602413e-05	0.5011159129528477	4.501056526886925e-05	10.922336049341277
39107	203.1206627601895	4.711704844520111e-05	0.5006747147214539	4.495130694514036e-05	11.063523855082806
39268	202.6562784453683	4.708529001719005e-05	0.4991740415961614	4.502708853744126e-05	10.916085239127813
39434	202.2138578798162	4.712422875749317e-05	0.5014346969186128	4.4899593604984894e-05	11.053566292971794
39602	201.7358813962815	4.7056764922271145e-05	0.5009038115858667	4.482002800343172e-05	11.069831689181497
39765	201.27436871763604	4.7014292045492235e-05	0.49888117067820437	4.492195083277374e-05	10.992870663117623
39931	200.80952145984804	4.706698145616996e-05	0.5005912457035838	4.487031659883638e-05	10.727917193578818
40091	200.34791455432338	4.7039177961220346e-05	0.4999109079479833	4.487973850390938e-05	11.094426390428985
40257	199.8808896686039	4.704336933824597e-05	0.5004860898140285	4.483759223017455e-05	10.890891648597766
40422	199.41892149012492	4.702051869544098e-05	0.49986359130973446	4.4851256758421715e-05	10.581596421002166
40586	198.95800439690282	4.702693401549979e-05	0.5002644707821485	4.482897574776537e-05	10.801819275349445
40749	198.49262383777148	4.7014501697238726e-05	0.5005419617966782	4.478190085736505e-05	10.949629365753447
40916	198.02550012088827	4.6989042328568256e-05	0.4997207084706405	4.480839601666808e-05	10.597086570117238
41078	197.57175155730096	4.7002171470606684e-05	0.5000398298187637	4.480626275765122e-05	10.864237121894073
41247	197.09228618254167	4.700029949447547e-05	0.5002568166076761	4.4784780547946e-05	10.729841432911698
41411	196.62544983274495	4.6988233684851083e-05	0.5003326225378188	4.475649574814253e-05	10.458333283358025
41576	196.15383845855078	4.697261213300359e-05	0.4997800852703962	4.47776974073739e-05	10.63241166773289
41742	195.68061919791614	4.698294551111765e-05	0.500133837562317	4.47672410398505e-05	10.354694754217135
41908	195.2016982794596	4.697665869031097e-05	0.5017012203732396	4.461697971206853e-05	10.653160574348501
42071	194.73841015756875	4.6896944401260766e-05	0.4990864170072004	4.470014697457134e-05	10.397190093489481
42236	194.28098434310684	4.693984745428968e-05	0.5003558978673124	4.4669848823555784e-05	10.837249929688575
42405	193.80734619620284	4.69231505757354e-05	0.5001677814552021	4.465641261909779e-05	10.277307363341723
42571	193.31442698533883	4.691527972206867e-05	0.49951976494358274	4.470096400262117e-05	10.40128973850461
42737	192.8461992156154	4.693782632687846e-05	0.5026441470451809	4.446734553416935e-05	10.712170269728844
42899	192.3732648205734	4.6814205902454953e-05	0.49862794417599465	4.4591274447166186e-05	10.728452910779664
43065	191.8858923408445	4.687857010355871e-05	0.5004712427659898	4.455090826183934e-05	10.381490581576436
43230	191.4390461122242	4.6856494519731235e-05	0.49920765041086046	4.4623128675004594e-05	10.362769837006208
43398	190.97696249623078	4.689366542828241e-05	0.50191681056511	4.445425226364184e-05	10.219566517749561
43562	190.49702654169235	4.6804036774508346e-05	0.4984176832278153	4.459700997230756e-05	10.211966386209653
43730	189.99808406061385	4.687827182849885e-05	0.5024046692869639	4.438522908400124e-05	10.028571282316603
43895	189.54247808335626	4.6765950071043515e-05	0.4985086817165525	4.451957459728094e-05	10.242778007357817
44060	189.0631089810348	4.68358493895474e-05	0.5007897338629724	4.4450999870800884e-05	10.315739577696318
44229	188.58666660800364	4.6798905291535476e-05	0.5011287719711882	4.43525062274098e-05	10.492996668418963
44416	188.04288598344496	4.674616927259103e-05	0.5002788121239771	4.432965567282953e-05	10.024103050118404
44591	187.55271696717543	4.6733141322121047e-05	0.49881376521988235	4.443678279986329e-05	9.256019855116195
44762	187.05379729411905	4.678867663618297e-05	0.4998715700951793	4.444994297111204e-05	9.795549856022152
44937	186.56261293803936	4.679468685933341e-05	0.5000717167798747	4.444529700853084e-05	9.384742074487773
45107	186.06352246649544	4.6791331256051885e-05	0.5016640781776733	4.429960937365779e-05	10.106856171469072
45270	185.5859820557859	4.671366064407883e-05	0.5001653447933497	4.4286658654526654e-05	10.302027435978072
45440	185.10466849535163	4.6705938698635465e-05	0.5006465567411181	4.4231176088058025e-05	10.065216562706551
45609	184.6319810062859	4.667576991471467e-05	0.500482672010719	4.4190197101076476e-05	10.370276894359431
45777	184.15312896196133	4.665325712512762e-05	0.49968104444895134	4.4220120168306655e-05	10.506798919704016
45945	183.67432937991163	4.666814456348759e-05	0.5006861086616043	4.416123954515328e-05	10.245491960354165
46115	183.19486316990128	4.663615806084457e-05	0.4997725784400933	4.4183071300169335e-05	10.04831200360738
46283	182.69981435506622	4.6646767748103475e-05	0.5004381506227322	4.41461929141471e-05	10.024147295173636
46449	182.2323602147421	4.6626342860552155e-05	0.5001477199213786	4.4134859442192315e-05	10.207402576016012
46620	181.7567994876148	4.6619456746637374e-05	0.5000588997651227	4.413140261575514e-05	9.91659300226713
46790	181.26979822777662	4.661671111415813e-05	0.4998365252270258	4.414763214672114e-05	9.985533196574355
46961	180.78648703544516	4.662433363961118e-05	0.49960131986561457	4.4184661967345125e-05	9.945872719556277
47131	180.2919792608739	4.664293295872018e-05	0.5013991428261974	4.4063197725296166e-05	9.941108153296154
47297	179.83396996957066	4.6577809477428756e-05	0.500367446250904	4.403255318749285e-05	10.14136168187914
47466	179.33649849050934	4.656070406336419e-05	0.49954512058151246	4.407452066904215e-05	9.64181014993737
47636	178.86768324409516	4.658189803149959e-05	0.49898660803941364	4.416580674240037e-05	9.5503372604678
47802	178.38139893616005	4.662917563073244e-05	0.501408875393548	4.4043566918053834e-05	9.747575014460104
47967	177.92080711116105	4.656361944083378e-05	0.4995260986058209	4.408711077030514e-05	9.451334361510947
48135	177.43394605356346	4.65857017034678e-05	0.5018643630295533	4.3925191535980256e-05	9.702077651078582
48300	176.96455668024095	4.6499091178575625e-05	0.49953016835510305	4.39683167266752e-05	9.916720792532393
48470	176.48438388713527	4.652095333157426e-05	0.500302770910792	4.394357292495588e-05	9.855785425876013
48644	175.98685634426457	4.6506874533816226e-05	0.49942897979359485	4.3995754463093354e-05	9.41470652255887
48818	175.48698472455436	4.653345366691274e-05	0.5001715253382436	4.398262520817815e-05	9.722568784614731
48987	174.98920808826833	4.652547405353303e-05	0.5013177072016226	4.386895618000733e-05	9.844064404281395
49154	174.5276265324364	4.646428801271852e-05	0.49888332627549525	4.396899167794523e-05	9.583651327099899
49326	174.03116359966492	4.6516260533011885e-05	0.5021377238506167	4.3783762437206066e-05	9.718596414699897
49493	173.55048819769928	4.641713934103212e-05	0.49815471730367616	4.394789806190293e-05	9.232182660906103
49661	173.07130489049848	4.6503029896856677e-05	0.5009826306677723	4.3863612694720497e-05	9.502845608611375
49830	172.59563191685612	4.6457401835830424e-05	0.4999579938841918	4.386921522454359e-05	9.65804904083506
50003	172.09900197790307	4.645935345380278e-05	0.5017085485176792	4.372183802483901e-05	9.599886331056203
50172	171.6151101766326	4.638017824866369e-05	0.498864632772255	4.382331741984035e-05	9.229119691936662
50345	171.11518002490973	4.643292663326325e-05	0.5004389041191998	4.3786926377753144e-05	9.254222717585417
50513	170.65140397151075	4.641256043772769e-05	0.49875894020088424	4.389781007675801e-05	9.134908282146988
50684	170.15290584252935	4.647026865192666e-05	0.5016405520379688	4.375631307915243e-05	9.374766026764767
50852	169.67278981698647	4.63942188523787e-05	0.49947165267684585	4.38045991931212e-05	8.901003827383565
51022	169.1891263383361	4.641875055732306e-05	0.5012286854507503	4.369923442291784e-05	9.277767726356753
51193	168.70275593813582	4.6361821414426006e-05	0.5004551953142814	4.366153875637921e-05	9.491309164973526
51360	168.21767151262483	4.634073212908047e-05	0.4986192026468231	4.378450818362016e-05	8.903048664327745
51530	167.74261955113235	4.640485212503472e-05	0.5014872394406164	4.365667990747728e-05	9.347331521033189
51699	167.2431396655191	4.6335990581102655e-05	0.49906922361932227	4.374023464960893e-05	9.000434521912902
51870	166.74841740584512	4.637917933468127e-05	0.5004642063843284	4.370179829695592e-05	8.736520444651788
52041	166.2663497427501	4.635766480315005e-05	0.5001329342611055	4.369228448083566e-05	9.286088781863583
52214	165.78159583783895	4.635150350977612e-05	0.4999445874051445	4.369923234788493e-05	8.978588626410609
52382	165.29155097759704	4.635407218036808e-05	0.49978704052705	4.3719996948891516e-05	9.22940762423264
52556	164.80677710165753	4.636394687362489e-05	0.5011064498394443	4.362560513232245e-05	9.133159128695416
52727	164.31498243204763	4.631273247563696e-05	0.5007777053479502	4.356003231857801e-05	9.101376503615633
52901	163.81610052093694	4.627675677821536e-05	0.5005137243236738	4.351753629205936e-05	9.144952095481143
53073	163.33051977379566	4.6253001586500834e-05	0.49907531498024366	4.360033300194385e-05	8.683350372508887
53247	162.81520044858587	4.629583045817432e-05	0.5013956855570856	4.3481291294842955e-05	9.11117475296556
53420	162.34307053203133	4.623135099447812e-05	0.4996974488316068	4.350973334315136e-05	8.933773572278808
53591	161.8331007925263	4.62453446947738e-05	0.5011210715444726	4.341472329955277e-05	8.969397904706877
53764	161.35464917624083	4.6193587374017476e-05	0.4993491225797424	4.3473502808928264e-05	9.00350865477917
53935	160.86526595055872	4.622368312315479e-05	0.49897744543215666	4.356486249730327e-05	8.693572406264506
54108	160.37438377799117	4.627102198371433e-05	0.5019834907812296	4.339497005255573e-05	9.032014406420835
54284	159.8657929232456	4.617951600026003e-05	0.49988836799853603	4.340703499026465e-05	8.975115272168429
54456	159.36923468104527	4.618467197543158e-05	0.49919135503223716	4.347967813820278e-05	9.038171978408284
54632	158.85044894681937	4.6222064339851e-05	0.4999251590373796	4.348864403539876e-05	8.604076858770311
54807	158.37292884942	4.6225524032035374e-05	0.4999081703103443	4.34988956491872e-05	8.654670906781586
54980	157.8773141513354	4.622976949235931e-05	0.5018362160784057	4.334209871136389e-05	8.647999363935373
55152	157.37730729459443	4.614511474171118e-05	0.4995401879707454	4.338440046687426e-05	8.71159856649764
55325	156.8869087367438	4.616634746627681e-05	0.5009336013622683	4.3305895520747455e-05	9.196591501363653
55498	156.40288375943803	4.612330676630559e-05	0.5002840149563282	4.328364581163116e-05	8.772470549826796
55668	155.91375404999727	4.611021263547815e-05	0.49893895253368714	4.337809067949764e-05	8.61292010719832
55844	155.40668858861218	4.6159215765543524e-05	0.5007003942046676	4.3319899718997035e-05	8.387998102797553
56016	154.91402226644036	4.612692004397576e-05	0.500202831837034	4.3304769360997495e-05	8.700123021977223
56193	154.39950288205858	4.6117566881628986e-05	0.5006445698737643	4.325155963370465e-05	8.416461359706165
56367	153.91481566529802	4.608786959724545e-05	0.4993117572600174	4.331361955773976e-05	8.238385381087769
56540	153.42472658739345	4.611962202272418e-05	0.49967218154003595	4.3344501907162984e-05	8.577597727725562
56715	152.92090994550315	4.6134748324617796e-05	0.5016143920303937	4.32075357647726e-05	8.774822731820768
56889	152.40607381340493	4.606044862951864e-05	0.5005228254786258	4.316502781534786e-05	8.56395068693847
57063	151.91990390174834	4.603638592266902e-05	0.4999042699645244	4.317577767941826e-05	8.465014221573165
57239	151.41080676763096	4.604079362046027e-05	0.5002613510292908	4.315585254694926e-05	8.25885792602105
57408	150.933741847088	4.6028765526784847e-05	0.4994966725934763	4.3201831218811624e-05	8.430917354984285
57583	150.42630168931026	4.605195057193506e-05	0.500577127728632	4.315464241931049e-05	7.757389193989399
57750	149.95068130244212	4.60253957004215e-05	0.49993940310134666	4.3162387301398436e-05	8.691490258872493
57927	149.44618964483996	4.6028184950192626e-05	0.5013539597565329	4.3048460772463585e-05	8.436091025031587
58101	148.94300051156486	4.596599092395165e-05	0.5004724562174458	4.3010497775023034e-05	8.845360452606927
58278	148.43964495054746	4.594428938407927e-05	0.4988629528781015	4.311121605653118e-05	8.418710558017791
58458	147.93530082481027	4.599661947569455e-05	0.5016632288988219	4.297100055010959e-05	8.413385638034665
58635	147.43033534716048	4.59203069041571e-05	0.4985964768701748	4.3094708094731393e-05	8.160848274680957
58809	146.9227576709715	4.598489312125154e-05	0.499523544010265	4.3138583938767944e-05	8.08642609930494
58985	146.43414771706335	4.6006818570028505e-05	0.5019514628204956	4.2973544502111846e-05	8.251008222129244
59160	145.92421131601617	4.591729992749331e-05	0.4994951018907519	4.301979038530576e-05	8.41038903832854
59339	145.40865309370778	4.594050105819838e-05	0.4999560845009921	4.3026454413853996e-05	7.9968629749485
59511	144.9235524221786	4.594251869113603e-05	0.5003131237859224	4.300222955932882e-05	8.270672536288323
59691	144.41331285070393	4.592813974897952e-05	0.5003705075742507	4.297325867546533e-05	8.005304373616463
59867	143.90305617056575	4.5911132476732595e-05	0.4990176374809539	4.306075452606012e-05	7.967746489176897
60044	143.40459737865436	4.5956300420334875e-05	0.5002985265424424	4.303790619621075e-05	8.08416099657093
60227	142.88294434835768	4.5942587385119e-05	0.5009404685311953	4.2960098915826155e-05	7.9012185632228356
60404	142.37407576398846	4.5899440685080376e-05	0.5002590611487493	4.294080996406853e-05	7.900773500222889
60585	141.85625731372122	4.5887554541907026e-05	0.5001816448050485	4.2928232484858865e-05	7.777370937341656
60765	141.33997232523572	4.587922157639923e-05	0.500337138132446	4.290232563148143e-05	7.950904371027264
60941	140.83635338412626	4.5863761759020674e-05	0.500248834966709	4.288396992573298e-05	7.848991806386402
61116	140.34749102982175	4.58523535093708e-05	0.5000182485308269	4.288530095151183e-05	8.100082758556779
61298	139.82458590158885	4.585151679418746e-05	0.5004857162756102	4.2846801498678776e-05	7.690271838339012
61475	139.31665047803085	4.582926217905033e-05	0.49942101127889676	4.289952861663533e-05	7.774966009117383
61656	138.80249443347563	4.5855819872082586e-05	0.500315418788767	4.287563271170247e-05	7.520870359573435
61836	138.27746569375006	4.5841362924550476e-05	0.5009679409352481	4.2795976420880855e-05	7.875395815980632
62016	137.76794139805043	4.579705551291644e-05	0.49955838590412227	4.2836945441131025e-05	7.7535241324637765
62199	137.23016134224542	4.581729354526833e-05	0.5020534822542663	4.2665068936967834e-05	8.33975178550714
62372	136.74655673249592	4.572349736055868e-05	0.4980895896851528	4.2831742911002997e-05	7.431220231968286
62549	136.2424666781623	4.581109911457125e-05	0.5002088862109918	4.2817023877866325e-05	7.612318360149144
62724	135.73773580885694	4.580153280495676e-05	0.5007531271234957	4.2755832316525664e-05	7.842282416362685
62904	135.22058877313435	4.576707734743098e-05	0.4996947665671369	4.27852546887743e-05	7.326236728616531
63081	134.71417105185952	4.578105338882012e-05	0.5008076079041993	4.271950739756182e-05	7.453488618377297
63261	134.19029230043523	4.574412497773915e-05	0.5003181822403645	4.269572260112062e-05	7.21067153640232
63441	133.659025802455	4.572957695258698e-05	0.5001248280082112	4.2688509972809826e-05	7.485959976640763
63623	133.14654291132723	4.5723869689196895e-05	0.5007297452352609	4.2629666264205964e-05	7.7377330713755486
63803	132.63552218539203	4.569053939265705e-05	0.5007898699552408	4.256581631655428e-05	7.797242076222515
63984	132.1047745743126	4.565449251125702e-05	0.4985137700675632	4.269627299747744e-05	7.225341560280542
64166	131.57923045673272	4.572249722815563e-05	0.5009711160652509	4.2617004000106204e-05	7.224224298862367
64350	131.04178365585338	4.5678159951073964e-05	0.5005200052468634	4.2576358569586675e-05	7.468194486016109
64532	130.52079441745389	4.5654425579625225e-05	0.4994034630475373	4.26307809874018e-05	6.86012465203475
64710	130.00445832974913	4.568168452540611e-05	0.5004264372971322	4.259800190572135e-05	7.509087908767957
64892	129.4800543966183	4.566221660321615e-05	0.5013232550890987	4.248916522948424e-05	7.1533395659451555
65069	128.9589372686139	4.560191351091422e-05	0.4986140422231342	4.2610924711988656e-05	7.089261687342311
65249	128.42867572280375	4.5665247535466914e-05	0.5027411137631058	4.238229426080262e-05	7.629470163222141
65427	127.91458242592121	4.554058622965607e-05	0.49897615929612865	4.2472893910075494e-05	7.489238010047419
65607	127.40109648617255	4.5587284264790244e-05	0.5012782938607748	4.236823688894502e-05	7.634931528258599
65786	126.88375300455132	4.552912181850264e-05	0.4983448475809723	4.251270083428323e-05	7.522714907966066
65967	126.35343044829537	4.560466706478787e-05	0.5005462026716144	4.247011628864369e-05	6.938754847962284
66149	125.81024251883741	4.55797780636021e-05	0.4999473224880944	4.247853810972037e-05	6.9908145716240995
66332	125.2849129597335	4.558217928264073e-05	0.5004478140312952	4.244441984613061e-05	7.158955114806965
66507	124.77500670529025	4.55617806443534e-05	0.5000589872578142	4.244321584552367e-05	6.941551487463815
66689	124.23299460523177	4.5559093317626774e-05	0.4996035979795937	4.248095436717802e-05	7.462095291909333
66870	123.70074948175497	4.5577163779727445e-05	0.5011929952759625	4.2383819669358846e-05	6.898311110298768
67049	123.18333034603711	4.55228875462926e-05	0.4994620517489796	4.243342522296127e-05	7.159494504674215
67230	122.63927565434601	4.554739628245124e-05	0.5024776538455573	4.222832704596219e-05	7.38088171373575
67407	122.13222278391322	4.543496328385009e-05	0.49755496824450274	4.243977199162179e-05	6.7480733595688065
67595	121.57927887758225	4.554646230691611e-05	0.5011082674616326	4.235022730604471e-05	6.7062032594995795
67772	121.06295101068395	4.549606840417585e-05	0.49942569968393163	4.2403003756654005e-05	6.687147718350468
67953	120.52391542235513	4.552221934053428e-05	0.5006162279684363	4.235508194024514e-05	6.814999929427661
68138	119.97080881698585	4.549419317888933e-05	0.4999052584974607	4.236752791169735e-05	6.693980914429098
68319	119.4292924560388	4.5498503979735214e-05	0.5001819963134843	4.235647931372239e-05	6.825436121531839
68504	118.88947046845858	4.549022567960348e-05	0.5010477427398576	4.227229348017616e-05	6.785301123059516
68688	118.34205841091384	4.544263840170433e-05	0.500073596010363	4.22705441609773e-05	6.834444727203914
68874	117.78358032103323	4.543929437397372e-05	0.49916179255487275	4.2346171256194004e-05	6.578997973111856
69055	117.25035303000323	4.5477429883725654e-05	0.5006126798240997	4.229879797764698e-05	6.54708374342413
69242	116.7013422762252	4.5449592360606345e-05	0.5000385327856156	4.230015663527593e-05	6.291385531038233
69426	116.14460921306247	4.544784116242476e-05	0.5014051720690593	4.218634426026756e-05	6.531755664464429
69609	115.58175714168613	4.538411341668317e-05	0.4991954855501159	4.2259161538654235e-05	6.570636473882106
69792	115.0548035910935	4.542066971274466e-05	0.4994503882091313	4.231027175903054e-05	6.124965386477909
69983	114.47183085643309	4.544565404778344e-05	0.5016140960735884	4.21792012923525e-05	6.1190478060232545
70163	113.94167933520465	4.537247751935903e-05	0.500691120957685	4.2125624574006535e-05	6.427262656557324
70343	113.4028997768452	4.5341152119965304e-05	0.5003579874573665	4.210029454193973e-05	6.610461408409694
70526	112.84793802968098	4.532492926705103e-05	0.5002160477535985	4.208708715828389e-05	6.649836430781327
70707	112.29527921301292	4.531514009018118e-05	0.5002388939503587	4.2071992528929105e-05	6.461464923042432
70895	111.72365981877088	4.530431845503437e-05	0.5005004270421114	4.203511629855851e-05	5.987748273847735
71073	111.18509867866544	4.528166395292565e-05	0.49800836680218435	4.220822487178021e-05	6.009990279333905
71256	110.63588135585975	4.53721187371119e-05	0.5007466245384784	4.215043712955753e-05	6.205133142047766
71439	110.0721865422811	4.53382806916604e-05	0.5021774669401706	4.1972945641149754e-05	6.380888381879668
71621	109.51799794769295	4.523987936639329e-05	0.4985311340557197	4.210191697934727e-05	6.021125305691353
71808	108.95584090911963	4.5306477455991914e-05	0.5009291080728823	4.202921336264567e-05	6.1913278377697365
71991	108.38836719864031	4.526444141700506e-05	0.5005388469426518	4.1989460917814326e-05	5.988761514576773
72174	107.83237611386788	4.524007050765355e-05	0.49991439363367224	4.200207814286624e-05	5.992495364893382
72354	107.2653995021219	4.5243943843082474e-05	0.4994431533302761	4.205451579425518e-05	5.592150393782457
72540	106.69259350132067	4.526915884582788e-05	0.5019000355672677	4.190103272423063e-05	6.30778575076305
72725	106.13374495169164	4.518339020186926e-05	0.5000218610731622	4.190483563843133e-05	6.273168309181414
72909	105.55697360096357	4.518240247685932e-05	0.4980429634691456	4.20754149140144e-05	6.028734542513204
73092	104.98340387274641	4.52710865109814e-05	0.5021509122332652	4.19010545739102e-05	6.044081091349928
73283	104.3994948208135	4.517402542000305e-05	0.5007956856094934	4.184053539903998e-05	5.967108299683595
73469	103.81889401192683	4.513812394180987e-05	0.49957615292435337	4.18821508601649e-05	6.190454487118834
73656	103.23446862826415	4.515726777558988e-05	0.49959510726164835	4.1922294528098006e-05	5.970172712700125
73844	102.65298738259646	4.51755627373919e-05	0.5009580917721301	4.184840541936279e-05	5.879133044545493
74030	102.0611265894852	4.513234250594517e-05	0.5000918837003605	4.1847124076222706e-05	5.59873524538532
74220	101.46053456711302	4.512819615077472e-05	0.5005563405012191	4.180717671323634e-05	5.9412672311592125
74415	100.84752256237375	4.5103110439864534e-05	0.4996911171979949	4.183985524680191e-05	5.741684156091348
74607	100.23491137589414	4.511704847315706e-05	0.5001263256523291	4.183618319446895e-05	5.4825161452510685
74796	99.63816887796088	4.511135011232852e-05	0.5008669955332218	4.177054555547592e-05	5.790320608045304
74987	99.02162269237488	4.507228956393109e-05	0.5001374907321144	4.176611220913381e-05	5.881837295921182
75182	98.40364003495912	4.506609381959773e-05	0.5006967286197275	4.1715223241307604e-05	5.836179898040612
75371	97.80537445157186	4.503472775889869e-05	0.49930264945900177	4.178053731627992e-05	5.956076839147493
75563	97.18295041956348	4.506616563932417e-05	0.5027267850985165	4.15612500928997e-05	5.781304538146136
75758	96.55518258306554	4.49437802415534e-05	0.49889239847031036	4.1661081335254666e-05	5.315746462985375
75944	95.95793337777756	4.499364289854132e-05	0.49912121024917755	4.174177762934666e-05	5.240204345715361
76131	95.34685042199025	4.503323504818641e-05	0.5000964312627297	4.1741308778737184e-05	5.856172631066011
76326	94.71671151809437	4.5028893064510266e-05	0.5014999941719628	4.162434067408063e-05	5.774114471350853
76523	94.08517579410298	4.4961501579744487e-05	0.4992264054675985	4.169686895505759e-05	5.463153776852902
76718	93.41688433023025	4.4996323964358535e-05	0.49994423024509316	4.17100715619779e-05	5.1507789283584495
76908	92.79282232922318	4.499883360826303e-05	0.5017807279718274	4.157021698440664e-05	5.478862954852718
77097	92.15444541322876	4.491891632971551e-05	0.5002847083747223	4.155498864877563e-05	5.540173357208051
77295	91.50694833083848	4.49061329970768e-05	0.5004010376056783	4.153024715235429e-05	5.651169563694824
77487	90.8804574649616	4.488813477524169e-05	0.4989626938164855	4.162511118287259e-05	5.228845031489761
77687	90.22396648649948	4.493477009021935e-05	0.5028829392715758	4.139544646903324e-05	5.293194845501631
77882	89.58512178709032	4.48057834008125e-05	0.4983199600052889	4.154392922214267e-05	5.364966335029586
78072	88.93297379767652	4.488124914045228e-05	0.4983552455558093	4.169029048701123e-05	4.974627964520076
78266	88.28650141611814	4.4955250395406164e-05	0.5017826849728023	4.1551411376391863e-05	5.30740268018134
78462	87.63467574990321	4.487532301071046e-05	0.5010954857975993	4.147004501846858e-05	4.957152070005088
78659	86.96553685456814	4.4826243366061164e-05	0.4988242850060616	4.1577657112512636e-05	4.879021422410305
78857	86.30208611069754	4.487903938037359e-05	0.5021843787064659	4.1406717457377684e-05	5.176567685080006
79046	85.66341369012245	4.478132660862593e-05	0.499748571201932	4.143722099544968e-05	5.430573542085775
79241	85.0042562857017	4.4792590171905345e-05	0.5017788792609947	4.13004008240449e-05	5.1003193445149675
79443	84.31233288306677	4.4713121547078944e-05	0.4980545038936189	4.14725249183605e-05	4.7034527380554305
79647	83.5929282125398	4.480036543262694e-05	0.5030425118150482	4.123305830895026e-05	4.882752673894897
79842	82.94042199393778	4.466467872105726e-05	0.4972610083029277	4.14707776123865e-05	4.594740078077472
80042	82.27098779193334	4.478751982740618e-05	0.5016553100828713	4.134491674967794e-05	4.768047402879619
80241	81.58538631153044	4.471356616803059e-05	0.50128538569462	4.1250225725412435e-05	5.037669400197514
80442	80.87035362949102	4.4656202567586004e-05	0.5001019746775511	4.125395104499853e-05	4.998598892035288
80637	80.20140518351931	4.465164946216886e-05	0.5000034888959283	4.1265102853096224e-05	4.836801499825463
80843	79.49858981255775	4.4651493678026136e-05	0.4998983443445745	4.1285805589695736e-05	4.363404469707564
81051	78.75395934524427	4.465603344713324e-05	0.4995475192911132	4.133640769897803e-05	4.075540255781055
81254	78.04479077669835	4.4676253165387556e-05	0.5011220795395445	4.125665697773708e-05	4.553806165696786
81462	77.31567560409145	4.4626207073615446e-05	0.5016600831705542	4.1133554241468855e-05	4.366725664377796
81665	76.59546652007873	4.4552307825803336e-05	0.4987596522637808	4.12493114913188e-05	4.627606959487799
81873	75.85727519838218	4.460767120604351e-05	0.5029539108534644	4.1021103698725705e-05	4.620508349738562
82083	75.10341383081129	4.447648510466643e-05	0.4989256923779581	4.112405626416186e-05	4.236448545697281
82280	74.40783110545455	4.452434366766821e-05	0.5007834295511091	4.107350238700976e-05	4.159275257785172
82479	73.67714013167097	4.448950291866196e-05	0.5012530838472463	4.0985492903793784e-05	4.36920345312194
82686	72.94078942349908	4.443385841021845e-05	0.5007459094923841	4.093959252861243e-05	4.145814951033653
82895	72.17568951233335	4.4400751810635816e-05	0.5025692963629423	4.0746170093918055e-05	4.070574595776034
83097	71.44341791325523	4.428711089920382e-05	0.4988175941424961	4.0858456344739226e-05	4.041871596279703
83312	70.63690378963025	4.433956929757625e-05	0.5028327412859593	4.064551157312561e-05	4.260240675918397
83522	69.87916000138692	4.4214497960935745e-05	0.49997619400073723	4.066433787438098e-05	4.1791281434478105
83739	69.07414566068552	4.4215550568829333e-05	0.5028728628334258	4.045005157359205e-05	4.153560571703093
83943	68.30035023781443	4.408907013810907e-05	0.5002230172481087	4.044982157916869e-05	4.034219264768311
84155	67.49978044100665	4.407924080305988e-05	0.500077764724137	4.046244190864927e-05	3.892960059942796
84356	66.73744972635724	4.40758133928509e-05	0.5033245489808278	4.021330866892061e-05	3.7769196274593666
84567	65.92276306442594	4.393000789707557e-05	0.5005972653889401	4.018534001322977e-05	3.8073152553094842
84776	65.11610880511434	4.390379350690825e-05	0.5022654002488307	4.002417186289759e-05	4.196266595150444
84995	64.2577603505575	4.380467054505833e-05	0.5029444047863857	3.981168838294685e-05	3.754993917094799
85209	63.414176100568206	4.367625873048091e-05	0.4985156006256426	3.995247752801924e-05	3.30014201745294
85437	62.51754567145548	4.374123645680604e-05	0.504790079974137	3.959713126692292e-05	3.5933369396274064
85652	61.65689179729547	4.3533205972370695e-05	0.5000988318701413	3.961296182935143e-05	4.071593455388128
85881	60.715600348243974	4.3528904141937616e-05	0.503305548098612	3.9379044156759484e-05	3.5208346568048956
86100	59.82490176931981	4.338572678525068e-05	0.5022289631355571	3.922996678766108e-05	3.700621644651215
86325	58.876890337628886	4.328934373159891e-05	0.5018793029987864	3.911119056487015e-05	3.4442436763551867
86553	57.92724700017336	4.3208218554795915e-05	0.5021537445361421	3.8972172120372987e-05	3.3946777530816656
86777	56.97503664699501	4.311545865452135e-05	0.502103624377504	3.8838753687939414e-05	3.0221804295543526
87000	55.98910894243641	4.3025045119009036e-05	0.5038395032804985	3.8574308918629406e-05	3.7425200011697943
87231	55.00332319561871	4.286079566856723e-05	0.5004787664565067	3.857019977783166e-05	3.4466295717527347
87450	54.0339758217721	4.2840290082207824e-05	0.5027201312447468	3.839489556273129e-05	3.1129121230130075
87681	52.993273748677936	4.272423219554735e-05	0.5031170215751618	3.819383498871979e-05	2.828558920409651
87906	51.95673076609156	4.2591679276508834e-05	0.5047977973464775	3.7868491487294436e-05	3.100990342747198
88134	50.901530014850266	4.238879198685373e-05	0.5028868035103519	3.769084688739048e-05	2.986690070822406
88364	49.80015805904921	4.226695121578101e-05	0.5079484466363491	3.714325350922397e-05	1
88605	48.657678713506	4.193494777447419e-05	0.5069123342877808	3.668220910610034e-05	1
88836	47.543504536572236	4.164805068645825e-05	0.5043157372879141	3.641482519113055e-05	1
89088	46.27730048566226	4.1469463913532994e-05	0.5045837730371145	3.6138570002818896e-05	1
89331	45.03393702887247	4.128067436847858e-05	0.5062334509741436	3.574964291581738e-05	1
89562	43.86305890238472	4.102573457947557e-05	0.5005956569555766	3.576253941249749e-05	1
89795	42.63183366278224	4.10013191280015e-05	0.5063255150304385	3.537672963454075e-05	1
90036	41.35027887975552	4.074439983402924e-05	0.5050622067413094	3.508839050811119e-05	1
90285	39.98783486546432	4.0539696330866577e-05	0.5091816337808308	3.4529771417748386e-05	1
90522	38.651493771988676	4.017252486831326e-05	0.5012810128089821	3.451933521273272e-05	1
90771	37.24485948906048	4.0121162023037284e-05	0.5128249143563794	3.374085386657808e-05	1
91017	35.77351299295443	3.961630321512501e-05	0.507917875834162	3.3309822112518696e-05	1
91266	34.26341978039188	3.930630323667163e-05	0.505721172996306	3.30377499673275e-05	1
91515	32.678871433610574	3.9083336706981746e-05	0.5076106223632787	3.2660702413377506e-05	1
91764	31.036849456728174	3.878924133729332e-05	0.5095111031624939	3.218345228744664e-05	1
92016	29.312742539989145	3.842549416770388e-05	0.5061178329601418	3.194927176213722e-05	1
92274	27.4224844318645	3.8192548926657394e-05	0.5170442322736514	3.1079031551591694e-05	1
92532	25.459335788097047	3.755776990102349e-05	0.5125396036386537	3.053462831509178e-05	1
92784	23.33539700476935	3.7095487658900033e-05	0.5182921790958559	2.971844043082702e-05	1
93045	20.995128634719524	3.643499876431477e-05	0.5322398995941484	2.8247934592993998e-05	1
93315	18.264936345128756	3.5314254867177914e-05	0.5787480909704908	2.4818993112661994e-05	1
93590	15.315146287030773	3.2823906243920585e-05	0.6280659738369884	2.0250507498890135e-05	1
93864	12.164173154599666	2.9286847972922315e-05	0.7368861337406553	1.4262474829839652e-05	1
94158	8.949817664882142	2.4124451217994105e-05	0.943346947464292	8.020891526364644e-06	1
94476	6.88934175663182	1.7563324310712082e-05	0.8379481726346826	5.102305623468916e-06	1
94779	6.488810920813818	1.3566978720257715e-05	0.29572703532005934	8.858606941413194e-06	1
95022	6.510467596165101	1.7640976898493005e-05	0.10752895775103471	4.141251416850146e-05	1
95217	6.58416561147032	3.804038601102229e-05	0.28062850034715037	7.379099273763444e-05	1
95403	6.672049757753919	5.077664823227442e-05	0.49843000950456473	7.394802322345471e-05	1
95586	6.633745652690946	5.0856555316751474e-05	0.5143622996727771	7.187321628714585e-05	1
95771	6.645125046883033	5.0141506493182634e-05	0.49248715931984965	7.298541326218739e-05	1
95957	6.626729512172569	5.052251069574488e-05	0.5158791312170518	7.075962817651545e-05	1
96146	6.649727643374471	4.9738873702234574e-05	0.48817174202254227	7.250433487987585e-05	1
96333	6.610268784981257	5.033784633792661e-05	0.5102587585524803	7.106089625654545e-05	1
96521	6.602377187091819	4.982925554574826e-05	0.4993582295390333	7.117090042273042e-05	1
96708	6.612661220152238	4.9861265307727104e-05	0.486315687051521	7.318711748163601e-05	1
96897	6.628698988226354	5.055791529876729e-05	0.5080201315810158	7.204505496450611e-05	1
97085	6.610683053864816	5.0157247881892415e-05	0.5055079430882895	7.128316598449918e-05	1
97272	6.589191533439816	4.9883246325801055e-05	0.4934007611575376	7.224996009731263e-05	1
97458	6.570015126012043	5.021573266168479e-05	0.5016629940071337	7.201490022103253e-05	1
97649	6.581379279414594	5.013243193462194e-05	0.49141705216153186	7.328173958642355e-05	1
97841	6.594368902709909	5.056833609452169e-05	0.498453884550798	7.351812340623357e-05	1
98036	6.57639991089101	5.064670237207216e-05	0.5219827296678989	7.042416211777602e-05	1
98222	6.580460573186312	4.9568766137336945e-05	0.48992049534261645	7.18974584418331e-05	1
98409	6.59383776695665	5.007607794080969e-05	0.47706129765316674	7.535918030805673e-05	1
98600	6.5952651972174445	5.126585635382968e-05	0.532618589035662	7.073639710699663e-05	1
98790	6.547791177672139	4.967124648064182e-05	0.48969061863434077	7.225235402218068e-05	1
98979	6.596858120826112	5.0191383707900456e-05	0.4963087539397696	7.279870967039824e-05	1
99170	6.6088145406217595	5.0377684615963776e-05	0.4934567265679865	7.376630249334813e-05	1
99360	6.617951991989919	5.0710590610504866e-05	0.48894538754773653	7.542710822958474e-05	1
99552	6.605301574984107	5.1280646772935526e-05	0.5186138803302507	7.271317640875991e-05	1
99741	6.574796847796943	5.035196551514893e-05	0.49877689530064645	7.290160786520756e-05	1
99932	6.588147645200156	5.0413664460300285e-05	0.4947171927935742	7.368690494204236e-05	1
100124	6.587931641659909	5.068211930597704e-05	0.4952622985519424	7.440442453873815e-05	1
100313	6.620089209724515	5.0923956044929415e-05	0.5083985435221667	7.31786799741132e-05	1
100505	6.61049460021443	5.0501582580470576e-05	0.5020758249294923	7.288287055255936e-05	1
100694	6.549907000471882	5.039707543183936e-05	0.4939285652565287	7.377875636197172e-05	1
100884	6.621399336900639	5.0705873117239136e-05	0.4916723978705506	7.50214238405202e-05	1
101075	6.583588467006516	5.113348034438485e-05	0.5182217395096359	7.237569926341598e-05	1
101262	6.573159401503422	5.022645675789062e-05	0.4965067140278169	7.29074091994474e-05	1
101453	6.561574808859457	5.040283689408043e-05	0.5070339127009044	7.190375391820734e-05	1
101643	6.555652067151136	5.005200501156522e-05	0.49347337847109896	7.287385429407264e-05	1
101832	6.556678133085472	5.0381908776892664e-05	0.49750990902831993	7.323294682003761e-05	1
102023	6.57621065475216	5.050783485986792e-05	0.491166088424683	7.453973424705472e-05	1
102212	6.569125587969364	5.09600173173038e-05	0.5131454035083235	7.262574500990636e-05	1
102405	6.598970741696331	5.03030533965711e-05	0.4936443648073326	7.355512188949303e-05	1
102597	6.603071765084445	5.062584182182026e-05	0.48783373630183136	7.538837681376622e-05	1
102788	6.585287360256861	5.125324234718858e-05	0.5173434651517883	7.284981003222441e-05	1
102980	6.615022292143596	5.038680988766067e-05	0.5006218011694249	7.276381686662094e-05	1
103170	6.59744937210058	5.0355508502182386e-05	0.49869186857564407	7.29558111020181e-05	1
103363	6.575346219072929	5.042150966080038e-05	0.5040159674716972	7.237673710027586e-05	1
103557	6.52134886648364	5.022023020741942e-05	0.5102586521790928	7.092271092526135e-05	1
103749	6.578405799125079	4.971283293713879e-05	0.483871623447605	7.328330993592096e-05	1
103942	6.568857934226534	5.053455408548149e-05	0.5006325112674496	7.317491400723891e-05	1
104134	6.6153464435939995	5.0502620704769665e-05	0.5004953701558152	7.31024884250757e-05	1
104329	6.5593858588539184	5.047762178772534e-05	0.5030365917079529	7.266344589130553e-05	1
104523	6.582587026652069	5.032503651803568e-05	0.5012514394438583	7.248315050457708e-05	1
104718	6.593244197530213	5.026217575739559e-05	0.48581275292663706	7.459988449039624e-05	1
104911	6.566638139253045	5.0990800628525315e-05	0.5121677394701912	7.282309557567845e-05	1
105108	6.5787025662146466	5.0381457068044496e-05	0.5018399093447199	7.256393916611168e-05	1
105301	6.568931771378579	5.0289014804369765e-05	0.5007683457689105	7.245371975434805e-05	1
105496	6.552348453362329	5.0250419928245004e-05	0.5048732406074893	7.176101001243178e-05	1
105691	6.568239424195935	5.0007313181450626e-05	0.4969794315078406	7.220273266092987e-05	1
105886	6.583839544446185	5.0159051547373126e-05	0.4968997822631468	7.26543351548637e-05	1
106083	6.572128047693498	5.03152824298391e-05	0.4945366705820703	7.345470784563827e-05	1
106279	6.563696307903989	5.059244481619835e-05	0.5021641857462985	7.313362528298834e-05	1
106471	6.5935937885793106	5.0483307530777236e-05	0.49237703234031804	7.426473223693949e-05	1
106666	6.60681642583119	5.087259716375746e-05	0.5108063916991962	7.268801305150345e-05	1
106863	6.609684972400414	5.033160164064448e-05	0.4965397680912897	7.318664834461892e-05	1
107062	6.575449933179737	5.050666984539336e-05	0.4963935988391022	7.371495207045425e-05	1
107259	6.569512985645441	5.0689808462778794e-05	0.5048744807510698	7.299986702866833e-05	1
107455	6.5882039210968015	5.044451404152983e-05	0.49767156416921987	7.333575045233778e-05	1
107647	6.60296413207495	5.056238268999969e-05	0.5017596947069818	7.307517574320009e-05	1
107845	6.54338833085657	5.047364249770179e-05	0.515736294394996	7.084657811168182e-05	1
108042	6.553960694278354	4.9697644109910125e-05	0.49391050497969485	7.172226931886027e-05	1
108238	6.58702149692171	5.000307035243733e-05	0.4788903077836036	7.488381801962615e-05	1
108436	6.599108955046587	5.1093264353549034e-05	0.49911712874824615	7.500701770796051e-05	1
108633	6.622989311860569	5.113843295370245e-05	0.5149426366139546	7.282596430890955e-05	1
108829	6.5871286918685445	5.0391001713172755e-05	0.5026587567870058	7.24418774275605e-05	1
109030	6.609461185739975	5.0257556258669494e-05	0.49900804075007194	7.25881220657322e-05	1
109228	6.587439900153236	5.030748400821276e-05	0.4936838186555211	7.350320093119377e-05	1
109429	6.553805281963369	5.0628277706771496e-05	0.5150758112806395	7.13540297275625e-05	1
109629	6.604913360296521	4.988185299936149e-05	0.4768881918896241	7.481096182487472e-05	1
109828	6.5783367882170465	5.107628431465237e-05	0.5154789084143008	7.254772732214706e-05	1
110026	6.610304096793177	5.0303574658808314e-05	0.4892673073338471	7.414945069373952e-05	1
110226	6.611321759127571	5.085231767528873e-05	0.5022689348636199	7.382018580890154e-05	1
110425	6.598769148353461	5.07373282863114e-05	0.5010060102214907	7.367081945728377e-05	1
110628	6.606156579430842	5.068636291009636e-05	0.4993240122167433	7.376600194026366e-05	1
110827	6.573320205204791	5.072066105381138e-05	0.5106064894951968	7.222925105537098e-05	1
111031	6.596466605059093	5.0191103280993215e-05	0.47433809322252657	7.613571146783814e-05	1
111232	6.5926440422303765	5.153090179560437e-05	0.5354222460410061	7.109765899095141e-05	1
111435	6.546287226809785	4.979715587852465e-05	0.5133425805055546	6.927109514677953e-05	1
111634	6.60429737858128	4.914574201866328e-05	0.46968451608290607	7.375353307693071e-05	1
111835	6.603359761362617	5.07069836761406e-05	0.49455220795822163	7.45636717682373e-05	1
112038	6.601868231013506	5.0985502827738886e-05	0.4993407951537652	7.466095494620377e-05	1
112240	6.623914876391516	5.101914598854995e-05	0.4819301714556365	7.745317396070335e-05	1
112444	6.586669589226936	5.1966818414869576e-05	0.5468336864169414	7.080984570093473e-05	1
112645	6.5698264395114165	4.969165949405338e-05	0.48437200875411734	7.310576590012174e-05	1
112849	6.5671275811287755	5.0486932423404544e-05	0.5119579337982032	7.138719886890158e-05	1
113050	6.594956735233168	4.9893830485939504e-05	0.4778814122408656	7.469479031579344e-05	1
113252	6.620706882746368	5.103543021820556e-05	0.49149855073616555	7.598795851086026e-05	1
113455	6.59941389533524	5.147491776973244e-05	0.5195171698908357	7.31456650694442e-05	1
113659	6.551932156686963	5.049875963250966e-05	0.5108044256642773	7.162060225054611e-05	1
113863	6.602479939310925	4.9961835766433184e-05	0.469902061344491	7.621741738874126e-05	1
114070	6.571231268549576	5.153706884159889e-05	0.5483098584224908	6.948605665018551e-05	1
114273	6.593057820524543	4.921434274289456e-05	0.46170749241659154	7.52664202084442e-05	1
114475	6.57487615681945	5.1214534604574e-05	0.530776743889707	7.089230094720535e-05	1
114679	6.556081565587724	4.970754218811283e-05	0.4814047931659198	7.364542550793588e-05	1
114883	6.59188834023653	5.0658472092312374e-05	0.5008237986440695	7.35106755727438e-05	1
115087	6.574780737549417	5.061679120960828e-05	0.5011713000176933	7.333321425761749e-05	1
115289	6.591985599043062	5.055760772332133e-05	0.49635412508476323	7.386617054105213e-05	1
115495	6.598901256931689	5.074294865000966e-05	0.4964652267731507	7.438061087062043e-05	1
115701	6.5876758524738595	5.0923270124893563e-05	0.5060361520157296	7.347750111245459e-05	1
115906	6.550025736892845	5.061864491326814e-05	0.5336021612562619	6.885470300994937e-05	1
116110	6.5904848446961575	4.899894472816085e-05	0.4557013761173323	7.556087711201885e-05	1
116318	6.588993704847939	5.1325307386256294e-05	0.528962767626414	7.141370696108661e-05	1
116524	6.637227576666176	4.990039795137221e-05	0.45622822154233844	7.829190566470144e-05	1
116727	6.571229938887613	5.223937087068764e-05	0.5525953718463188	7.08347099273875e-05	1
116929	6.562338926392721	4.969118098754618e-05	0.48770284422373245	7.264654341462689e-05	1
117133	6.582050910378612	5.0313748729752295e-05	0.48872243338177657	7.431029364852619e-05	1
117340	6.565895278536848	5.0890948051057136e-05	0.5172676851565804	7.18207649506906e-05	1
117546	6.572088160195136	5.0034304774828654e-05	0.5015333054307105	7.159677290813071e-05	1
117753	6.558614396388539	4.995776290178089e-05	0.5034470726702497	7.110106827726299e-05	1
117960	6.590066350061725	4.978644019814899e-05	0.4865800725005213	7.305640622286925e-05	1
118165	6.584889606484833	5.046832806477012e-05	0.49151333634741035	7.430635995981287e-05	1
118372	6.573579027787085	5.090216642922391e-05	0.5355403078718038	6.93687097395621e-05	1
118584	6.598918598623274	4.9184151865851175e-05	0.4635448859662813	7.484378713766985e-05	1
118791	6.583797514803701	5.108157646920365e-05	0.519572621417217	7.201103984579904e-05	1
118996	6.591451350441766	5.011020333669792e-05	0.4754529207216156	7.574524743686287e-05	1
119203	6.542869853662998	5.1387490248711955e-05	0.5514379972808181	6.866703361692282e-05	1
119412	6.566658690998987	4.8932123754299246e-05	0.44948849258817786	7.640710435165843e-05	1
119622	6.581672185173858	5.1608326768129785e-05	0.5317755324199348	7.182376594799541e-05	1
119830	6.560182284186002	5.0042685227216514e-05	0.4998618791646027	7.185137276252138e-05	1
120042	6.607411598089882	5.0049598597059224e-05	0.47492350158521857	7.563937051310274e-05	1
120253	6.594530021019479	5.135394011554973e-05	0.5249723011400584	7.202128881569554e-05	1
120465	6.566023245011904	5.0117636018951455e-05	0.5129478986770553	7.021198532162282e-05	1
120676	6.587094850912214	4.948105518168991e-05	0.47400328082458043	7.407076362090708e-05	1
120888	6.612485960715691	5.0819838515292576e-05	0.5022460234396894	7.373041963295114e-05	1
121101	6.601570743361259	5.070607908316558e-05	0.5019512736543605	7.343926842317243e-05	1
121315	6.580335720367966	5.0607426301075046e-05	0.5018131811566703	7.316826743980017e-05	1
121524	6.593317180961949	5.05159146849474e-05	0.49399366240785497	7.405904382458075e-05	1
121738	6.616504001725661	5.082209160335167e-05	0.48166616413149227	7.686255851065049e-05	1
