时间秒	晶中温度K	设定电流	电压差V	κ	时间常数
118	12.908248396507542	2e-05	0.1922860144024813	2.2882579441218177e-05	1
257	13.394336674008121	2.5909546300546032e-05	0.412860139849761	1.7885840195637862e-05	1
396	13.614188111111549	2.3333986395086733e-05	0.35738916584981484	1.6758269987579488e-05	1
535	13.847507450002007	2.2771106095010672e-05	0.31295230071195035	1.8225640098241178e-05	1
674	14.17197861061262	2.3949743168173584e-05	0.35404552725593824	1.7821132284705126e-05	1
813	14.454163853855825	2.3958330566543455e-05	0.3412280999323329	1.850380329212504e-05	1
952	14.791352273900625	2.465475266297519e-05	0.3835115899890468	1.7434740675733612e-05	1
1091	15.132019022034594	2.420947368747878e-05	0.3371672059118695	1.9121328128682756e-05	1
1231	15.376109861387155	2.564372601675225e-05	0.3778543839863401	1.9143902600601617e-05	1
1370	15.728462897083558	2.5864979375531986e-05	0.38575742687803305	1.907667416443642e-05	1
1509	16.07251237212324	2.611368335997827e-05	0.4017181302883722	1.867271720968275e-05	1
1648	16.34893245466353	2.6116760482920494e-05	0.3496191779361774	2.1460312914282598e-05	1
1787	16.794441323354565	2.823815947725015e-05	0.4512251697042619	1.943892040206349e-05	1
1926	17.110031414446134	2.7239084889924057e-05	0.42357692639762307	1.926838950236828e-05	1
2065	17.437619598726837	2.7372960683330333e-05	0.39069715569716335	2.1095799194072483e-05	1
2204	17.851836411329767	2.8914471112598312e-05	0.44749196210879805	2.055123625817925e-05	1
2343	18.2308582569543	2.8875804110472395e-05	0.4605659922563499	1.991448098101226e-05	1
2482	18.559638449029276	2.872511096685769e-05	0.4073723987123411	2.228047857275265e-05	1
2621	19.003654250854574	3.065636619268623e-05	0.4696020936199765	2.2014255920048696e-05	1
2761	19.410114086203038	3.083501949873471e-05	0.48625472070272513	2.1508855867241832e-05	1
2900	19.801006923466403	3.080323722092082e-05	0.4683309551945631	2.2286021328305112e-05	1
3039	20.254200121232866	3.166894315407624e-05	0.5160577823738776	2.1377725406463463e-05	1
3178	20.625175736128078	3.1369814983344446e-05	0.46073601182794854	2.3494404463925702e-05	1
3317	21.128858791806405	3.318598488697448e-05	0.5409893267837513	2.2393058277369588e-05	1
3456	21.524161369380543	3.2792036389787804e-05	0.5074388748586335	2.331018521152153e-05	1
3595	21.99047942974203	3.376833468458746e-05	0.5207743042060001	2.4085874820950734e-05	1
3734	22.50879270430396	3.46954259101273e-05	0.5914416977598234	2.238851000883211e-05	1
3873	22.888458532291207	3.3842493821546994e-05	0.5130329508931497	2.455682085671689e-05	1
4012	23.446223276760147	3.574110747202685e-05	0.5913710612806805	2.376121409486319e-05	1
4151	23.817546883349394	3.5583152646463274e-05	0.48655970096461465	2.8624993494661565e-05	1
4291	24.38105468368997	3.9363605843315385e-05	0.5643630706259792	3.0201175452464522e-05	1
4430	25.192543716176353	4.090833739811295e-05	0.8669220472865543	2.123421917007903e-05	1
4569	25.35184484863906	3.4868062839571205e-05	0.5204262936522293	2.5697394676534067e-05	1
4708	26.014438400862257	3.847893056459407e-05	0.6684843814584065	2.4363933583325986e-05	1
4847	26.4978608378438	3.7953741263846834e-05	0.6184964142362969	2.5619148099215342e-05	1
4986	27.066889843823365	3.927908942650363e-05	0.652298673421364	2.601770664182393e-05	1
5125	27.655247455492788	4.000620405475653e-05	0.6827679355118151	2.5785422946643828e-05	1
5264	28.201026012111008	4.0257756235571246e-05	0.6734111174375689	2.6473510529772627e-05	1
5403	28.803408853757208	4.1191905622619064e-05	0.7098624713909466	2.629312680874364e-05	1
5542	29.395923092925784	4.148744830767076e-05	0.7141669108121033	2.6511018294544764e-05	1
5681	29.988791500362584	4.208529906634388e-05	0.7213017329876559	2.701074388361837e-05	1
5820	30.60621882039222	4.2906334735611895e-05	0.7413331573237982	2.7316313812256963e-05	1
5959	31.25439686593663	4.3590268876113934e-05	0.7635635873384683	2.7373263070945782e-05	1
6098	31.888697962061133	4.409532101376379e-05	0.7792548103180958	2.7447210341434818e-05	1
6237	32.5570761270081	4.460064717424807e-05	0.8082543892534114	2.707241099202856e-05	1
6376	33.16573250995793	4.475688229477128e-05	0.786758280542456	2.8007285318986927e-05	1
6515	33.86366053200313	4.59466620911384e-05	0.8264036785664648	2.810013306181349e-05	1
6654	34.56732885338523	4.650448089137046e-05	0.8446935901686536	2.8163270622172483e-05	1
6793	35.25592120667098	4.703792080437769e-05	0.8658488716642614	2.8109092390230992e-05	1
6933	35.95539674076999	4.745840155769478e-05	0.8715127087148581	2.8427925852119117e-05	1
7072	36.66284524700619	4.819791943194735e-05	0.8964510825737138	2.850510675929955e-05	1
7211	37.40526072906399	4.873579788152717e-05	0.8983692685457884	2.908264881871135e-05	1
7350	38.16615616907443	4.9722961171139014e-05	0.937668040037742	2.9003976228941225e-05	1
7489	38.91662138151218	5.0158165434179156e-05	0.9384345996115674	2.9489809059045923e-05	1
7628	39.70501137724424	5.107133455373914e-05	0.9834522707921833	2.917385438643444e-05	1
7767	40.459471483914854	5.130896209886122e-05	0.9857992161975154	2.9375865827919227e-05	1
7906	41.246796314109346	5.167720248894638e-05	0.9838821435527311	2.9857098251468395e-05	1
8045	42.04574464336111	5.2098768308131805e-05	1.002349619810455	2.978710986802628e-05	1
8184	42.82646260309366	5.2037669806703296e-05	0.9923652133395816	3.0016277744948827e-05	1
8323	43.66415901704499	5.22374628238018e-05	1.0029499225206202	2.9927992485917666e-05	1
8462	44.47219239979346	5.216058463657092e-05	0.9872936299280236	3.0313162749869553e-05	1
8602	45.33264765844243	5.249516233111352e-05	0.9992250895037852	3.0336670954612506e-05	1
8741	46.17256091560868	5.251551368588187e-05	0.9976011795732187	3.0409618167844153e-05	1
8880	47.02440766946017	5.257861487840172e-05	0.9967823230931571	3.0507782354605553e-05	1
9019	47.90903327724076	5.266341006343585e-05	0.9950007655911339	3.066106420177553e-05	1
9158	48.79775263027229	5.279554406281542e-05	0.9872820259034178	3.1056034038216136e-05	1
9297	49.68304856124177	5.313450688259008e-05	0.992979139830418	3.1275615763207196e-05	1
9436	50.299502428601585	5.3322019810348513e-05	0.991033457414527	3.155858717908582e-05	1
9575	50.521074259254526	5.356269663512083e-05	1.0304343441233204	3.062649004186235e-05	1
9715	50.35192555517902	5.2765768898425345e-05	0.9927880264835838	3.084897201101445e-05	1
9854	50.062632965784786	5.295707696806267e-05	0.9995903904465616	3.0861613222624956e-05	1
9993	49.708001047927425	5.2967926163451164e-05	0.9981434268254705	3.0919016639500684e-05	1
10132	49.36201636674783	5.3017164149924716e-05	1.0006452563727732	3.089907881198443e-05	1
10271	49.06064751540076	5.300006759171027e-05	0.991532958090517	3.116293670307191e-05	1
10410	48.91183806511385	5.322587947355881e-05	1.012687096147977	3.0772522748249055e-05	1
10549	48.911217698296525	5.2891417716134644e-05	1.0134018757009633	3.036556719116383e-05	1
10688	49.05772126177197	5.2540518728764195e-05	0.982569782947213	3.0904234710009574e-05	1
10828	49.24858754430218	5.300448926957172e-05	0.8960046760148903	3.4491153380427214e-05	1
11163	49.341567428103254	5.599606591735402e-05	1.1474862331321478	3.0058010618812466e-05	1
11302	48.69655718232687	5.227376416417745e-05	0.9878345018253114	3.04281846435527e-05	1
11441	48.273808206972916	5.259466326500567e-05	1.0132004564919597	3.003175181040216e-05	1
11581	47.79933843405179	5.2250925881663625e-05	0.9819524564509237	3.058371269719727e-05	1
11720	47.37483426788945	5.272890590489267e-05	1.0015932158171186	3.0535063750653016e-05	1
11859	46.96539685948881	5.2686951766286514e-05	1.0301183961274334	2.9642285649343553e-05	1
11998	46.46587510456422	5.1911012712616324e-05	0.9668507504078083	3.065859506944657e-05	1
12137	46.06917501781092	5.2793418210164464e-05	1.0144904265059944	3.022068446228499e-05	1
12276	45.63597842309419	5.241502600511438e-05	1.0150473540800724	2.9772684339120018e-05	1
12415	45.18454855210995	5.202506768080873e-05	1.0008613264426602	2.9747062407676827e-05	1
12554	44.72886288088808	5.2002676860887584e-05	0.9862369935904332	3.0162184749713673e-05	1
12693	44.30303520489257	5.236427021766384e-05	1.0044173970551666	3.0029532381802275e-05	1
12832	43.85749765360788	5.224899510282233e-05	1.0049980533609526	2.9880189599747356e-05	1
12972	43.43030972319062	5.211891089330537e-05	1.017849228763061	2.9356203998954923e-05	1
13111	42.960701085189164	5.165990532402098e-05	0.9957509923307388	2.9481470995315115e-05	1
13250	42.50423564958232	5.177000798577135e-05	1.0009801753583418	2.9452602280320907e-05	1
13389	42.05131491491363	5.174465477912662e-05	0.9964926247251508	2.955626720111895e-05	1
13528	41.59678972437242	5.183563814519799e-05	1.0081060328100224	2.9318609589839472e-05	1
13667	41.13524387344165	5.162681613784508e-05	1.0077864413829238	2.9092085769289903e-05	1
13806	40.66855677047165	5.1426987758719115e-05	0.9990031793838849	2.9121114296384783e-05	1
13945	40.19126812911573	5.145263867814819e-05	1.0028660087180215	2.9037891446346594e-05	1
14084	39.718870916041794	5.1379064932170925e-05	1.0048616221480586	2.8897403190971988e-05	1
14224	39.23552150829361	5.107419351810726e-05	0.9912265766156283	2.894828120604626e-05	1
14363	38.738187725396955	5.080714225668294e-05	0.9793794050640391	2.8992873038148386e-05	1
14502	38.25134632428148	5.052297763597705e-05	0.9803233951283573	2.864185849362844e-05	1
14641	37.72950290432623	4.989966406816338e-05	0.9585196851662527	2.8575042995095535e-05	1
14780	37.22765192698708	4.9500279330587066e-05	0.948657152537818	2.8411796737908555e-05	1
14919	36.71475384981792	4.902931589595534e-05	0.9370447068244572	2.8219157311170674e-05	1
15058	36.173612343816515	4.852505010369108e-05	0.9189842351088318	2.8184907176514962e-05	1
15197	35.65283596508424	4.8136876483762055e-05	0.9127613021807585	2.7924877613506616e-05	1
15337	35.10601749504946	4.756815877576962e-05	0.8951252108361344	2.780619596138444e-05	1
15476	34.574188932732184	4.7101553774099624e-05	0.8883024864168069	2.747275890864449e-05	1
15615	34.001235011069646	4.6462310165701076e-05	0.8629763224505722	2.7516640152814843e-05	1
15754	33.437064542919224	4.6112504430885044e-05	0.8443863092540291	2.7700583793733162e-05	1
15893	32.90400105668197	4.588092810812269e-05	0.8611298813911477	2.6889852164091895e-05	1
16032	32.2891303595881	4.4842748578208415e-05	0.8196585383150626	2.6986351104208406e-05	1
16171	31.723393010375613	4.450142512358962e-05	0.8252631742851235	2.6396604013265585e-05	1
16310	31.10224052421662	4.362520756012312e-05	0.7964087282913426	2.6286434763487044e-05	1
16449	30.514446396625118	4.31057636026601e-05	0.8012632087696807	2.5508690764469788e-05	1
16588	29.837220197073737	4.2060118687975545e-05	0.7429020677933427	2.6194017042264674e-05	1
16727	29.226519705880957	4.2145760445041244e-05	0.7476854261474586	2.613253605741055e-05	1
16866	28.578081644867236	4.166323537513603e-05	0.747671583678655	2.5538053629399907e-05	1
17005	27.901177247962544	4.0727157057445e-05	0.7138154872278932	2.5560827508320197e-05	1
17145	27.232974137983557	4.0259871147397974e-05	0.720173738084188	2.475712252474793e-05	1
17284	26.53631247986926	3.914454790340745e-05	0.7015868423906404	2.4024469841466662e-05	1
17423	25.759193298657184	3.806456353941629e-05	0.643167948190118	2.4780496317888094e-05	1
17562	25.056687001262677	3.80885808075054e-05	0.6574905120869302	2.4271285400873814e-05	1
17701	24.334240076561144	3.717764484105063e-05	0.6904021153731673	2.202187637704795e-05	1
17841	23.45451465267588	3.489873749655225e-05	0.5828533081132473	2.2985441586929865e-05	1
17980	22.666914065130797	3.500364839747137e-05	0.6118026428404539	2.2029668505349278e-05	1
18120	21.801913906523108	3.368789244649365e-05	0.5698631299261456	2.1906339288821234e-05	1
18260	20.894177615818712	3.294624144593063e-05	0.5432339937540385	2.197948437843019e-05	1
18399	20.03203367362432	3.230688255222495e-05	0.5796589268184955	1.9806615117083872e-05	1
18539	18.998958920064446	3.0029030687968534e-05	0.5020724838950728	1.975644920370005e-05	1
18679	18.06712909293266	2.920740748304339e-05	0.5542972062220526	1.6929183595644465e-05	1
18818	16.876043750375402	2.6365514039972164e-05	0.4189947325463274	1.8249736912065356e-05	1
18958	15.865674658429068	2.6456798342720903e-05	0.4967522098855306	1.549984843710238e-05	1
19097	14.625990863083322	2.3641044458450308e-05	0.41554734621714395	1.4794677116619316e-05	1
19237	13.436382069098045	2.2176298380044796e-05	0.4162860958409197	1.2995078054002105e-05	1
19386	12.036970385897753	1.9920685557259055e-05	0.38321518326862664	1.1390913080610332e-05	1
19536	10.536855983758278	1.7652715694993703e-05	0.356771165492503	9.607845075593917e-06	1
19686	9.16660325504266	1.516848406429012e-05	0.39898086672106453	6.343442024412332e-06	1
19838	7.76556372159578	1.1495830895387532e-05	0.38825058950489855	3.744219447503171e-06	1
19991	6.594242909226087	8.129068870309588e-06	0.3750862215096841	1.9379527319209536e-06	1
20145	5.595500281722782	5.389242454119526e-06	0.2094869994125359	1.5250744791707994e-06	1
20303	5.0690981923691005	4.403912175515712e-06	0.15150068222936075	1.4081709983538668e-06	1
20451	4.798853656406509	4.027789000494557e-06	0.08002180544004692	2.23006623727396e-06	1
20600	4.721941430449596	4.931752757933866e-06	0.08775594004917465	3.0487285278848483e-06	1
20740	4.63094604444634	5.719964547333924e-06	0.02938603415886769	1.224724427612911e-05	1
20883	4.843308693780855	1.1353446356614301e-05	0.2517660760630323	5.631847658231428e-06	1
21025	4.831862793859329	7.873542682640854e-06	0.2508195619449385	2.7187648875598463e-06	1
21166	4.552369065619326	5.4640766718656385e-06	-0.023267573582568132	-1.411481396935762e-05	1
21307	4.57837599259766	nan	0.00743831828903069	nan	1
21447	4.568862198083586	nan	-0.0006849749501041824	nan	1
21588	4.549098651354939	nan	-0.019927293766470094	nan	1
21728	4.570074559344105	nan	0.0007011416753085787	nan	1
21869	4.592593305467076	nan	0.02408847372965921	nan	1
22010	4.534696854515295	nan	-0.03363429820563318	nan	1
22151	4.552612071910697	nan	-0.01658760312108643	nan	1
22292	4.592667210387694	nan	0.023641265266285467	nan	1
22434	4.644719010037964	nan	0.07551933500618033	nan	1
22576	4.541871561756198	nan	-0.02698066618019884	nan	1
22717	4.5335563008446345	nan	-0.03529592709176327	nan	1
22860	4.5669058373455735	nan	-0.0022938376862097166	nan	1
23002	4.629809962257447	nan	0.06043654458865017	nan	1
23144	4.539083452227177	nan	-0.02976877570921997	nan	1
23285	4.563687156225441	nan	-0.0055125188063420705	nan	1
23428	4.576964126170009	nan	0.007590708501212244	nan	1
23570	4.600990667187953	nan	0.031095945235727163	nan	1
23712	4.565375230279195	nan	-0.0043457108485530326	nan	1
23854	4.541724604798224	nan	-0.027822568235465937	nan	1
23997	4.605485517420624	nan	0.03541700191224623	nan	1
24140	4.599880738925139	nan	0.02963841712765599	nan	1
24283	4.602655549609112	nan	0.033282131940314964	nan	1
24426	4.484449694950193	nan	-0.08527124617755552	nan	1
24570	4.562681531243148	nan	-0.007560790554334709	nan	1
24713	4.5632808071693995	nan	-0.006440133958348948	nan	1
24857	4.597524257894428	nan	0.02745574238604985	nan	1
25001	4.520423297456018	nan	-0.04947142449620732	nan	1
25145	4.5924905475469044	nan	0.022943374513214012	nan	1
25290	4.555024599423157	nan	-0.014348818245640205	nan	1
25435	4.556095935969425	nan	-0.01379878598280075	nan	1
25579	4.5894620041096985	nan	0.019741062981950438	nan	1
25724	4.582824836677218	nan	0.01362516164543445	nan	1
25869	4.582665578913941	nan	0.013118405880250466	nan	1
26014	4.481685700717033	nan	-0.08786147231665666	nan	1
26160	4.59074956613471	nan	0.021723621013301705	nan	1
26306	4.5565050069759545	nan	-0.01321593415179395	nan	1
26453	4.650241391796467	nan	0.08104171676468287	nan	1
26600	4.556569373111332	nan	-0.011588113313427763	nan	1
26747	4.5480863123101	nan	-0.020939632811308534	nan	1
26893	4.593452220699064	nan	0.024947388961646534	nan	1
27041	4.557285052330232	nan	-0.011219779407184225	nan	1
27188	4.569045030250555	nan	-0.0001546447812289209	nan	1
27335	4.597778606987816	nan	0.028057665860068085	nan	1
27482	4.632833183181331	nan	0.06345976551253434	nan	1
27631	4.522872862965489	nan	-0.0459793649709087	nan	1
27779	4.628347727715632	nan	0.05932178259422388	nan	1
27927	4.539371358078451	nan	-0.029480869857946415	nan	1
28075	4.501491047022413	nan	-0.06822989410533521	nan	1
28224	4.631460000384915	nan	0.0622603253531316	nan	1
28373	4.575311701613723	nan	0.0062857564923142735	nan	1
28521	4.567998209749187	nan	-0.0013752079196096734	nan	1
28670	4.571830004561512	nan	0.002977776625115025	nan	1
28818	4.571859829349937	nan	0.0031813058744470444	nan	1
28967	4.549807797761892	nan	-0.020086924190333928	nan	1
29115	4.568383845171223	nan	-0.0016846703371553762	nan	1
29265	4.558214464325741	nan	-0.011332708707949344	nan	1
29416	4.497003474249733	nan	-0.07202247087167579	nan	1
29567	4.59200745817571	nan	0.02315523023931271	nan	1
29717	4.572719562975558	nan	0.004041039500068395	nan	1
29867	4.565057529208723	nan	-0.00431588846007366	nan	1
30017	4.554695177458046	nan	-0.014157050478351004	nan	1
30168	4.547246432111095	nan	-0.02247450901665349	nan	1
30319	4.550859137723622	nan	-0.019557003097168534	nan	1
30470	4.626276297871597	nan	0.05620778236321878	nan	1
30620	4.597741679808901	nan	0.027673164300522773	nan	1
30771	4.485861254084609	nan	-0.08403346786761677	nan	1
30925	4.572785430638123	nan	0.002369289817332518	nan	1
31076	4.595212041440032	nan	0.024448224364936166	nan	1
31228	4.568627391289702	nan	-0.0012673306625235893	nan	1
31380	4.567294780986055	nan	-0.0031213598347359195	nan	1
31533	4.582962815109468	nan	0.012546674288678056	nan	1
31686	4.631744982696572	nan	0.06132884187578215	nan	1
31838	4.435556049175542	nan	-0.134338672776684	nan	1
31991	4.5777220015350775	nan	0.00800106040732926	nan	1
32144	4.643980382487605	nan	0.07408566053537925	nan	1
32298	4.653202137318609	nan	0.08243832024351294	nan	1
32453	4.562677207113573	nan	-0.007565114683908805	nan	1
32607	4.53756734537406	nan	-0.03302262720552213	nan	1
32760	4.5995804047994095	nan	0.02933808300192694	nan	1
32915	4.540548634380179	nan	-0.030562909901235776	nan	1
33069	4.560014129378359	nan	-0.011619101269668945	nan	1
33224	4.700700413479632	nan	0.12976273917100228	nan	1
33378	4.502054359004063	nan	-0.06975279258646147	nan	1
33534	4.544848002877763	nan	-0.02678522777026484	nan	1
33690	4.58875041327308	nan	0.01798659619798382	nan	1
33846	4.598685808179325	nan	0.026704722900713795	nan	1
34002	4.580410269244668	nan	0.009124842249934498	nan	1
34157	4.595115123843725	nan	0.022612161014647036	nan	1
34314	4.570963550123399	nan	-0.0010175351552120305	nan	1
34470	4.570713784842384	nan	-0.0017891779866933799	nan	1
34628	4.565262302476207	nan	-0.008110711300224232	nan	1
34784	4.6202290728315365	nan	0.04790008193491097	nan	1
34940	4.523856773985688	nan	-0.04847221691093746	nan	1
35098	4.5343575826244304	nan	-0.037971408272195736	nan	1
35255	4.639822331875207	nan	0.06923235929562438	nan	1
35413	4.619945793372308	nan	0.047442830543229814	nan	1
35570	4.551285939648842	nan	-0.020521211941682813	nan	1
35727	4.602642936693767	nan	0.029791991746564567	nan	1
35886	4.6379349234194915	nan	0.06473594534142957	nan	1
36044	4.561347017489074	nan	-0.011503927458129448	nan	1
36203	4.6144823866116145	nan	0.04145743147621509	nan	1
36361	4.5528601490410425	nan	-0.01946884185558311	nan	1
36521	4.563075675457338	nan	-0.013257898043810732	nan	1
36679	4.550395486996635	nan	-0.02715821355075833	nan	1
36837	4.548116037014656	nan	-0.028566080302264422	nan	1
36996	4.604233657316265	nan	0.027900083815116286	nan	1
37157	4.5598760788701655	nan	-0.015760560331727486	nan	1
37314	4.5461487823781	nan	-0.028442838553385804	nan	1
37474	4.573931891020285	nan	-0.0024016824808634676	nan	1
37634	4.569716137215234	nan	-0.008186286127441598	nan	1
37794	4.597665016280255	nan	0.020285657948727033	nan	1
37955	4.566875952927341	nan	-0.009457620573807678	nan	1
38116	4.563888634147558	nan	-0.01558367502392949	nan	1
38276	4.577257796515457	nan	-0.003436251798720855	nan	1
38439	4.575874867930769	nan	-0.004819180383409014	nan	1
38600	4.5854576896576	nan	0.005810884737268962	nan	1
38762	4.597715611415094	nan	0.0177197765877749	nan	1
38925	4.564835540106442	nan	-0.01463676906504614	nan	1
39086	4.577665015544193	nan	-0.0012838831841396647	nan	1
39249	4.570389135724315	nan	-0.010130340005851873	nan	1
39411	4.5786070904424925	nan	-0.0012142230293670498	nan	1
39573	4.5763436695788355	nan	-0.005922108608345535	nan	1
39737	4.585641051731966	nan	0.004073948317589036	nan	1
39900	4.59481621097862	nan	0.0139475772701247	nan	1
40065	4.5876163903490905	nan	0.0025538607699879547	nan	1
40229	4.563246013983901	nan	-0.023216123814748243	nan	1
40391	4.591589743141035	nan	0.007751196516677652	nan	1
40554	4.588818230993326	nan	7.997519283117427e-05	nan	1
40717	4.602737111773892	nan	0.016274973975243023	nan	1
40881	4.556174487476691	nan	-0.030287650321957828	nan	1
41045	4.59548992322091	nan	0.00867775486882528	nan	1
41210	4.57777114811179	nan	-0.006591885610968733	nan	1
41375	4.602975267330402	nan	0.013711444774878796	nan	1
41540	4.599795716126448	nan	0.010356678908528334	nan	1
41705	4.602590917125866	nan	0.008240637766588321	nan	1
41871	4.604811017318801	nan	0.005539374301392233	nan	1
42036	4.605406841926744	nan	0.0015562736363203555	nan	1
42201	4.593562192380157	nan	-0.011522661695827835	nan	1
42368	4.623006443367123	nan	0.01598071128220196	nan	1
42533	4.600426397825216	nan	-0.011723740740834838	nan	1
42699	4.622628074874122	nan	0.011715864943122316	nan	1
42866	4.62064255406768	nan	0.009023034563399781	nan	1
43034	4.636683077742101	nan	0.021700987802719604	nan	1
43199	4.593470978111042	nan	-0.02452372404718635	nan	1
43367	4.314273849660967	nan	-0.30425288227661307	nan	1
43535	4.326012533243859	nan	-0.29730777144252196	nan	1
43701	4.8885962178190345	nan	0.26705242452790584	nan	1
43869	4.685419795633644	nan	0.06032166725273882	nan	1
44039	4.628616289152429	nan	0.00440723673817045	nan	1
44208	4.634139574334646	nan	0.00832994873829107	nan	1
44378	4.619217567972244	nan	-0.006769964778101336	nan	1
44546	4.649813912148348	nan	0.018661349528930237	nan	1
44714	4.662206114589868	nan	0.030875249963979164	nan	1
44883	4.654469481537107	nan	0.018676779116273048	nan	1
45053	4.685793546497306	nan	0.048571312567512084	nan	1
45225	4.606237251316374	nan	-0.03277308739753227	nan	1
45410	4.639776655699609	nan	-0.0010231116991760646	nan	1
45597	4.644465515258073	nan	0.009208669066345987	nan	1
45777	4.628396452043912	nan	-0.016882687840704326	nan	1
45950	4.65419881728598	nan	0.005150588471590902	nan	1
46121	4.656144608239402	nan	0.003501312570178001	nan	1
46292	4.646964762004724	nan	-0.012884686353615305	nan	1
46464	4.650102866843749	nan	-0.013538385001344801	nan	1
46637	4.6604023897810505	nan	-0.004865731961821611	nan	1
46808	4.667661042802711	nan	0.0013077366464914863	nan	1
46980	4.66386534724708	nan	-0.002668870018449052	nan	1
47153	4.689192609226268	nan	0.005956881901554914	nan	1
47327	4.709901878967796	nan	-0.01763175460655126	nan	1
47498	4.75314172066811	nan	0.00885926317963257	nan	1
47672	4.743381774116741	nan	-0.006695984065962177	nan	1
47845	4.752836278859768	nan	0.002571350531108756	nan	1
48018	4.540275884268567	nan	-0.2157983072971853	nan	1
48194	4.7012137133328045	nan	-0.0646355419947979	nan	1
48369	5.083028446930556	nan	0.31830903864670806	nan	1
48543	4.891355433735166	nan	0.1207929782654146	nan	1
48717	4.8002070224575215	nan	0.028889630143269916	nan	1
48893	4.797810497324	nan	0.022525947210338692	nan	1
49070	4.790452078805901	nan	0.010436516884600185	nan	1
49244	4.759499008341189	nan	-0.02392841634890278	nan	1
49421	4.774955086154365	nan	-0.012838698747473662	nan	1
49598	4.8069144564221	nan	0.019120671520261565	nan	1
49775	4.797558691964775	nan	0.005010244530688803	nan	1
49952	4.778921494297156	nan	-0.011914238994797701	nan	1
50129	4.794145517233653	nan	-0.002022491864610947	nan	1
50307	4.794698867454575	nan	-0.0037578636227186737	nan	1
50486	4.840858171586595	nan	0.0397286355106813	nan	1
50663	4.79208919950359	nan	-0.0019826396948377754	nan	1
50840	4.805868291078489	nan	0.002636704964612999	nan	1
51018	4.813377178269204	nan	0.007467720966450555	nan	1
51197	4.79602114434252	nan	-0.0171711618488393	nan	1
51377	4.822011461772337	nan	0.0011302834479214408	nan	1
51557	4.834570053012364	nan	0.01022125638129058	nan	1
51738	4.8349442621752585	nan	0.00847402985642975	nan	1
51920	4.411974032527639	nan	-0.4222254828205674	nan	1
52098	4.710708558378385	nan	-0.12949734964936663	nan	1
52280	5.182577702849887	nan	0.3410135497433895	nan	1
52460	4.895897989390619	nan	0.05258645687247419	nan	1
52638	4.8761227323603284	nan	0.026783268887338407	nan	1
52820	4.874337125687741	nan	0.023244948211624213	nan	1
53001	4.86488022814066	nan	0.010279011626471171	nan	1
53183	4.830474855254781	nan	-0.02842173622938499	nan	1
53367	4.857160437102798	nan	0.0008028933259619553	nan	1
53549	4.881818108091152	nan	0.030336275241565326	nan	1
53732	4.878513844661507	nan	0.019226406784978955	nan	1
53915	4.876850523178176	nan	0.01834471841903981	nan	1
54101	4.878730405135946	nan	0.018661095423613067	nan	1
54284	4.853792602362633	nan	-0.007645557773986713	nan	1
54470	4.855300605443474	nan	-0.009856696750817262	nan	1
54654	4.890428359519653	nan	0.024291438201225528	nan	1
54839	4.8642154760720135	nan	-0.004862549447533864	nan	1
55025	4.858607065489405	nan	-0.007529855829022685	nan	1
55211	4.863151849448593	nan	-0.008085130074904514	nan	1
55397	4.885212129026158	nan	0.014171493086821165	nan	1
55583	4.845954151078736	nan	-0.025871949286526138	nan	1
55769	4.883064286855527	nan	0.007897280682469194	nan	1
55958	4.853947159870203	nan	-0.022203292781964958	nan	1
56147	4.651725551473849	nan	-0.22757445969826195	nan	1
56334	5.013736741359731	nan	0.13286050389429999	nan	1
56522	4.9229144586390285	nan	0.04105258937086412	nan	1
56708	4.906582683434222	nan	0.028070423501293736	nan	1
56895	4.91929306226285	nan	0.03723402134749839	nan	1
57086	4.8739299894026455	nan	-0.007734723315952978	nan	1
57275	4.877081839121543	nan	-0.0035973172591039757	nan	1
57462	4.873299803070867	nan	-0.009548075440655515	nan	1
57653	4.866247717072885	nan	-0.015416995645713926	nan	1
57842	4.878304463056429	nan	-0.005924462866678288	nan	1
58032	4.9078300910689014	nan	0.02557386340716721	nan	1
58224	4.890628398236566	nan	0.004227758230873144	nan	1
58413	4.8967779697681335	nan	0.010574833951590082	nan	1
58607	4.890443560135482	nan	0.005425131738157836	nan	1
58796	4.9036433386529295	nan	0.014476050273148333	nan	1
58988	4.899580247750168	nan	0.013377111933624387	nan	1
59181	4.861564280831018	nan	-0.025428962549240337	nan	1
